"wu_name","node_name","start_blast","end_blast","start_blast_epoch","end_blast_epoch","ID","sent","received","diff_sent","diff_rec","diff_blast","diff_all","diff_server_client"
"blast500k_test_pub_fileFULL_gr_10","IS24T-06XX299-DT","Tue 11/17/2015-18:08:59.60","Tue 11/17/2015-18:23:38.66",1447758539,1447759418,18297,1447758559,1447759473,-20,55,879,914,35
"blast500k_test_pub_fileFULL_gr_100","IS24T-06XX258-DT","Tue 11/17/2015-17:43:44.25","Tue 11/17/2015-17:55:26.88",1447757024,1447757726,18387,1447756994,1447757743,30,17,702,749,47
"blast500k_test_pub_fileFULL_gr_1000","IS24T-06XX293-DT","Tue 11/17/2015-20:59:10.07","Tue 11/17/2015-21:15:05.30",1447768750,1447769705,19287,1447768745,1447769740,5,35,955,995,40
"blast500k_test_pub_fileFULL_gr_1001","IS24T-06XX275-DT","Tue 11/17/2015-20:14:31.35","Tue 11/17/2015-20:31:05.81",1447766071,1447767065,19288,1447766064,1447767096,7,31,994,1032,38
"blast500k_test_pub_fileFULL_gr_1002","IS24T-06XX296-DT","Tue 11/17/2015-20:18:45.76","Tue 11/17/2015-20:37:47.75",1447766325,1447767467,19289,1447766312,1447767494,13,27,1142,1182,40
"blast500k_test_pub_fileFULL_gr_1003","IS24T-06XX266-DT","Tue 11/17/2015-20:12:02.65","Tue 11/17/2015-20:32:12.72",1447765922,1447767132,19290,1447765909,1447767145,13,13,1210,1236,26
"blast500k_test_pub_fileFULL_gr_1004","IS24T-06XX209-DT","Tue 11/17/2015-20:14:38.46","Tue 11/17/2015-20:39:19.18",1447766078,1447767559,19291,1447766098,1447767627,-20,68,1481,1529,48
"blast500k_test_pub_fileFULL_gr_1005","IS24T-06XX255-DT","Tue 11/17/2015-20:21:43.66","Tue 11/17/2015-20:37:27.55",1447766503,1447767447,19292,1447766477,1447767464,26,17,944,987,43
"blast500k_test_pub_fileFULL_gr_1006","IS24T-06XX259-DT","Tue 11/17/2015-20:22:28.28","Tue 11/17/2015-20:32:42.66",1447766548,1447767162,19293,1447766536,1447767175,12,13,614,639,25
"blast500k_test_pub_fileFULL_gr_1007","IS24T-06XX282-DT","Tue 11/17/2015-20:10:43.06","Tue 11/17/2015-20:24:29.47",1447765843,1447766669,19294,1447765826,1447766693,17,24,826,867,41
"blast500k_test_pub_fileFULL_gr_1008","IS24T-06XX286-DT","Tue 11/17/2015-20:25:24.40","Tue 11/17/2015-20:44:57.60",1447766724,1447767897,19295,1447766711,1447767926,13,29,1173,1215,42
"blast500k_test_pub_fileFULL_gr_1009","IS24T-06XX276-DT","Tue 11/17/2015-20:13:16.63","Tue 11/17/2015-20:30:22.40",1447765996,1447767022,19296,1447765985,1447767039,11,17,1026,1054,28
"blast500k_test_pub_fileFULL_gr_101","IS24T-06XX277-DT","Tue 11/17/2015-18:18:35.31","Tue 11/17/2015-18:35:53.04",1447759115,1447760153,18388,1447759090,1447760170,25,17,1038,1080,42
"blast500k_test_pub_fileFULL_gr_1010","IS24T-06XX253-DT","Tue 11/17/2015-20:44:04.76","Tue 11/17/2015-21:01:24.12",1447767844,1447768884,19297,1447767821,1447768901,23,17,1040,1080,40
"blast500k_test_pub_fileFULL_gr_1011","IS24T-06XX296-DT","Tue 11/17/2015-20:13:02.07","Tue 11/17/2015-20:24:22.71",1447765982,1447766662,19298,1447765979,1447766691,3,29,680,712,32
"blast500k_test_pub_fileFULL_gr_1012","IS24T-06XX280-DT","Tue 11/17/2015-20:11:49.66","Tue 11/17/2015-20:24:12.02",1447765909,1447766652,19299,1447766051,1447766835,-142,183,743,784,41
"blast500k_test_pub_fileFULL_gr_1013","IS24T-06XX299-DT","Tue 11/17/2015-20:11:18.44","Tue 11/17/2015-20:25:54.25",1447765878,1447766754,19300,1447765904,1447766810,-26,56,876,906,30
"blast500k_test_pub_fileFULL_gr_1014","IS24T-06XX263-DT","Tue 11/17/2015-20:45:36.02","Tue 11/17/2015-21:02:09.41",1447767936,1447768929,19301,1447767912,1447768947,24,18,993,1035,42
"blast500k_test_pub_fileFULL_gr_1015","IS24T-06XX283-DT","Tue 11/17/2015-20:27:27.32","Tue 11/17/2015-20:48:25.11",1447766847,1447768105,19302,1447766833,1447768136,14,31,1258,1303,45
"blast500k_test_pub_fileFULL_gr_1016","IS24T-06XX289-DT","Tue 11/17/2015-20:36:17.28","Tue 11/17/2015-20:54:35.00",1447767377,1447768475,19303,1447767368,1447768506,9,31,1098,1138,40
"blast500k_test_pub_fileFULL_gr_1017","IS24T-06XX265-DT","Tue 11/17/2015-20:15:43.45","Tue 11/17/2015-20:33:06.42",1447766143,1447767186,19304,1447766120,1447767201,23,15,1043,1081,38
"blast500k_test_pub_fileFULL_gr_1018","IS24T-06XX262-DT","Tue 11/17/2015-20:10:57.83","Tue 11/17/2015-20:27:09.20",1447765857,1447766829,19305,1447765836,1447766849,21,20,972,1013,41
"blast500k_test_pub_fileFULL_gr_1019","IS24T-06XX256-DT","Tue 11/17/2015-20:46:00.85","Tue 11/17/2015-21:03:51.09",1447767960,1447769031,19306,1447767937,1447769047,23,16,1071,1110,39
"blast500k_test_pub_fileFULL_gr_102","IS24T-06XX284-DT","Tue 11/17/2015-17:45:30.06","Tue 11/17/2015-18:06:14.37",1447757130,1447758374,18389,1447757120,1447758435,10,61,1244,1315,71
"blast500k_test_pub_fileFULL_gr_1020","IS24T-06XX284-DT","Tue 11/17/2015-20:50:29.02","Tue 11/17/2015-21:19:39.47",1447768229,1447769979,19307,1447768241,1447770032,-12,53,1750,1791,41
"blast500k_test_pub_fileFULL_gr_1021","IS24T-06XX257-DT","Tue 11/17/2015-20:42:22.53","Tue 11/17/2015-20:58:15.34",1447767742,1447768695,19308,1447767718,1447768712,24,17,953,994,41
"blast500k_test_pub_fileFULL_gr_1022","IS24T-06XX273-DT","Tue 11/17/2015-20:12:45.11","Tue 11/17/2015-20:34:32.75",1447765965,1447767272,19309,1447765944,1447767289,21,17,1307,1345,38
"blast500k_test_pub_fileFULL_gr_1023","IS24T-06XX279-DT","Tue 11/17/2015-20:18:21.01","Tue 11/17/2015-20:33:37.59",1447766301,1447767217,19310,1447766304,1447767260,-3,43,916,956,40
"blast500k_test_pub_fileFULL_gr_1024","IS24T-06XX274-DT","Tue 11/17/2015-20:26:51.97","Tue 11/17/2015-20:42:58.42",1447766811,1447767778,19311,1447766796,1447767797,15,19,967,1001,34
"blast500k_test_pub_fileFULL_gr_1025","IS24T-06XX283-DT","Tue 11/17/2015-20:14:42.76","Tue 11/17/2015-20:26:55.63",1447766082,1447766815,19312,1447766075,1447766845,7,30,733,770,37
"blast500k_test_pub_fileFULL_gr_1026","IS24T-06XX256-DT","Tue 11/17/2015-20:21:44.17","Tue 11/17/2015-20:45:33.04",1447766504,1447767933,19313,1447766480,1447767948,24,15,1429,1468,39
"blast500k_test_pub_fileFULL_gr_1027","IS24T-06XX277-DT","Tue 11/17/2015-20:14:56.25","Tue 11/17/2015-20:28:15.17",1447766096,1447766895,19314,1447766073,1447766910,23,15,799,837,38
"blast500k_test_pub_fileFULL_gr_1028","IS24T-06XX279-DT","Tue 11/17/2015-20:23:10.85","Tue 11/17/2015-20:41:34.49",1447766590,1447767694,19315,1447766595,1447767740,-5,46,1104,1145,41
"blast500k_test_pub_fileFULL_gr_1029","IS24T-06XX274-DT","Tue 11/17/2015-20:12:58.52","Tue 11/17/2015-20:25:49.71",1447765978,1447766749,19316,1447765961,1447766767,17,18,771,806,35
"blast500k_test_pub_fileFULL_gr_103","IS24T-06XX298-DT","Tue 11/17/2015-17:54:40.86","Tue 11/17/2015-18:06:54.05",1447757680,1447758414,18390,1447757722,1447758482,-42,68,734,760,26
"blast500k_test_pub_fileFULL_gr_1030","IS24T-06XX292-DT","Tue 11/17/2015-20:13:39.89","Tue 11/17/2015-20:31:53.82",1447766019,1447767113,19317,1447766063,1447767199,-44,86,1094,1136,42
"blast500k_test_pub_fileFULL_gr_1031","IS24T-06XX271-DT","Tue 11/17/2015-20:38:47.59","Tue 11/17/2015-20:55:25.76",1447767527,1447768525,19318,1447767505,1447768544,22,19,998,1039,41
"blast500k_test_pub_fileFULL_gr_1032","IS24T-06XX293-DT","Tue 11/17/2015-20:20:28.53","Tue 11/17/2015-20:41:33.12",1447766428,1447767693,19319,1447766423,1447767726,5,33,1265,1303,38
"blast500k_test_pub_fileFULL_gr_1033","IS24T-06XX279-DT","Tue 11/17/2015-20:56:43.34","Tue 11/17/2015-21:09:41.92",1447768603,1447769381,19320,1447768615,1447769425,-12,44,778,810,32
"blast500k_test_pub_fileFULL_gr_1034","IS24T-06XX253-DT","Tue 11/17/2015-20:14:48.51","Tue 11/17/2015-20:29:31.54",1447766088,1447766971,19321,1447766061,1447766986,27,15,883,925,42
"blast500k_test_pub_fileFULL_gr_1035","IS24T-06XX277-DT","Tue 11/17/2015-20:33:26.61","Tue 11/17/2015-20:45:47.95",1447767206,1447767947,19322,1447767195,1447767964,11,17,741,769,28
"blast500k_test_pub_fileFULL_gr_1036","IS24T-06XX283-DT","Tue 11/17/2015-20:28:24.39","Tue 11/17/2015-20:44:25.71",1447766904,1447767865,19323,1447766904,1447767893,0,28,961,989,28
"blast500k_test_pub_fileFULL_gr_1037","IS24T-06XX276-DT","Tue 11/17/2015-20:20:22.83","Tue 11/17/2015-20:32:15.55",1447766422,1447767135,19324,1447766400,1447767151,22,16,713,751,38
"blast500k_test_pub_fileFULL_gr_1038","IS24T-06XX276-DT","Tue 11/17/2015-20:46:05.91","Tue 11/17/2015-20:56:51.89",1447767965,1447768611,19325,1447767942,1447768631,23,20,646,689,43
"blast500k_test_pub_fileFULL_gr_1039","IS24T-06XX283-DT","Tue 11/17/2015-20:45:17.67","Tue 11/17/2015-20:58:08.17",1447767917,1447768688,19326,1447767904,1447768718,13,30,771,814,43
"blast500k_test_pub_fileFULL_gr_104","IS24T-06XX253-DT","Tue 11/17/2015-18:13:46.79","Tue 11/17/2015-18:26:48.84",1447758826,1447759608,18391,1447758804,1447759625,22,17,782,821,39
"blast500k_test_pub_fileFULL_gr_1040","IS24T-06XX281-DT","Tue 11/17/2015-20:21:05.54","Tue 11/17/2015-20:30:54.78",1447766465,1447767054,19327,1447766456,1447767080,9,26,589,624,35
"blast500k_test_pub_fileFULL_gr_1041","IS24T-06XX277-DT","Tue 11/17/2015-20:21:26.62","Tue 11/17/2015-20:33:10.02",1447766486,1447767190,19328,1447766475,1447767207,11,17,704,732,28
"blast500k_test_pub_fileFULL_gr_1042","IS24T-06XX298-DT","Tue 11/17/2015-20:17:24.59","Tue 11/17/2015-20:30:41.25",1447766244,1447767041,19329,1447766275,1447767114,-31,73,797,839,42
"blast500k_test_pub_fileFULL_gr_1043","IS24T-06XX289-DT","Tue 11/17/2015-20:19:23.19","Tue 11/17/2015-20:35:46.91",1447766363,1447767346,19330,1447766364,1447767381,-1,35,983,1017,34
"blast500k_test_pub_fileFULL_gr_1044","IS24T-06XX265-DT","Tue 11/17/2015-20:18:22.98","Tue 11/17/2015-20:36:25.40",1447766302,1447767385,19331,1447766290,1447767402,12,17,1083,1112,29
"blast500k_test_pub_fileFULL_gr_1045","IS24T-06XX275-DT","Tue 11/17/2015-20:31:22.26","Tue 11/17/2015-20:50:02.87",1447767082,1447768202,19332,1447767083,1447768233,-1,31,1120,1150,30
"blast500k_test_pub_fileFULL_gr_1046","IS24T-06XX292-DT","Tue 11/17/2015-20:31:29.35","Tue 11/17/2015-20:45:49.50",1447767089,1447767949,19333,1447767131,1447768030,-42,81,860,899,39
"blast500k_test_pub_fileFULL_gr_1047","IS24T-06XX258-DT","Tue 11/17/2015-20:16:10.73","Tue 11/17/2015-20:28:48.19",1447766170,1447766928,19334,1447766147,1447766944,23,16,758,797,39
"blast500k_test_pub_fileFULL_gr_1048","IS24T-06XX253-DT","Tue 11/17/2015-20:30:01.84","Tue 11/17/2015-20:50:17.20",1447767001,1447768217,19335,1447766974,1447768233,27,16,1216,1259,43
"blast500k_test_pub_fileFULL_gr_1049","IS24T-06XX282-DT","Tue 11/17/2015-20:16:37.48","Tue 11/17/2015-20:30:10.80",1447766197,1447767010,19336,1447766179,1447767035,18,25,813,856,43
"blast500k_test_pub_fileFULL_gr_105","IS24T-06XX278-DT","Tue 11/17/2015-17:46:27.08","Tue 11/17/2015-18:03:40.28",1447757187,1447758220,18392,1447757158,1447758250,29,30,1033,1092,59
"blast500k_test_pub_fileFULL_gr_1050","IS24T-06XX266-DT","Tue 11/17/2015-20:38:38.50","Tue 11/17/2015-20:56:09.65",1447767518,1447768569,19337,1447767491,1447768589,27,20,1051,1098,47
"blast500k_test_pub_fileFULL_gr_1051","IS24T-06XX255-DT","Tue 11/17/2015-20:23:06.94","Tue 11/17/2015-20:42:29.84",1447766586,1447767749,19338,1447766572,1447767765,14,16,1163,1193,30
"blast500k_test_pub_fileFULL_gr_1052","IS24T-06XX264-DT","Tue 11/17/2015-20:27:42.20","Tue 11/17/2015-20:55:52.72",1447766862,1447768552,19339,1447766832,1447768564,30,12,1690,1732,42
"blast500k_test_pub_fileFULL_gr_1053","IS24T-06XX300-DT","Tue 11/17/2015-20:41:58.70","Tue 11/17/2015-21:00:33.08",1447767718,1447768833,19340,1447767716,1447768848,2,15,1115,1132,17
"blast500k_test_pub_fileFULL_gr_1054","IS24T-06XX284-DT","Tue 11/17/2015-20:53:34.87","Tue 11/17/2015-21:26:19.71",1447768414,1447770379,19341,1447768428,1447770443,-14,64,1965,2015,50
"blast500k_test_pub_fileFULL_gr_1055","IS24T-06XX289-DT","Tue 11/17/2015-20:16:10.36","Tue 11/17/2015-20:32:47.51",1447766170,1447767167,19342,1447766174,1447767199,-4,32,997,1025,28
"blast500k_test_pub_fileFULL_gr_1056","IS24T-06XX281-DT","Tue 11/17/2015-20:36:35.04","Tue 11/17/2015-20:55:57.43",1447767395,1447768557,19343,1447767380,1447768582,15,25,1162,1202,40
"blast500k_test_pub_fileFULL_gr_1057","IS24T-06XX281-DT","Tue 11/17/2015-20:16:16.23","Tue 11/17/2015-20:36:07.55",1447766176,1447767367,19344,1447766160,1447767392,16,25,1191,1232,41
"blast500k_test_pub_fileFULL_gr_1058","IS24T-06XX279-DT","Tue 11/17/2015-20:34:03.52","Tue 11/17/2015-20:53:16.14",1447767243,1447768396,19345,1447767247,1447768442,-4,46,1153,1195,42
"blast500k_test_pub_fileFULL_gr_1059","IS24T-06XX281-DT","Tue 11/17/2015-20:31:23.48","Tue 11/17/2015-20:39:34.74",1447767083,1447767574,19346,1447767069,1447767598,14,24,491,529,38
"blast500k_test_pub_fileFULL_gr_106","IS24T-06XX288-DT","Tue 11/17/2015-17:45:32.33","Tue 11/17/2015-18:12:32.15",1447757132,1447758752,18393,1447757076,1447758765,56,13,1620,1689,69
"blast500k_test_pub_fileFULL_gr_1060","IS24T-06XX264-DT","Tue 11/17/2015-20:57:34.84","Tue 11/17/2015-21:28:26.46",1447768654,1447770506,19347,1447768627,1447770524,27,18,1852,1897,45
"blast500k_test_pub_fileFULL_gr_1061","IS24T-06XX298-DT","Tue 11/17/2015-20:20:18.30","Tue 11/17/2015-20:43:30.77",1447766418,1447767810,19348,1447766457,1447767881,-39,71,1392,1424,32
"blast500k_test_pub_fileFULL_gr_1062","IS24T-06XX260-DT","Tue 11/17/2015-20:18:53.54","Tue 11/17/2015-20:38:41.62",1447766333,1447767521,19349,1447766315,1447767538,18,17,1188,1223,35
"blast500k_test_pub_fileFULL_gr_1063","IS24T-06XX258-DT","Tue 11/17/2015-20:30:23.31","Tue 11/17/2015-20:49:21.81",1447767023,1447768161,19350,1447767012,1447768177,11,16,1138,1165,27
"blast500k_test_pub_fileFULL_gr_1064","IS24T-06XX254-DT","Tue 11/17/2015-20:34:03.75","Tue 11/17/2015-21:00:01.77",1447767243,1447768801,19351,1447767211,1447768820,32,19,1558,1609,51
"blast500k_test_pub_fileFULL_gr_1065","IS24T-06XX283-DT","Tue 11/17/2015-20:58:39.46","Tue 11/17/2015-21:14:35.04",1447768719,1447769675,19352,1447768706,1447769702,13,27,956,996,40
"blast500k_test_pub_fileFULL_gr_1066","IS24T-06XX299-DT","Tue 11/17/2015-20:36:41.96","Tue 11/17/2015-20:55:26.64",1447767401,1447768526,19353,1447767413,1447768582,-12,56,1125,1169,44
"blast500k_test_pub_fileFULL_gr_1067","IS24T-06XX268-DT","Tue 11/17/2015-20:42:16.47","Tue 11/17/2015-20:59:13.30",1447767736,1447768753,19354,1447767712,1447768767,24,14,1017,1055,38
"blast500k_test_pub_fileFULL_gr_1068","IS24T-06XX257-DT","Tue 11/17/2015-20:29:05.81","Tue 11/17/2015-20:41:54.21",1447766945,1447767714,19355,1447766920,1447767730,25,16,769,810,41
"blast500k_test_pub_fileFULL_gr_1069","IS24T-06XX267-DT","Tue 11/17/2015-20:28:57.55","Tue 11/17/2015-20:49:09.53",1447766937,1447768149,19356,1447766914,1447768164,23,15,1212,1250,38
"blast500k_test_pub_fileFULL_gr_107","IS24T-06XX260-DT","Tue 11/17/2015-17:44:15.01","Tue 11/17/2015-17:57:02.00",1447757055,1447757822,18394,1447757011,1447757834,44,12,767,823,56
"blast500k_test_pub_fileFULL_gr_1070","IS24T-06XX254-DT","Tue 11/17/2015-21:01:37.86","Tue 11/17/2015-21:32:32.62",1447768897,1447770752,19357,1447768880,1447770768,17,16,1855,1888,33
"blast500k_test_pub_fileFULL_gr_1071","IS24T-06XX287-DT","Tue 11/17/2015-20:35:46.55","Tue 11/17/2015-20:44:11.08",1447767346,1447767851,19358,1447767351,1447767884,-5,33,505,533,28
"blast500k_test_pub_fileFULL_gr_1072","IS24T-06XX295-DT","Tue 11/17/2015-20:17:32.43","Tue 11/17/2015-20:31:12.96",1447766252,1447767072,19359,1447766271,1447767130,-19,58,820,859,39
"blast500k_test_pub_fileFULL_gr_1073","IS24T-06XX252-DT","Tue 11/17/2015-20:31:29.51","Tue 11/17/2015-20:49:57.08",1447767089,1447768197,19360,1447767065,1447768216,24,19,1108,1151,43
"blast500k_test_pub_fileFULL_gr_1074","IS24T-06XX295-DT","Tue 11/17/2015-20:58:59.91","Tue 11/17/2015-21:14:13.05",1447768739,1447769653,19361,1447768760,1447769713,-21,60,914,953,39
"blast500k_test_pub_fileFULL_gr_1075","IS24T-06XX259-DT","Tue 11/17/2015-20:19:44.19","Tue 11/17/2015-20:43:51.39",1447766384,1447767831,19362,1447766361,1447767848,23,17,1447,1487,40
"blast500k_test_pub_fileFULL_gr_1076","IS24T-06XX269-DT","Tue 11/17/2015-20:55:09.27","Tue 11/17/2015-21:08:34.66",1447768509,1447769314,19363,1447768499,1447769344,10,30,805,845,40
"blast500k_test_pub_fileFULL_gr_1077","IS24T-06XX285-DT","Tue 11/17/2015-20:24:01.04","Tue 11/17/2015-20:41:40.15",1447766641,1447767700,19364,1447766628,1447767728,13,28,1059,1100,41
"blast500k_test_pub_fileFULL_gr_1078","IS24T-06XX254-DT","Tue 11/17/2015-20:18:48.78","Tue 11/17/2015-20:35:22.88",1447766328,1447767322,19365,1447766299,1447767340,29,18,994,1041,47
"blast500k_test_pub_fileFULL_gr_1079","IS24T-06XX257-DT","Tue 11/17/2015-20:20:47.61","Tue 11/17/2015-20:32:21.97",1447766447,1447767141,19366,1447766423,1447767158,24,17,694,735,41
"blast500k_test_pub_fileFULL_gr_108","IS24T-06XX275-DT","Tue 11/17/2015-18:29:55.44","Tue 11/17/2015-18:45:00.44",1447759795,1447760700,18395,1447759783,1447760729,12,29,905,946,41
"blast500k_test_pub_fileFULL_gr_1080","IS24T-06XX287-DT","Tue 11/17/2015-20:34:29.70","Tue 11/17/2015-20:48:03.37",1447767269,1447768083,19367,1447767266,1447768114,3,31,814,848,34
"blast500k_test_pub_fileFULL_gr_1081","IS24T-06XX273-DT","Tue 11/17/2015-20:20:49.68","Tue 11/17/2015-20:32:39.34",1447766449,1447767159,19368,1447766430,1447767174,19,15,710,744,34
"blast500k_test_pub_fileFULL_gr_1082","IS24T-06XX293-DT","Tue 11/17/2015-20:42:01.28","Tue 11/17/2015-20:59:22.89",1447767721,1447768762,19369,1447767715,1447768798,6,36,1041,1083,42
"blast500k_test_pub_fileFULL_gr_1083","IS24T-06XX297-DT","Tue 11/17/2015-20:34:32.29","Tue 11/17/2015-20:56:38.23",1447767272,1447768598,19370,1447767261,1447768633,11,35,1326,1372,46
"blast500k_test_pub_fileFULL_gr_1084","IS24T-06XX288-DT","Tue 11/17/2015-20:23:29.20","Tue 11/17/2015-20:40:38.30",1447766609,1447767638,19371,1447766575,1447767649,34,11,1029,1074,45
"blast500k_test_pub_fileFULL_gr_1085","IS24T-06XX291-DT","Tue 11/17/2015-20:21:31.88","Tue 11/17/2015-20:39:13.89",1447766491,1447767553,19372,1447766490,1447767580,1,27,1062,1090,28
"blast500k_test_pub_fileFULL_gr_1086","IS24T-06XX288-DT","Tue 11/17/2015-20:35:37.19","Tue 11/17/2015-21:01:21.69",1447767337,1447768881,19373,1447767276,1447768885,61,4,1544,1609,65
"blast500k_test_pub_fileFULL_gr_1087","IS24T-06XX266-DT","Tue 11/17/2015-20:27:16.44","Tue 11/17/2015-20:38:06.67",1447766836,1447767486,19374,1447766808,1447767503,28,17,650,695,45
"blast500k_test_pub_fileFULL_gr_1088","IS24T-06XX209-DT","Tue 11/17/2015-20:31:55.90","Tue 11/17/2015-21:05:39.52",1447767115,1447769139,19375,1447767130,1447769209,-15,70,2024,2079,55
"blast500k_test_pub_fileFULL_gr_1089","IS24T-06XX262-DT","Tue 11/17/2015-20:40:32.05","Tue 11/17/2015-20:56:08.62",1447767632,1447768568,19376,1447767600,1447768592,32,24,936,992,56
"blast500k_test_pub_fileFULL_gr_109","IS24T-06XX209-DT","Tue 11/17/2015-18:04:29.92","Tue 11/17/2015-18:39:36.33",1447758269,1447760376,18396,1447758292,1447760445,-23,69,2107,2153,46
"blast500k_test_pub_fileFULL_gr_1090","IS24T-06XX297-DT","Tue 11/17/2015-20:31:01.10","Tue 11/17/2015-20:51:06.37",1447767061,1447768266,19377,1447767049,1447768298,12,32,1205,1249,44
"blast500k_test_pub_fileFULL_gr_1091","IS24T-06XX296-DT","Tue 11/17/2015-20:24:52.31","Tue 11/17/2015-20:41:33.71",1447766692,1447767693,19378,1447766679,1447767721,13,28,1001,1042,41
"blast500k_test_pub_fileFULL_gr_1092","IS24T-06XX280-DT","Tue 11/17/2015-20:36:34.45","Tue 11/17/2015-20:49:14.05",1447767394,1447768154,19379,1447767533,1447768336,-139,182,760,803,43
"blast500k_test_pub_fileFULL_gr_1093","IS24T-06XX264-DT","Tue 11/17/2015-20:36:03.97","Tue 11/17/2015-20:56:50.93",1447767363,1447768610,19380,1447767341,1447768626,22,16,1247,1285,38
"blast500k_test_pub_fileFULL_gr_1094","IS24T-06XX263-DT","Tue 11/17/2015-20:27:38.56","Tue 11/17/2015-20:45:04.81",1447766858,1447767904,19381,1447766832,1447767923,26,19,1046,1091,45
"blast500k_test_pub_fileFULL_gr_1095","IS24T-06XX271-DT","Tue 11/17/2015-20:25:29.36","Tue 11/17/2015-20:39:17.41",1447766729,1447767557,19382,1447766690,1447767571,39,14,828,881,53
"blast500k_test_pub_fileFULL_gr_1096","IS24T-06XX272-DT","Tue 11/17/2015-20:49:17.59","Tue 11/17/2015-21:09:30.34",1447768157,1447769370,19383,1447768142,1447769388,15,18,1213,1246,33
"blast500k_test_pub_fileFULL_gr_1097","IS24T-06XX300-DT","Tue 11/17/2015-20:21:57.17","Tue 11/17/2015-20:36:52.99",1447766517,1447767412,19384,1447766512,1447767438,5,26,895,926,31
"blast500k_test_pub_fileFULL_gr_1098","IS24T-06XX265-DT","Tue 11/17/2015-20:33:33.93","Tue 11/17/2015-20:50:11.97",1447767213,1447768211,19385,1447767189,1447768227,24,16,998,1038,40
"blast500k_test_pub_fileFULL_gr_1099","IS24T-06XX274-DT","Tue 11/17/2015-20:26:24.41","Tue 11/17/2015-20:38:51.71",1447766784,1447767531,19386,1447766755,1447767550,29,19,747,795,48
"blast500k_test_pub_fileFULL_gr_11","IS24T-06XX278-DT","Tue 11/17/2015-18:03:59.09","Tue 11/17/2015-18:16:46.93",1447758239,1447759006,18298,1447758238,1447759039,1,33,767,801,34
"blast500k_test_pub_fileFULL_gr_110","IS24T-06XX293-DT","Tue 11/17/2015-18:00:56.56","Tue 11/17/2015-18:14:57.42",1447758056,1447758897,18397,1447758052,1447758922,4,25,841,870,29
"blast500k_test_pub_fileFULL_gr_1100","IS24T-06XX278-DT","Tue 11/17/2015-20:38:53.56","Tue 11/17/2015-20:55:46.54",1447767533,1447768546,19387,1447767526,1447768577,7,31,1013,1051,38
"blast500k_test_pub_fileFULL_gr_1101","IS24T-06XX292-DT","Tue 11/17/2015-20:32:10.85","Tue 11/17/2015-20:47:05.78",1447767130,1447768025,19388,1447767187,1447768113,-57,88,895,926,31
"blast500k_test_pub_fileFULL_gr_1102","IS24T-06XX285-DT","Tue 11/17/2015-20:34:35.79","Tue 11/17/2015-20:57:30.71",1447767275,1447768650,19389,1447767254,1447768676,21,26,1375,1422,47
"blast500k_test_pub_fileFULL_gr_1103","IS24T-06XX295-DT","Tue 11/17/2015-20:31:38.44","Tue 11/17/2015-20:43:59.96",1447767098,1447767839,19390,1447767118,1447767901,-20,62,741,783,42
"blast500k_test_pub_fileFULL_gr_1104","IS24T-06XX255-DT","Tue 11/17/2015-20:37:57.82","Tue 11/17/2015-20:53:02.41",1447767477,1447768382,19391,1447767452,1447768398,25,16,905,946,41
"blast500k_test_pub_fileFULL_gr_1105","IS24T-06XX291-DT","Tue 11/17/2015-20:39:41.67","Tue 11/17/2015-20:57:17.21",1447767581,1447768637,19392,1447767568,1447768664,13,27,1056,1096,40
"blast500k_test_pub_fileFULL_gr_1106","IS24T-06XX292-DT","Tue 11/17/2015-20:47:23.77","Tue 11/17/2015-21:00:05.17",1447768043,1447768805,19393,1447768099,1447768887,-56,82,762,788,26
"blast500k_test_pub_fileFULL_gr_1107","IS24T-06XX271-DT","Tue 11/17/2015-20:25:29.42","Tue 11/17/2015-20:38:10.71",1447766729,1447767490,19394,1447766702,1447767505,27,15,761,803,42
"blast500k_test_pub_fileFULL_gr_1108","IS24T-06XX288-DT","Tue 11/17/2015-20:30:11.37","Tue 11/17/2015-20:49:01.06",1447767011,1447768141,19395,1447766967,1447768155,44,14,1130,1188,58
"blast500k_test_pub_fileFULL_gr_1109","IS24T-06XX271-DT","Tue 11/17/2015-20:39:30.46","Tue 11/17/2015-20:49:14.55",1447767570,1447768154,19396,1447767559,1447768172,11,18,584,613,29
"blast500k_test_pub_fileFULL_gr_111","IS24T-06XX209-DT","Tue 11/17/2015-17:42:31.64","Tue 11/17/2015-17:56:48.75",1447756951,1447757808,18398,1447756939,1447757875,12,67,857,936,79
"blast500k_test_pub_fileFULL_gr_1110","IS24T-06XX292-DT","Tue 11/17/2015-21:00:31.95","Tue 11/17/2015-21:13:59.11",1447768831,1447769639,19397,1447768875,1447769721,-44,82,808,846,38
"blast500k_test_pub_fileFULL_gr_1111","IS24T-06XX262-DT","Tue 11/17/2015-20:27:46.94","Tue 11/17/2015-20:43:31.03",1447766866,1447767811,19398,1447766849,1447767839,17,28,945,990,45
"blast500k_test_pub_fileFULL_gr_1112","IS24T-06XX258-DT","Tue 11/17/2015-20:50:15.96","Tue 11/17/2015-21:09:10.08",1447768215,1447769350,19399,1447768177,1447769365,38,15,1135,1188,53
"blast500k_test_pub_fileFULL_gr_1113","IS24T-06XX284-DT","Tue 11/17/2015-20:59:38.39","Tue 11/17/2015-21:28:01.06",1447768778,1447770481,19400,1447768789,1447770545,-11,64,1703,1756,53
"blast500k_test_pub_fileFULL_gr_1114","IS24T-06XX262-DT","Tue 11/17/2015-20:38:45.39","Tue 11/17/2015-20:59:39.65",1447767525,1447768779,19401,1447767497,1447768805,28,26,1254,1308,54
"blast500k_test_pub_fileFULL_gr_1115","IS24T-06XX294-DT","Tue 11/17/2015-20:30:12.45","Tue 11/17/2015-20:42:28.58",1447767012,1447767748,19402,1447766999,1447767774,13,26,736,775,39
"blast500k_test_pub_fileFULL_gr_1116","IS24T-06XX254-DT","Tue 11/17/2015-20:35:55.51","Tue 11/17/2015-20:59:17.54",1447767355,1447768757,19403,1447767328,1447768773,27,16,1402,1445,43
"blast500k_test_pub_fileFULL_gr_1117","IS24T-06XX255-DT","Tue 11/17/2015-21:19:08.36","Tue 11/17/2015-21:35:58.13",1447769948,1447770958,19404,1447769921,1447770974,27,16,1010,1053,43
"blast500k_test_pub_fileFULL_gr_1118","IS24T-06XX280-DT","Tue 11/17/2015-20:24:44.51","Tue 11/17/2015-20:35:53.85",1447766684,1447767353,19405,1447766823,1447767533,-139,180,669,710,41
"blast500k_test_pub_fileFULL_gr_1119","IS24T-06XX256-DT","Tue 11/17/2015-20:42:40.50","Tue 11/17/2015-21:04:13.29",1447767760,1447769053,19406,1447767737,1447769070,23,17,1293,1333,40
"blast500k_test_pub_fileFULL_gr_112","IS24T-06XX297-DT","Tue 11/17/2015-18:00:37.30","Tue 11/17/2015-18:21:09.72",1447758037,1447759269,18399,1447758018,1447759304,19,35,1232,1286,54
"blast500k_test_pub_fileFULL_gr_1120","IS24T-06XX275-DT","Tue 11/17/2015-20:30:11.87","Tue 11/17/2015-20:53:30.17",1447767011,1447768410,19407,1447766999,1447768440,12,30,1399,1441,42
"blast500k_test_pub_fileFULL_gr_1121","IS24T-06XX298-DT","Tue 11/17/2015-20:43:59.15","Tue 11/17/2015-21:05:02.87",1447767839,1447769102,19408,1447767869,1447769164,-30,62,1263,1295,32
"blast500k_test_pub_fileFULL_gr_1122","IS24T-06XX286-DT","Tue 11/17/2015-20:45:35.01","Tue 11/17/2015-21:00:04.43",1447767935,1447768804,19409,1447767926,1447768835,9,31,869,909,40
"blast500k_test_pub_fileFULL_gr_1123","IS24T-06XX282-DT","Tue 11/17/2015-20:30:26.31","Tue 11/17/2015-20:40:49.09",1447767026,1447767649,19410,1447767023,1447767676,3,27,623,653,30
"blast500k_test_pub_fileFULL_gr_1124","IS24T-06XX275-DT","Tue 11/17/2015-20:50:35.23","Tue 11/17/2015-21:15:22.26",1447768235,1447769722,19411,1447768222,1447769748,13,26,1487,1526,39
"blast500k_test_pub_fileFULL_gr_1125","IS24T-06XX253-DT","Tue 11/17/2015-21:08:51.01","Tue 11/17/2015-21:25:00.28",1447769331,1447770300,19412,1447769305,1447770317,26,17,969,1012,43
"blast500k_test_pub_fileFULL_gr_1126","IS24T-06XX289-DT","Tue 11/17/2015-20:33:13.60","Tue 11/17/2015-20:47:37.02",1447767193,1447768057,19413,1447767188,1447768089,5,32,864,901,37
"blast500k_test_pub_fileFULL_gr_1127","IS24T-06XX259-DT","Tue 11/17/2015-20:59:07.89","Tue 11/17/2015-21:17:25.42",1447768747,1447769845,19414,1447768733,1447769861,14,16,1098,1128,30
"blast500k_test_pub_fileFULL_gr_1128","IS24T-06XX295-DT","Tue 11/17/2015-20:51:07.43","Tue 11/17/2015-21:06:04.00",1447768267,1447769164,19415,1447768288,1447769222,-21,58,897,934,37
"blast500k_test_pub_fileFULL_gr_1129","IS24T-06XX273-DT","Tue 11/17/2015-20:33:02.87","Tue 11/17/2015-20:44:26.79",1447767182,1447767866,19416,1447767162,1447767886,20,20,684,724,40
"blast500k_test_pub_fileFULL_gr_113","IS24T-06XX253-DT","Tue 11/17/2015-18:00:55.76","Tue 11/17/2015-18:13:18.02",1447758055,1447758798,18400,1447758041,1447758816,14,18,743,775,32
"blast500k_test_pub_fileFULL_gr_1130","IS24T-06XX298-DT","Tue 11/17/2015-21:39:56.74","Tue 11/17/2015-21:57:49.58",1447771196,1447772269,19417,1447771239,1447772341,-43,72,1073,1102,29
"blast500k_test_pub_fileFULL_gr_1131","IS24T-06XX268-DT","Tue 11/17/2015-20:29:30.39","Tue 11/17/2015-21:01:03.33",1447766970,1447768863,19418,1447766954,1447768878,16,15,1893,1924,31
"blast500k_test_pub_fileFULL_gr_1132","IS24T-06XX278-DT","Tue 11/17/2015-20:33:39.28","Tue 11/17/2015-20:44:50.74",1447767219,1447767890,19419,1447767209,1447767925,10,35,671,716,45
"blast500k_test_pub_fileFULL_gr_1133","IS24T-06XX277-DT","Tue 11/17/2015-20:42:52.03","Tue 11/17/2015-20:50:34.30",1447767772,1447768234,19420,1447767746,1447768252,26,18,462,506,44
"blast500k_test_pub_fileFULL_gr_1134","IS24T-06XX293-DT","Tue 11/17/2015-20:32:04.15","Tue 11/17/2015-20:45:48.11",1447767124,1447767948,19421,1447767116,1447767983,8,35,824,867,43
"blast500k_test_pub_fileFULL_gr_1135","IS24T-06XX255-DT","Tue 11/17/2015-20:42:56.05","Tue 11/17/2015-20:54:15.09",1447767776,1447768455,19422,1447767752,1447768469,24,14,679,717,38
"blast500k_test_pub_fileFULL_gr_1136","IS24T-06XX285-DT","Tue 11/17/2015-20:56:50.09","Tue 11/17/2015-21:10:35.46",1447768610,1447769435,19423,1447768592,1447769462,18,27,825,870,45
"blast500k_test_pub_fileFULL_gr_1137","IS24T-06XX259-DT","Tue 11/17/2015-20:44:21.46","Tue 11/17/2015-20:58:42.60",1447767861,1447768722,19424,1447767836,1447768733,25,11,861,897,36
"blast500k_test_pub_fileFULL_gr_1138","IS24T-06XX267-DT","Tue 11/17/2015-20:34:16.39","Tue 11/17/2015-20:51:45.37",1447767256,1447768305,19425,1447767229,1447768320,27,15,1049,1091,42
"blast500k_test_pub_fileFULL_gr_1139","IS24T-06XX296-DT","Tue 11/17/2015-20:41:51.73","Tue 11/17/2015-20:52:01.19",1447767711,1447768321,19426,1447767709,1447768347,2,26,610,638,28
"blast500k_test_pub_fileFULL_gr_114","IS24T-06XX278-DT","Tue 11/17/2015-18:05:07.40","Tue 11/17/2015-18:17:19.71",1447758307,1447759039,18401,1447758304,1447759075,3,36,732,771,39
"blast500k_test_pub_fileFULL_gr_1140","IS24T-06XX282-DT","Tue 11/17/2015-20:41:20.86","Tue 11/17/2015-20:52:47.33",1447767680,1447768367,19427,1447767665,1447768390,15,23,687,725,38
"blast500k_test_pub_fileFULL_gr_1141","IS24T-06XX291-DT","Tue 11/17/2015-20:40:22.89","Tue 11/17/2015-20:58:15.69",1447767622,1447768695,19428,1447767619,1447768724,3,29,1073,1105,32
"blast500k_test_pub_fileFULL_gr_1142","IS24T-06XX281-DT","Tue 11/17/2015-20:39:50.50","Tue 11/17/2015-20:56:59.54",1447767590,1447768619,19429,1447767586,1447768649,4,30,1029,1063,34
"blast500k_test_pub_fileFULL_gr_1143","IS24T-06XX300-DT","Tue 11/17/2015-21:11:24.25","Tue 11/17/2015-21:27:19.88",1447769484,1447770439,19430,1447769481,1447770465,3,26,955,984,29
"blast500k_test_pub_fileFULL_gr_1144","IS24T-06XX264-DT","Tue 11/17/2015-20:36:43.78","Tue 11/17/2015-21:06:53.64",1447767403,1447769213,19431,1447767378,1447769229,25,16,1810,1851,41
"blast500k_test_pub_fileFULL_gr_1145","IS24T-06XX280-DT","Tue 11/17/2015-21:01:13.75","Tue 11/17/2015-21:24:04.42",1447768873,1447770244,19432,1447769023,1447770421,-150,177,1371,1398,27
"blast500k_test_pub_fileFULL_gr_1146","IS24T-06XX271-DT","Tue 11/17/2015-20:49:44.53","Tue 11/17/2015-21:05:14.32",1447768184,1447769114,19433,1447768160,1447769131,24,17,930,971,41
"blast500k_test_pub_fileFULL_gr_1147","IS24T-06XX273-DT","Tue 11/17/2015-20:34:54.01","Tue 11/17/2015-20:48:53.05",1447767294,1447768133,19434,1447767278,1447768151,16,18,839,873,34
"blast500k_test_pub_fileFULL_gr_1148","IS24T-06XX288-DT","Tue 11/17/2015-21:05:17.02","Tue 11/17/2015-21:22:15.08",1447769117,1447770135,19435,1447769084,1447770146,33,11,1018,1062,44
"blast500k_test_pub_fileFULL_gr_1149","IS24T-06XX297-DT","Tue 11/17/2015-20:31:45.54","Tue 11/17/2015-20:56:47.64",1447767105,1447768607,19436,1447767099,1447768633,6,26,1502,1534,32
"blast500k_test_pub_fileFULL_gr_115","IS24T-06XX286-DT","Tue 11/17/2015-17:56:40.15","Tue 11/17/2015-18:15:01.35",1447757800,1447758901,18402,1447757797,1447758932,3,31,1101,1135,34
"blast500k_test_pub_fileFULL_gr_1150","IS24T-06XX259-DT","Tue 11/17/2015-20:33:07.90","Tue 11/17/2015-20:46:55.62",1447767187,1447768015,19437,1447767164,1447768033,23,18,828,869,41
"blast500k_test_pub_fileFULL_gr_1151","IS24T-06XX276-DT","Tue 11/17/2015-20:32:30.31","Tue 11/17/2015-20:45:36.94",1447767150,1447767936,19438,1447767139,1447767954,11,18,786,815,29
"blast500k_test_pub_fileFULL_gr_1152","IS24T-06XX296-DT","Tue 11/17/2015-20:38:19.05","Tue 11/17/2015-20:54:06.16",1447767499,1447768446,19439,1447767482,1447768474,17,28,947,992,45
"blast500k_test_pub_fileFULL_gr_1153","IS24T-06XX279-DT","Tue 11/17/2015-20:42:00.80","Tue 11/17/2015-20:56:25.40",1447767720,1447768585,19440,1447767729,1447768627,-9,42,865,898,33
"blast500k_test_pub_fileFULL_gr_1154","IS24T-06XX263-DT","Tue 11/17/2015-20:38:39.40","Tue 11/17/2015-20:51:55.83",1447767519,1447768315,19441,1447767494,1447768329,25,14,796,835,39
"blast500k_test_pub_fileFULL_gr_1155","IS24T-06XX260-DT","Tue 11/17/2015-20:39:04.36","Tue 11/17/2015-20:53:51.83",1447767544,1447768431,19442,1447767525,1447768449,19,18,887,924,37
"blast500k_test_pub_fileFULL_gr_1156","IS24T-06XX274-DT","Tue 11/17/2015-20:43:26.05","Tue 11/17/2015-21:00:21.05",1447767806,1447768821,19443,1447767785,1447768836,21,15,1015,1051,36
"blast500k_test_pub_fileFULL_gr_1157","IS24T-06XX292-DT","Tue 11/17/2015-20:46:18.17","Tue 11/17/2015-21:02:05.98",1447767978,1447768925,19444,1447768018,1447769009,-40,84,947,991,44
"blast500k_test_pub_fileFULL_gr_1158","IS24T-06XX269-DT","Tue 11/17/2015-21:09:04.79","Tue 11/17/2015-21:22:30.32",1447769344,1447770150,19445,1447769332,1447770183,12,33,806,851,45
"blast500k_test_pub_fileFULL_gr_1159","IS24T-06XX266-DT","Tue 11/17/2015-20:56:46.30","Tue 11/17/2015-21:13:14.84",1447768606,1447769594,19446,1447768576,1447769615,30,21,988,1039,51
"blast500k_test_pub_fileFULL_gr_116","IS24T-06XX258-DT","Tue 11/17/2015-17:43:44.29","Tue 11/17/2015-17:56:24.94",1447757024,1447757784,18403,1447756982,1447757790,42,6,760,808,48
"blast500k_test_pub_fileFULL_gr_1160","IS24T-06XX258-DT","Tue 11/17/2015-20:50:16.52","Tue 11/17/2015-21:02:44.18",1447768216,1447768964,19447,1447768189,1447768979,27,15,748,790,42
"blast500k_test_pub_fileFULL_gr_1161","IS24T-06XX287-DT","Tue 11/17/2015-20:44:34.35","Tue 11/17/2015-20:51:50.06",1447767874,1447768310,19448,1447767872,1447768343,2,33,436,471,35
"blast500k_test_pub_fileFULL_gr_1162","IS24T-06XX281-DT","Tue 11/17/2015-20:56:25.81","Tue 11/17/2015-21:18:52.93",1447768585,1447769932,19449,1447768570,1447769959,15,27,1347,1389,42
"blast500k_test_pub_fileFULL_gr_1163","IS24T-06XX280-DT","Tue 11/17/2015-20:53:48.81","Tue 11/17/2015-21:05:33.99",1447768428,1447769133,19450,1447768566,1447769315,-138,182,705,749,44
"blast500k_test_pub_fileFULL_gr_1164","IS24T-06XX252-DT","Tue 11/17/2015-21:17:52.35","Tue 11/17/2015-21:36:46.67",1447769872,1447771006,19451,1447769859,1447771024,13,18,1134,1165,31
"blast500k_test_pub_fileFULL_gr_1165","IS24T-06XX262-DT","Tue 11/17/2015-20:56:50.74","Tue 11/17/2015-21:15:01.93",1447768610,1447769701,19452,1447768579,1447769729,31,28,1091,1150,59
"blast500k_test_pub_fileFULL_gr_1166","IS24T-06XX253-DT","Tue 11/17/2015-21:01:54.02","Tue 11/17/2015-21:17:22.06",1447768914,1447769842,19453,1447768889,1447769859,25,17,928,970,42
"blast500k_test_pub_fileFULL_gr_1167","IS24T-06XX260-DT","Tue 11/17/2015-20:39:47.20","Tue 11/17/2015-20:57:48.79",1447767587,1447768668,19454,1447767576,1447768685,11,17,1081,1109,28
"blast500k_test_pub_fileFULL_gr_1168","IS24T-06XX209-DT","Tue 11/17/2015-21:06:13.11","Tue 11/17/2015-21:42:16.60",1447769173,1447771336,19455,1447769197,1447771407,-24,71,2163,2210,47
"blast500k_test_pub_fileFULL_gr_1169","IS24T-06XX257-DT","Tue 11/17/2015-20:43:15.40","Tue 11/17/2015-21:02:07.71",1447767795,1447768927,19456,1447767784,1447768944,11,17,1132,1160,28
"blast500k_test_pub_fileFULL_gr_117","IS24T-06XX266-DT","Tue 11/17/2015-17:45:59.38","Tue 11/17/2015-18:04:11.25",1447757159,1447758251,18404,1447757114,1447758266,45,15,1092,1152,60
"blast500k_test_pub_fileFULL_gr_1170","IS24T-06XX284-DT","Tue 11/17/2015-20:37:30.46","Tue 11/17/2015-20:58:55.42",1447767450,1447768735,19457,1447767451,1447768800,-1,65,1285,1349,64
"blast500k_test_pub_fileFULL_gr_1171","IS24T-06XX209-DT","Tue 11/17/2015-20:50:01.27","Tue 11/17/2015-21:10:55.03",1447768201,1447769455,19458,1447768220,1447769526,-19,71,1254,1306,52
"blast500k_test_pub_fileFULL_gr_1172","IS24T-06XX272-DT","Tue 11/17/2015-20:46:50.14","Tue 11/17/2015-20:56:50.23",1447768010,1447768610,19459,1447767986,1447768625,24,15,600,639,39
"blast500k_test_pub_fileFULL_gr_1173","IS24T-06XX274-DT","Tue 11/17/2015-21:42:43.25","Tue 11/17/2015-22:03:12.03",1447771363,1447772592,19460,1447771342,1447772601,21,9,1229,1259,30
"blast500k_test_pub_fileFULL_gr_1174","IS24T-06XX297-DT","Tue 11/17/2015-21:30:17.79","Tue 11/17/2015-21:55:36.66",1447770617,1447772136,19461,1447770578,1447772172,39,36,1519,1594,75
"blast500k_test_pub_fileFULL_gr_1175","IS24T-06XX289-DT","Tue 11/17/2015-20:55:03.63","Tue 11/17/2015-21:08:35.40",1447768503,1447769315,19462,1447768494,1447769347,9,32,812,853,41
"blast500k_test_pub_fileFULL_gr_1176","IS24T-06XX285-DT","Tue 11/17/2015-20:42:00.84","Tue 11/17/2015-20:56:16.41",1447767720,1447768576,19463,1447767716,1447768604,4,28,856,888,32
"blast500k_test_pub_fileFULL_gr_1177","IS24T-06XX255-DT","Tue 11/17/2015-20:53:32.31","Tue 11/17/2015-21:09:10.17",1447768412,1447769350,19464,1447768386,1447769366,26,16,938,980,42
"blast500k_test_pub_fileFULL_gr_1178","IS24T-06XX296-DT","Tue 11/17/2015-20:54:20.92","Tue 11/17/2015-21:16:36.16",1447768460,1447769796,19465,1447768462,1447769822,-2,26,1336,1360,24
"blast500k_test_pub_fileFULL_gr_1179","IS24T-06XX267-DT","Tue 11/17/2015-20:52:14.84","Tue 11/17/2015-21:03:58.60",1447768334,1447769038,19466,1447768320,1447769054,14,16,704,734,30
"blast500k_test_pub_fileFULL_gr_118","IS24T-06XX276-DT","Tue 11/17/2015-17:58:35.10","Tue 11/17/2015-18:17:39.65",1447757915,1447759059,18405,1447757902,1447759077,13,18,1144,1175,31
"blast500k_test_pub_fileFULL_gr_1180","IS24T-06XX298-DT","Tue 11/17/2015-21:17:41.46","Tue 11/17/2015-21:39:28.69",1447769861,1447771168,19467,1447769893,1447771239,-32,71,1307,1346,39
"blast500k_test_pub_fileFULL_gr_1181","IS24T-06XX252-DT","Tue 11/17/2015-20:50:25.97","Tue 11/17/2015-20:57:56.66",1447768225,1447768676,19468,1447768204,1447768694,21,18,451,490,39
"blast500k_test_pub_fileFULL_gr_1182","IS24T-06XX294-DT","Tue 11/17/2015-20:56:24.71","Tue 11/17/2015-21:13:33.07",1447768584,1447769613,19469,1447768574,1447769639,10,26,1029,1065,36
"blast500k_test_pub_fileFULL_gr_1183","IS24T-06XX300-DT","Tue 11/17/2015-20:37:22.57","Tue 11/17/2015-20:57:17.33",1447767442,1447768637,19470,1447767426,1447768661,16,24,1195,1235,40
"blast500k_test_pub_fileFULL_gr_1184","IS24T-06XX254-DT","Tue 11/17/2015-20:37:40.87","Tue 11/17/2015-20:57:09.11",1447767460,1447768629,19471,1447767430,1447768645,30,16,1169,1215,46
"blast500k_test_pub_fileFULL_gr_1185","IS24T-06XX278-DT","Tue 11/17/2015-20:45:19.52","Tue 11/17/2015-21:04:27.93",1447767919,1447769067,19472,1447767913,1447769101,6,34,1148,1188,40
"blast500k_test_pub_fileFULL_gr_1186","IS24T-06XX252-DT","Tue 11/17/2015-20:37:52.53","Tue 11/17/2015-21:07:03.44",1447767472,1447769223,19473,1447767447,1447769241,25,18,1751,1794,43
"blast500k_test_pub_fileFULL_gr_1187","IS24T-06XX294-DT","Tue 11/17/2015-20:42:52.92","Tue 11/17/2015-21:02:32.66",1447767772,1447768952,19474,1447767761,1447768982,11,30,1180,1221,41
"blast500k_test_pub_fileFULL_gr_1188","IS24T-06XX269-DT","Tue 11/17/2015-20:40:15.14","Tue 11/17/2015-20:54:41.67",1447767615,1447768481,19475,1447767604,1447768511,11,30,866,907,41
"blast500k_test_pub_fileFULL_gr_1189","IS24T-06XX209-DT","Tue 11/17/2015-21:00:58.25","Tue 11/17/2015-21:21:09.59",1447768858,1447770069,19476,1447768881,1447770140,-23,71,1211,1259,48
"blast500k_test_pub_fileFULL_gr_119","IS24T-06XX287-DT","Tue 11/17/2015-17:44:38.41","Tue 11/17/2015-17:56:54.13",1447757078,1447757814,18406,1447757059,1447757844,19,30,736,785,49
"blast500k_test_pub_fileFULL_gr_1190","IS24T-06XX295-DT","Tue 11/17/2015-20:44:31.57","Tue 11/17/2015-20:58:20.27",1447767871,1447768700,19477,1447767890,1447768760,-19,60,829,870,41
"blast500k_test_pub_fileFULL_gr_1191","IS24T-06XX272-DT","Tue 11/17/2015-21:10:16.05","Tue 11/17/2015-21:31:02.46",1447769416,1447770662,19478,1447769402,1447770681,14,19,1246,1279,33
"blast500k_test_pub_fileFULL_gr_1192","IS24T-06XX281-DT","Tue 11/17/2015-20:57:19.57","Tue 11/17/2015-21:14:42.42",1447768639,1447769682,19479,1447768636,1447769707,3,25,1043,1071,28
"blast500k_test_pub_fileFULL_gr_1193","IS24T-06XX280-DT","Tue 11/17/2015-20:49:43.76","Tue 11/17/2015-21:00:52.53",1447768183,1447768852,19480,1447768324,1447769035,-141,183,669,711,42
"blast500k_test_pub_fileFULL_gr_1194","IS24T-06XX289-DT","Tue 11/17/2015-20:48:02.00","Tue 11/17/2015-21:02:55.83",1447768082,1447768975,19481,1447768076,1447769007,6,32,893,931,38
"blast500k_test_pub_fileFULL_gr_1195","IS24T-06XX274-DT","Tue 11/17/2015-20:39:24.67","Tue 11/17/2015-20:53:24.35",1447767564,1447768404,19482,1447767538,1447768419,26,15,840,881,41
"blast500k_test_pub_fileFULL_gr_1196","IS24T-06XX266-DT","Tue 11/17/2015-21:08:06.26","Tue 11/17/2015-21:25:34.98",1447769286,1447770334,19483,1447769261,1447770352,25,18,1048,1091,43
"blast500k_test_pub_fileFULL_gr_1197","IS24T-06XX209-DT","Tue 11/17/2015-20:39:51.71","Tue 11/17/2015-21:00:14.08",1447767591,1447768814,19484,1447767615,1447768881,-24,67,1223,1266,43
"blast500k_test_pub_fileFULL_gr_1198","IS24T-06XX297-DT","Tue 11/17/2015-20:51:52.12","Tue 11/17/2015-21:07:03.75",1447768312,1447769223,19485,1447768286,1447769249,26,26,911,963,52
"blast500k_test_pub_fileFULL_gr_1199","IS24T-06XX252-DT","Tue 11/17/2015-21:51:08.59","Tue 11/17/2015-22:06:02.82",1447771868,1447772762,19486,1447771845,1447772781,23,19,894,936,42
"blast500k_test_pub_fileFULL_gr_12","IS24T-06XX264-DT","Tue 11/17/2015-17:45:22.75","Tue 11/17/2015-18:11:56.27",1447757122,1447758716,18299,1447757097,1447758728,25,12,1594,1631,37
"blast500k_test_pub_fileFULL_gr_120","IS24T-06XX265-DT","Tue 11/17/2015-17:45:44.44","Tue 11/17/2015-17:57:50.22",1447757144,1447757870,18407,1447757100,1447757887,44,17,726,787,61
"blast500k_test_pub_fileFULL_gr_1200","IS24T-06XX298-DT","Tue 11/17/2015-21:19:45.87","Tue 11/17/2015-21:38:13.86",1447769985,1447771093,19487,1447770025,1447771156,-40,63,1108,1131,23
"blast500k_test_pub_fileFULL_gr_1201","IS24T-06XX287-DT","Tue 11/17/2015-20:52:09.14","Tue 11/17/2015-21:05:16.98",1447768329,1447769116,19488,1447768331,1447769150,-2,34,787,819,32
"blast500k_test_pub_fileFULL_gr_1202","IS24T-06XX296-DT","Tue 11/17/2015-21:24:56.57","Tue 11/17/2015-21:41:34.21",1447770296,1447771294,19489,1447770287,1447771323,9,29,998,1036,38
"blast500k_test_pub_fileFULL_gr_1203","IS24T-06XX288-DT","Tue 11/17/2015-20:43:14.13","Tue 11/17/2015-21:04:44.36",1447767794,1447769084,19490,1447767764,1447769096,30,12,1290,1332,42
"blast500k_test_pub_fileFULL_gr_1204","IS24T-06XX276-DT","Tue 11/17/2015-20:57:19.79","Tue 11/17/2015-21:11:21.07",1447768639,1447769481,19491,1447768619,1447769498,20,17,842,879,37
"blast500k_test_pub_fileFULL_gr_1205","IS24T-06XX261-DT","Tue 11/17/2015-20:41:55.10","Tue 11/17/2015-20:53:20.54",1447767715,1447768400,19492,1447767687,1447768417,28,17,685,730,45
"blast500k_test_pub_fileFULL_gr_1206","IS24T-06XX264-DT","Tue 11/17/2015-20:56:41.74","Tue 11/17/2015-21:20:19.33",1447768601,1447770019,19493,1447768539,1447770034,62,15,1418,1495,77
"blast500k_test_pub_fileFULL_gr_1207","IS24T-06XX258-DT","Tue 11/17/2015-21:03:10.15","Tue 11/17/2015-21:16:05.70",1447768990,1447769765,19494,1447768967,1447769783,23,18,775,816,41
"blast500k_test_pub_fileFULL_gr_1208","IS24T-06XX288-DT","Tue 11/17/2015-20:41:11.51","Tue 11/17/2015-21:00:19.13",1447767671,1447768819,19495,1447767637,1447768829,34,10,1148,1192,44
"blast500k_test_pub_fileFULL_gr_1209","IS24T-06XX300-DT","Tue 11/17/2015-20:57:59.07","Tue 11/17/2015-21:07:19.43",1447768679,1447769239,19496,1447768661,1447769263,18,24,560,602,42
"blast500k_test_pub_fileFULL_gr_121","IS24T-06XX293-DT","Tue 11/17/2015-17:43:34.74","Tue 11/17/2015-17:57:40.65",1447757014,1447757860,18408,1447756998,1447757894,16,34,846,896,50
"blast500k_test_pub_fileFULL_gr_1210","IS24T-06XX283-DT","Tue 11/17/2015-20:48:45.74","Tue 11/17/2015-21:13:06.54",1447768125,1447769586,19497,1447768124,1447769616,1,30,1461,1492,31
"blast500k_test_pub_fileFULL_gr_1211","IS24T-06XX261-DT","Tue 11/17/2015-20:41:55.13","Tue 11/17/2015-20:52:49.43",1447767715,1447768369,19498,1447767675,1447768387,40,18,654,712,58
"blast500k_test_pub_fileFULL_gr_1212","IS24T-06XX262-DT","Tue 11/17/2015-20:44:07.22","Tue 11/17/2015-21:18:39.31",1447767847,1447769919,19499,1447767828,1447769946,19,27,2072,2118,46
"blast500k_test_pub_fileFULL_gr_1213","IS24T-06XX282-DT","Tue 11/17/2015-21:07:26.92","Tue 11/17/2015-21:23:04.01",1447769246,1447770184,19500,1447769240,1447770211,6,27,938,971,33
"blast500k_test_pub_fileFULL_gr_1214","IS24T-06XX279-DT","Tue 11/17/2015-22:01:46.47","Tue 11/17/2015-22:18:51.37",1447772506,1447773531,19501,1447772518,1447773577,-12,46,1025,1059,34
"blast500k_test_pub_fileFULL_gr_1215","IS24T-06XX282-DT","Tue 11/17/2015-21:14:24.56","Tue 11/17/2015-21:36:07.27",1447769664,1447770967,19502,1447769652,1447770993,12,26,1303,1341,38
"blast500k_test_pub_fileFULL_gr_1216","IS24T-06XX260-DT","Tue 11/17/2015-20:54:16.20","Tue 11/17/2015-21:16:42.94",1447768456,1447769802,19503,1447768437,1447769818,19,16,1346,1381,35
"blast500k_test_pub_fileFULL_gr_1217","IS24T-06XX296-DT","Tue 11/17/2015-21:17:03.05","Tue 11/17/2015-21:29:43.63",1447769823,1447770583,19504,1447769810,1447770610,13,27,760,800,40
"blast500k_test_pub_fileFULL_gr_1218","IS24T-06XX278-DT","Tue 11/17/2015-20:56:26.91","Tue 11/17/2015-21:12:10.61",1447768586,1447769530,19505,1447768577,1447769562,9,32,944,985,41
"blast500k_test_pub_fileFULL_gr_1219","IS24T-06XX269-DT","Tue 11/17/2015-20:45:31.16","Tue 11/17/2015-20:58:10.27",1447767931,1447768690,19506,1447767923,1447768722,8,32,759,799,40
"blast500k_test_pub_fileFULL_gr_122","IS24T-06XX273-DT","Tue 11/17/2015-17:47:13.46","Tue 11/17/2015-17:59:59.75",1447757233,1447757999,18409,1447757198,1447758017,35,18,766,819,53
"blast500k_test_pub_fileFULL_gr_1220","IS24T-06XX262-DT","Tue 11/17/2015-21:05:37.49","Tue 11/17/2015-21:41:27.91",1447769137,1447771287,19507,1447769117,1447771315,20,28,2150,2198,48
"blast500k_test_pub_fileFULL_gr_1221","IS24T-06XX272-DT","Tue 11/17/2015-20:57:16.37","Tue 11/17/2015-21:09:53.05",1447768636,1447769393,19508,1447768613,1447769402,23,9,757,789,32
"blast500k_test_pub_fileFULL_gr_1222","IS24T-06XX293-DT","Tue 11/17/2015-20:46:18.62","Tue 11/17/2015-20:58:30.11",1447767978,1447768710,19509,1447767971,1447768745,7,35,732,774,42
"blast500k_test_pub_fileFULL_gr_1223","IS24T-06XX298-DT","Tue 11/17/2015-21:05:33.20","Tue 11/17/2015-21:17:14.55",1447769133,1447769834,19510,1447769164,1447769905,-31,71,701,741,40
"blast500k_test_pub_fileFULL_gr_1224","IS24T-06XX273-DT","Tue 11/17/2015-20:49:34.11","Tue 11/17/2015-21:09:33.02",1447768174,1447769373,19511,1447768162,1447769390,12,17,1199,1228,29
"blast500k_test_pub_fileFULL_gr_1225","IS24T-06XX286-DT","Tue 11/17/2015-20:52:26.67","Tue 11/17/2015-21:12:38.82",1447768346,1447769558,19512,1447768346,1447769589,0,31,1212,1243,31
"blast500k_test_pub_fileFULL_gr_1226","IS24T-06XX272-DT","Tue 11/17/2015-21:19:22.21","Tue 11/17/2015-21:43:01.65",1447769962,1447771381,19513,1447769937,1447771399,25,18,1419,1462,43
"blast500k_test_pub_fileFULL_gr_1227","IS24T-06XX297-DT","Tue 11/17/2015-21:30:17.79","Tue 11/17/2015-21:56:24.03",1447770617,1447772184,19514,1447770590,1447772218,27,34,1567,1628,61
"blast500k_test_pub_fileFULL_gr_1228","IS24T-06XX282-DT","Tue 11/17/2015-20:48:28.85","Tue 11/17/2015-21:03:30.21",1447768108,1447769010,19515,1447768092,1447769037,16,27,902,945,43
"blast500k_test_pub_fileFULL_gr_1229","IS24T-06XX297-DT","Tue 11/17/2015-20:57:12.34","Tue 11/17/2015-21:22:35.00",1447768632,1447770155,19516,1447768622,1447770188,10,33,1523,1566,43
"blast500k_test_pub_fileFULL_gr_123","IS24T-06XX254-DT","Tue 11/17/2015-17:43:02.86","Tue 11/17/2015-18:11:06.81",1447756982,1447758666,18410,1447756939,1447758683,43,17,1684,1744,60
"blast500k_test_pub_fileFULL_gr_1230","IS24T-06XX277-DT","Tue 11/17/2015-20:46:16.97","Tue 11/17/2015-21:03:51.28",1447767976,1447769031,19517,1447767952,1447769049,24,18,1055,1097,42
"blast500k_test_pub_fileFULL_gr_1231","IS24T-06XX253-DT","Tue 11/17/2015-20:50:41.52","Tue 11/17/2015-21:08:23.72",1447768241,1447769303,19518,1447768221,1447769317,20,14,1062,1096,34
"blast500k_test_pub_fileFULL_gr_1232","IS24T-06XX291-DT","Tue 11/17/2015-21:14:59.75","Tue 11/17/2015-21:40:11.59",1447769699,1447771211,19519,1447769683,1447771241,16,30,1512,1558,46
"blast500k_test_pub_fileFULL_gr_1233","IS24T-06XX262-DT","Tue 11/17/2015-21:15:37.55","Tue 11/17/2015-21:37:49.03",1447769737,1447771069,19520,1447769717,1447771096,20,27,1332,1379,47
"blast500k_test_pub_fileFULL_gr_1234","IS24T-06XX294-DT","Tue 11/17/2015-20:45:06.93","Tue 11/17/2015-20:55:59.91",1447767906,1447768559,19521,1447767898,1447768586,8,27,653,688,35
"blast500k_test_pub_fileFULL_gr_1235","IS24T-06XX261-DT","Tue 11/17/2015-20:53:40.25","Tue 11/17/2015-21:13:18.21",1447768420,1447769598,19522,1447768406,1447769611,14,13,1178,1205,27
"blast500k_test_pub_fileFULL_gr_1236","IS24T-06XX288-DT","Tue 11/17/2015-21:01:56.35","Tue 11/17/2015-21:40:47.22",1447768916,1447771247,19523,1447768885,1447771260,31,13,2331,2375,44
"blast500k_test_pub_fileFULL_gr_1237","IS24T-06XX284-DT","Tue 11/17/2015-20:56:00.98","Tue 11/17/2015-21:21:14.56",1447768560,1447770074,19524,1447768573,1447770140,-13,66,1514,1567,53
"blast500k_test_pub_fileFULL_gr_1238","IS24T-06XX259-DT","Tue 11/17/2015-20:47:24.79","Tue 11/17/2015-20:58:22.88",1447768044,1447768702,19525,1447768033,1447768720,11,18,658,687,29
"blast500k_test_pub_fileFULL_gr_1239","IS24T-06XX260-DT","Tue 11/17/2015-20:58:07.23","Tue 11/17/2015-21:09:58.92",1447768687,1447769398,19526,1447768672,1447769416,15,18,711,744,33
"blast500k_test_pub_fileFULL_gr_124","IS24T-06XX291-DT","Tue 11/17/2015-17:43:56.14","Tue 11/17/2015-17:58:51.92",1447757036,1447757931,18411,1447757014,1447757959,22,28,895,945,50
"blast500k_test_pub_fileFULL_gr_1240","IS24T-06XX260-DT","Tue 11/17/2015-21:17:08.29","Tue 11/17/2015-21:39:01.23",1447769828,1447771141,19527,1447769806,1447771157,22,16,1313,1351,38
"blast500k_test_pub_fileFULL_gr_1241","IS24T-06XX280-DT","Tue 11/17/2015-21:24:56.35","Tue 11/17/2015-21:42:57.12",1447770296,1447771377,19528,1447770433,1447771559,-137,182,1081,1126,45
"blast500k_test_pub_fileFULL_gr_1242","IS24T-06XX297-DT","Tue 11/17/2015-20:57:43.67","Tue 11/17/2015-21:24:04.74",1447768663,1447770244,19529,1447768646,1447770275,17,31,1581,1629,48
"blast500k_test_pub_fileFULL_gr_1243","IS24T-06XX298-DT","Tue 11/17/2015-20:51:54.20","Tue 11/17/2015-21:07:28.86",1447768314,1447769248,19530,1447768346,1447769322,-32,74,934,976,42
"blast500k_test_pub_fileFULL_gr_1244","IS24T-06XX265-DT","Tue 11/17/2015-20:50:26.46","Tue 11/17/2015-21:05:17.34",1447768226,1447769117,19531,1447768215,1447769135,11,18,891,920,29
"blast500k_test_pub_fileFULL_gr_1245","IS24T-06XX278-DT","Tue 11/17/2015-21:04:56.28","Tue 11/17/2015-21:18:05.63",1447769096,1447769885,19532,1447769089,1447769918,7,33,789,829,40
"blast500k_test_pub_fileFULL_gr_1246","IS24T-06XX271-DT","Tue 11/17/2015-20:55:53.56","Tue 11/17/2015-21:11:32.57",1447768553,1447769492,19533,1447768532,1447769507,21,15,939,975,36
"blast500k_test_pub_fileFULL_gr_1247","IS24T-06XX265-DT","Tue 11/17/2015-20:48:39.99","Tue 11/17/2015-20:58:56.24",1447768119,1447768736,19534,1447768098,1447768754,21,18,617,656,39
"blast500k_test_pub_fileFULL_gr_1248","IS24T-06XX274-DT","Tue 11/17/2015-20:53:53.46","Tue 11/17/2015-21:07:31.46",1447768433,1447769251,19535,1447768407,1447769269,26,18,818,862,44
"blast500k_test_pub_fileFULL_gr_1249","IS24T-06XX288-DT","Tue 11/17/2015-20:49:35.94","Tue 11/17/2015-21:19:05.52",1447768175,1447769945,19536,1447768142,1447769959,33,14,1770,1817,47
"blast500k_test_pub_fileFULL_gr_125","IS24T-06XX285-DT","Tue 11/17/2015-17:45:13.78","Tue 11/17/2015-17:56:07.02",1447757113,1447757767,18412,1447757074,1447757789,39,22,654,715,61
"blast500k_test_pub_fileFULL_gr_1250","IS24T-06XX287-DT","Tue 11/17/2015-21:00:51.08","Tue 11/17/2015-21:14:13.12",1447768851,1447769653,19537,1447768847,1447769685,4,32,802,838,36
"blast500k_test_pub_fileFULL_gr_1251","IS24T-06XX297-DT","Tue 11/17/2015-21:07:35.69","Tue 11/17/2015-21:29:26.31",1447769255,1447770566,19538,1447769249,1447770603,6,37,1311,1354,43
"blast500k_test_pub_fileFULL_gr_1252","IS24T-06XX287-DT","Tue 11/17/2015-20:48:18.92","Tue 11/17/2015-21:00:29.00",1447768098,1447768829,19539,1447768102,1447768859,-4,30,731,757,26
"blast500k_test_pub_fileFULL_gr_1253","IS24T-06XX299-DT","Tue 11/17/2015-21:45:32.25","Tue 11/17/2015-21:56:34.35",1447771532,1447772194,19540,1447771545,1447772247,-13,53,662,702,40
"blast500k_test_pub_fileFULL_gr_1254","IS24T-06XX288-DT","Tue 11/17/2015-21:01:00.35","Tue 11/17/2015-21:34:31.94",1447768860,1447770871,19541,1447768818,1447770886,42,15,2011,2068,57
"blast500k_test_pub_fileFULL_gr_1255","IS24T-06XX261-DT","Tue 11/17/2015-20:53:17.20","Tue 11/17/2015-21:04:49.15",1447768397,1447769089,19542,1447768375,1447769105,22,16,692,730,38
"blast500k_test_pub_fileFULL_gr_1256","IS24T-06XX295-DT","Tue 11/17/2015-21:06:31.89","Tue 11/17/2015-21:19:27.76",1447769191,1447769967,19543,1447769210,1447770029,-19,62,776,819,43
"blast500k_test_pub_fileFULL_gr_1257","IS24T-06XX259-DT","Tue 11/17/2015-21:18:04.40","Tue 11/17/2015-21:30:38.20",1447769884,1447770638,19544,1447769861,1447770655,23,17,754,794,40
"blast500k_test_pub_fileFULL_gr_1258","IS24T-06XX266-DT","Tue 11/17/2015-20:50:15.12","Tue 11/17/2015-21:07:34.16",1447768215,1447769254,19545,1447768189,1447769273,26,19,1039,1084,45
"blast500k_test_pub_fileFULL_gr_1259","IS24T-06XX294-DT","Tue 11/17/2015-21:02:53.99","Tue 11/17/2015-21:12:01.73",1447768973,1447769521,19546,1447768970,1447769548,3,27,548,578,30
"blast500k_test_pub_fileFULL_gr_126","IS24T-06XX282-DT","Tue 11/17/2015-18:41:03.29","Tue 11/17/2015-18:56:12.69",1447760463,1447761372,18413,1447760448,1447761399,15,27,909,951,42
"blast500k_test_pub_fileFULL_gr_1260","IS24T-06XX264-DT","Tue 11/17/2015-20:56:42.18","Tue 11/17/2015-21:22:52.65",1447768602,1447770172,19547,1447768552,1447770185,50,13,1570,1633,63
"blast500k_test_pub_fileFULL_gr_1261","IS24T-06XX277-DT","Tue 11/17/2015-21:17:43.63","Tue 11/17/2015-21:30:30.62",1447769863,1447770630,19548,1447769839,1447770644,24,14,767,805,38
"blast500k_test_pub_fileFULL_gr_1262","IS24T-06XX277-DT","Tue 11/17/2015-20:50:50.94","Tue 11/17/2015-21:07:18.89",1447768250,1447769238,19549,1447768239,1447769255,11,17,988,1016,28
"blast500k_test_pub_fileFULL_gr_1263","IS24T-06XX296-DT","Tue 11/17/2015-20:52:43.93","Tue 11/17/2015-21:08:39.30",1447768363,1447769319,19550,1447768347,1447769346,16,27,956,999,43
"blast500k_test_pub_fileFULL_gr_1264","IS24T-06XX294-DT","Tue 11/17/2015-21:13:46.85","Tue 11/17/2015-21:30:07.49",1447769626,1447770607,19551,1447769627,1447770638,-1,31,981,1011,30
"blast500k_test_pub_fileFULL_gr_1265","IS24T-06XX257-DT","Tue 11/17/2015-20:58:45.52","Tue 11/17/2015-21:12:11.42",1447768725,1447769531,19552,1447768700,1447769546,25,15,806,846,40
"blast500k_test_pub_fileFULL_gr_1266","IS24T-06XX262-DT","Tue 11/17/2015-21:00:24.50","Tue 11/17/2015-21:21:22.06",1447768824,1447770082,19553,1447768794,1447770109,30,27,1258,1315,57
"blast500k_test_pub_fileFULL_gr_1267","IS24T-06XX288-DT","Tue 11/17/2015-21:44:05.89","Tue 11/17/2015-22:02:25.91",1447771445,1447772545,19554,1447771408,1447772557,37,12,1100,1149,49
"blast500k_test_pub_fileFULL_gr_1268","IS24T-06XX276-DT","Tue 11/17/2015-21:11:37.53","Tue 11/17/2015-21:24:21.92",1447769497,1447770261,19555,1447769486,1447770277,11,16,764,791,27
"blast500k_test_pub_fileFULL_gr_1269","IS24T-06XX285-DT","Tue 11/17/2015-21:29:31.91","Tue 11/17/2015-21:42:49.35",1447770571,1447771369,19556,1447770569,1447771394,2,25,798,825,27
"blast500k_test_pub_fileFULL_gr_127","IS24T-06XX284-DT","Tue 11/17/2015-17:44:41.65","Tue 11/17/2015-18:02:21.74",1447757081,1447758141,18414,1447757083,1447758202,-2,61,1060,1119,59
"blast500k_test_pub_fileFULL_gr_1270","IS24T-06XX261-DT","Tue 11/17/2015-21:05:20.25","Tue 11/17/2015-21:22:02.49",1447769120,1447770122,19557,1447769093,1447770138,27,16,1002,1045,43
"blast500k_test_pub_fileFULL_gr_1271","IS24T-06XX257-DT","Tue 11/17/2015-21:02:28.67","Tue 11/17/2015-21:17:54.71",1447768948,1447769874,19558,1447768932,1447769893,16,19,926,961,35
"blast500k_test_pub_fileFULL_gr_1272","IS24T-06XX255-DT","Tue 11/17/2015-21:09:55.81","Tue 11/17/2015-21:18:27.70",1447769395,1447769907,19559,1447769366,1447769921,29,14,512,555,43
"blast500k_test_pub_fileFULL_gr_1273","IS24T-06XX297-DT","Tue 11/17/2015-20:55:48.52","Tue 11/17/2015-21:29:13.34",1447768548,1447770553,19560,1447768514,1447770578,34,25,2005,2064,59
"blast500k_test_pub_fileFULL_gr_1274","IS24T-06XX269-DT","Tue 11/17/2015-20:58:35.55","Tue 11/17/2015-21:15:44.43",1447768715,1447769744,19561,1447768710,1447769776,5,32,1029,1066,37
"blast500k_test_pub_fileFULL_gr_1275","IS24T-06XX263-DT","Tue 11/17/2015-20:52:28.64","Tue 11/17/2015-21:05:22.07",1447768348,1447769122,19562,1447768329,1447769139,19,17,774,810,36
"blast500k_test_pub_fileFULL_gr_1276","IS24T-06XX282-DT","Tue 11/17/2015-20:53:12.65","Tue 11/17/2015-21:07:07.20",1447768392,1447769227,19563,1447768390,1447769253,2,26,835,863,28
"blast500k_test_pub_fileFULL_gr_1277","IS24T-06XX262-DT","Tue 11/17/2015-21:19:17.51","Tue 11/17/2015-21:32:37.08",1447769957,1447770757,19564,1447769935,1447770786,22,29,800,851,51
"blast500k_test_pub_fileFULL_gr_1278","IS24T-06XX275-DT","Tue 11/17/2015-20:53:50.80","Tue 11/17/2015-21:12:19.37",1447768430,1447769539,19565,1447768428,1447769567,2,28,1109,1139,30
"blast500k_test_pub_fileFULL_gr_1279","IS24T-06XX300-DT","Tue 11/17/2015-21:30:50.70","Tue 11/17/2015-21:49:32.43",1447770650,1447771772,19566,1447770646,1447771799,4,27,1122,1153,31
"blast500k_test_pub_fileFULL_gr_128","IS24T-06XX277-DT","Tue 11/17/2015-17:46:20.88","Tue 11/17/2015-18:00:59.83",1447757180,1447758059,18415,1447757137,1447758073,43,14,879,936,57
"blast500k_test_pub_fileFULL_gr_1280","IS24T-06XX274-DT","Tue 11/17/2015-21:00:54.53","Tue 11/17/2015-21:16:55.45",1447768854,1447769815,19567,1447768824,1447769831,30,16,961,1007,46
"blast500k_test_pub_fileFULL_gr_1281","IS24T-06XX289-DT","Tue 11/17/2015-21:03:10.86","Tue 11/17/2015-21:18:56.82",1447768990,1447769936,19568,1447768995,1447769969,-5,33,946,974,28
"blast500k_test_pub_fileFULL_gr_1282","IS24T-06XX279-DT","Tue 11/17/2015-20:53:46.55","Tue 11/17/2015-21:16:00.77",1447768426,1447769760,19569,1447768430,1447769806,-4,46,1334,1376,42
"blast500k_test_pub_fileFULL_gr_1283","IS24T-06XX263-DT","Tue 11/17/2015-21:02:40.75","Tue 11/17/2015-21:15:50.26",1447768960,1447769750,19570,1447768935,1447769766,25,16,790,831,41
"blast500k_test_pub_fileFULL_gr_1284","IS24T-06XX268-DT","Tue 11/17/2015-21:01:18.14","Tue 11/17/2015-21:18:21.63",1447768878,1447769901,19571,1447768866,1447769916,12,15,1023,1050,27
"blast500k_test_pub_fileFULL_gr_1285","IS24T-06XX291-DT","Tue 11/17/2015-20:58:38.79","Tue 11/17/2015-21:21:49.65",1447768718,1447770109,19572,1447768712,1447770136,6,27,1391,1424,33
"blast500k_test_pub_fileFULL_gr_1286","IS24T-06XX299-DT","Tue 11/17/2015-20:55:54.57","Tue 11/17/2015-21:10:23.55",1447768554,1447769423,19573,1447768570,1447769476,-16,53,869,906,37
"blast500k_test_pub_fileFULL_gr_1287","IS24T-06XX269-DT","Tue 11/17/2015-21:16:16.27","Tue 11/17/2015-21:35:43.25",1447769776,1447770943,19574,1447769765,1447770975,11,32,1167,1210,43
"blast500k_test_pub_fileFULL_gr_1288","IS24T-06XX255-DT","Tue 11/17/2015-20:54:40.30","Tue 11/17/2015-21:09:20.96",1447768480,1447769360,19575,1447768457,1447769379,23,19,880,922,42
"blast500k_test_pub_fileFULL_gr_1289","IS24T-06XX258-DT","Tue 11/17/2015-22:27:20.61","Tue 11/17/2015-22:42:48.55",1447774040,1447774968,19576,1447774020,1447774981,20,13,928,961,33
"blast500k_test_pub_fileFULL_gr_129","IS24T-06XX291-DT","Tue 11/17/2015-17:59:09.31","Tue 11/17/2015-18:07:42.35",1447757949,1447758462,18416,1447757945,1447758488,4,26,513,543,30
"blast500k_test_pub_fileFULL_gr_1290","IS24T-06XX254-DT","Tue 11/17/2015-20:57:50.03","Tue 11/17/2015-21:24:44.38",1447768670,1447770284,19577,1447768633,1447770302,37,18,1614,1669,55
"blast500k_test_pub_fileFULL_gr_1291","IS24T-06XX300-DT","Tue 11/17/2015-21:00:50.95","Tue 11/17/2015-21:11:06.42",1447768850,1447769466,19578,1447768849,1447769481,1,15,616,632,16
"blast500k_test_pub_fileFULL_gr_1292","IS24T-06XX285-DT","Tue 11/17/2015-21:11:06.75","Tue 11/17/2015-21:24:56.89",1447769466,1447770296,19579,1447769451,1447770321,15,25,830,870,40
"blast500k_test_pub_fileFULL_gr_1293","IS24T-06XX258-DT","Tue 11/17/2015-21:28:48.85","Tue 11/17/2015-21:47:45.55",1447770528,1447771665,19580,1447770507,1447771684,21,19,1137,1177,40
"blast500k_test_pub_fileFULL_gr_1294","IS24T-06XX291-DT","Tue 11/17/2015-20:57:45.46","Tue 11/17/2015-21:14:29.49",1447768665,1447769669,19581,1447768652,1447769695,13,26,1004,1043,39
"blast500k_test_pub_fileFULL_gr_1295","IS24T-06XX254-DT","Tue 11/17/2015-20:59:53.75","Tue 11/17/2015-21:27:09.09",1447768793,1447770429,19582,1447768762,1447770444,31,15,1636,1682,46
"blast500k_test_pub_fileFULL_gr_1296","IS24T-06XX285-DT","Tue 11/17/2015-20:57:44.48","Tue 11/17/2015-21:15:21.23",1447768664,1447769721,19583,1447768663,1447769748,1,27,1057,1085,28
"blast500k_test_pub_fileFULL_gr_1297","IS24T-06XX267-DT","Tue 11/17/2015-21:30:57.40","Tue 11/17/2015-21:53:50.49",1447770657,1447772030,19584,1447770632,1447772049,25,19,1373,1417,44
"blast500k_test_pub_fileFULL_gr_1298","IS24T-06XX292-DT","Tue 11/17/2015-21:29:10.96","Tue 11/17/2015-21:44:42.56",1447770550,1447771482,19585,1447770592,1447771568,-42,86,932,976,44
"blast500k_test_pub_fileFULL_gr_1299","IS24T-06XX268-DT","Tue 11/17/2015-20:59:40.37","Tue 11/17/2015-21:15:21.36",1447768780,1447769721,19586,1447768756,1447769740,24,19,941,984,43
"blast500k_test_pub_fileFULL_gr_13","IS24T-06XX261-DT","Tue 11/17/2015-17:41:06.25","Tue 11/17/2015-18:04:23.86",1447756866,1447758263,18300,1447756823,1447758284,43,21,1397,1461,64
"blast500k_test_pub_fileFULL_gr_130","IS24T-06XX288-DT","Tue 11/17/2015-17:44:45.27","Tue 11/17/2015-18:07:41.37",1447757085,1447758461,18417,1447757039,1447758476,46,15,1376,1437,61
"blast500k_test_pub_fileFULL_gr_1300","IS24T-06XX264-DT","Tue 11/17/2015-21:20:47.71","Tue 11/17/2015-21:49:16.87",1447770047,1447771756,19587,1447770023,1447771773,24,17,1709,1750,41
"blast500k_test_pub_fileFULL_gr_1301","IS24T-06XX254-DT","Tue 11/17/2015-21:00:44.17","Tue 11/17/2015-21:28:44.21",1447768844,1447770524,19588,1447768808,1447770540,36,16,1680,1732,52
"blast500k_test_pub_fileFULL_gr_1302","IS24T-06XX252-DT","Tue 11/17/2015-20:58:24.71","Tue 11/17/2015-21:15:08.66",1447768704,1447769708,19589,1447768681,1447769723,23,15,1004,1042,38
"blast500k_test_pub_fileFULL_gr_1303","IS24T-06XX278-DT","Tue 11/17/2015-21:12:34.04","Tue 11/17/2015-21:23:35.52",1447769554,1447770215,19590,1447769550,1447770243,4,28,661,693,32
"blast500k_test_pub_fileFULL_gr_1304","IS24T-06XX264-DT","Tue 11/17/2015-21:07:37.36","Tue 11/17/2015-21:32:04.35",1447769257,1447770724,19591,1447769229,1447770737,28,13,1467,1508,41
"blast500k_test_pub_fileFULL_gr_1305","IS24T-06XX287-DT","Tue 11/17/2015-21:06:10.68","Tue 11/17/2015-21:22:03.11",1447769170,1447770123,19592,1447769162,1447770156,8,33,953,994,41
"blast500k_test_pub_fileFULL_gr_1306","IS24T-06XX282-DT","Tue 11/17/2015-21:04:00.18","Tue 11/17/2015-21:14:00.68",1447769040,1447769640,19593,1447769024,1447769664,16,24,600,640,40
"blast500k_test_pub_fileFULL_gr_1307","IS24T-06XX278-DT","Tue 11/17/2015-21:23:51.16","Tue 11/17/2015-21:36:47.91",1447770231,1447771007,19594,1447770232,1447771040,-1,33,776,808,32
"blast500k_test_pub_fileFULL_gr_1308","IS24T-06XX258-DT","Tue 11/17/2015-21:20:48.68","Tue 11/17/2015-21:28:21.61",1447770048,1447770501,19595,1447770037,1447770520,11,19,453,483,30
"blast500k_test_pub_fileFULL_gr_1309","IS24T-06XX274-DT","Tue 11/17/2015-21:17:26.61","Tue 11/17/2015-21:38:21.49",1447769846,1447771101,19596,1447769820,1447771116,26,15,1255,1296,41
"blast500k_test_pub_fileFULL_gr_131","IS24T-06XX299-DT","Tue 11/17/2015-17:57:33.99","Tue 11/17/2015-18:08:36.25",1447757853,1447758516,18418,1447757873,1447758571,-20,55,663,698,35
"blast500k_test_pub_fileFULL_gr_1310","IS24T-06XX275-DT","Tue 11/17/2015-21:16:10.93","Tue 11/17/2015-21:36:51.73",1447769770,1447771011,19597,1447769759,1447771040,11,29,1241,1281,40
"blast500k_test_pub_fileFULL_gr_1311","IS24T-06XX299-DT","Tue 11/17/2015-21:01:20.61","Tue 11/17/2015-21:16:30.77",1447768880,1447769790,19598,1447768906,1447769842,-26,52,910,936,26
"blast500k_test_pub_fileFULL_gr_1312","IS24T-06XX296-DT","Tue 11/17/2015-21:09:11.98","Tue 11/17/2015-21:24:30.67",1447769351,1447770270,19599,1447769334,1447770300,17,30,919,966,47
"blast500k_test_pub_fileFULL_gr_1313","IS24T-06XX259-DT","Tue 11/17/2015-22:21:58.73","Tue 11/17/2015-22:39:58.21",1447773718,1447774798,19600,1447773694,1447774816,24,18,1080,1122,42
"blast500k_test_pub_fileFULL_gr_1314","IS24T-06XX293-DT","Tue 11/17/2015-20:59:37.93","Tue 11/17/2015-21:21:47.06",1447768777,1447770107,19601,1447768785,1447770141,-8,34,1330,1356,26
"blast500k_test_pub_fileFULL_gr_1315","IS24T-06XX259-DT","Tue 11/17/2015-20:58:48.53","Tue 11/17/2015-21:10:07.87",1447768728,1447769407,19602,1447768708,1447769423,20,16,679,715,36
"blast500k_test_pub_fileFULL_gr_1316","IS24T-06XX209-DT","Tue 11/17/2015-20:58:34.06","Tue 11/17/2015-21:25:35.37",1447768714,1447770335,19603,1447768733,1447770404,-19,69,1621,1671,50
"blast500k_test_pub_fileFULL_gr_1317","IS24T-06XX292-DT","Tue 11/17/2015-21:02:21.61","Tue 11/17/2015-21:14:09.42",1447768941,1447769649,19604,1447768996,1447769734,-55,85,708,738,30
"blast500k_test_pub_fileFULL_gr_1318","IS24T-06XX260-DT","Tue 11/17/2015-21:10:24.06","Tue 11/17/2015-21:29:37.81",1447769424,1447770577,19605,1447769404,1447770595,20,18,1153,1191,38
"blast500k_test_pub_fileFULL_gr_1319","IS24T-06XX289-DT","Tue 11/17/2015-21:25:13.71","Tue 11/17/2015-21:48:54.89",1447770313,1447771734,19606,1447770306,1447771768,7,34,1421,1462,41
"blast500k_test_pub_fileFULL_gr_132","IS24T-06XX271-DT","Tue 11/17/2015-18:06:18.77","Tue 11/17/2015-18:25:17.09",1447758378,1447759517,18419,1447758359,1447759534,19,17,1139,1175,36
"blast500k_test_pub_fileFULL_gr_1320","IS24T-06XX286-DT","Tue 11/17/2015-21:13:08.85","Tue 11/17/2015-21:22:37.58",1447769588,1447770157,19607,1447769577,1447770186,11,29,569,609,40
"blast500k_test_pub_fileFULL_gr_1321","IS24T-06XX265-DT","Tue 11/17/2015-20:59:25.11","Tue 11/17/2015-21:09:06.71",1447768765,1447769346,19608,1447768741,1447769361,24,15,581,620,39
"blast500k_test_pub_fileFULL_gr_1322","IS24T-06XX273-DT","Tue 11/17/2015-21:02:22.36","Tue 11/17/2015-21:19:07.22",1447768942,1447769947,19609,1447768922,1447769961,20,14,1005,1039,34
"blast500k_test_pub_fileFULL_gr_1323","IS24T-06XX274-DT","Tue 11/17/2015-21:08:02.98","Tue 11/17/2015-21:23:46.60",1447769282,1447770226,19610,1447769257,1447770243,25,17,944,986,42
"blast500k_test_pub_fileFULL_gr_1324","IS24T-06XX259-DT","Tue 11/17/2015-21:10:35.07","Tue 11/17/2015-21:33:57.91",1447769435,1447770837,19611,1447769411,1447770856,24,19,1402,1445,43
"blast500k_test_pub_fileFULL_gr_1325","IS24T-06XX258-DT","Tue 11/17/2015-21:09:37.46","Tue 11/17/2015-21:20:32.19",1447769377,1447770032,19612,1447769354,1447770049,23,17,655,695,40
"blast500k_test_pub_fileFULL_gr_1326","IS24T-06XX266-DT","Tue 11/17/2015-21:26:06.52","Tue 11/17/2015-21:45:09.60",1447770366,1447771509,19613,1447770340,1447771527,26,18,1143,1187,44
"blast500k_test_pub_fileFULL_gr_1327","IS24T-06XX295-DT","Tue 11/17/2015-21:34:35.29","Tue 11/17/2015-21:51:39.64",1447770875,1447771899,19614,1447770895,1447771959,-20,60,1024,1064,40
"blast500k_test_pub_fileFULL_gr_1328","IS24T-06XX279-DT","Tue 11/17/2015-21:10:11.41","Tue 11/17/2015-21:22:18.84",1447769411,1447770138,19615,1447769412,1447770182,-1,44,727,770,43
"blast500k_test_pub_fileFULL_gr_1329","IS24T-06XX283-DT","Tue 11/17/2015-21:30:15.78","Tue 11/17/2015-21:43:09.94",1447770615,1447771389,19616,1447770603,1447771417,12,28,774,814,40
"blast500k_test_pub_fileFULL_gr_133","IS24T-06XX255-DT","Tue 11/17/2015-17:58:22.82","Tue 11/17/2015-18:13:21.37",1447757902,1447758801,18420,1447757877,1447758816,25,15,899,939,40
"blast500k_test_pub_fileFULL_gr_1330","IS24T-06XX298-DT","Tue 11/17/2015-21:07:54.82","Tue 11/17/2015-21:19:24.26",1447769274,1447769964,19617,1447769309,1447770037,-35,73,690,728,38
"blast500k_test_pub_fileFULL_gr_1331","IS24T-06XX209-DT","Tue 11/17/2015-21:36:03.93","Tue 11/17/2015-22:01:19.37",1447770963,1447772479,19618,1447770985,1447772551,-22,72,1516,1566,50
"blast500k_test_pub_fileFULL_gr_1332","IS24T-06XX257-DT","Tue 11/17/2015-21:34:21.24","Tue 11/17/2015-21:57:14.41",1447770861,1447772234,19619,1447770830,1447772247,31,13,1373,1417,44
"blast500k_test_pub_fileFULL_gr_1333","IS24T-06XX291-DT","Tue 11/17/2015-21:40:29.66","Tue 11/17/2015-21:52:41.40",1447771229,1447771961,19620,1447771229,1447771987,0,26,732,758,26
"blast500k_test_pub_fileFULL_gr_1334","IS24T-06XX256-DT","Tue 11/17/2015-21:04:52.75","Tue 11/17/2015-21:26:40.01",1447769092,1447770400,19621,1447769047,1447770415,45,15,1308,1368,60
"blast500k_test_pub_fileFULL_gr_1335","IS24T-06XX286-DT","Tue 11/17/2015-21:22:53.66","Tue 11/17/2015-21:38:42.04",1447770173,1447771122,19622,1447770174,1447771150,-1,28,949,976,27
"blast500k_test_pub_fileFULL_gr_1336","IS24T-06XX265-DT","Tue 11/17/2015-21:05:58.49","Tue 11/17/2015-21:21:27.97",1447769158,1447770087,19623,1447769135,1447770103,23,16,929,968,39
"blast500k_test_pub_fileFULL_gr_1337","IS24T-06XX289-DT","Tue 11/17/2015-21:52:23.06","Tue 11/17/2015-22:10:10.60",1447771943,1447773010,19624,1447771946,1447773042,-3,32,1067,1096,29
"blast500k_test_pub_fileFULL_gr_1338","IS24T-06XX293-DT","Tue 11/17/2015-21:15:37.48","Tue 11/17/2015-21:29:57.65",1447769737,1447770597,19625,1447769729,1447770633,8,36,860,904,44
"blast500k_test_pub_fileFULL_gr_1339","IS24T-06XX272-DT","Tue 11/17/2015-21:09:59.58","Tue 11/17/2015-21:18:50.71",1447769399,1447769930,19626,1447769376,1447769949,23,19,531,573,42
"blast500k_test_pub_fileFULL_gr_134","IS24T-06XX262-DT","Tue 11/17/2015-17:45:12.78","Tue 11/17/2015-18:03:34.25",1447757112,1447758214,18421,1447757055,1447758243,57,29,1102,1188,86
"blast500k_test_pub_fileFULL_gr_1340","IS24T-06XX257-DT","Tue 11/17/2015-21:12:39.81","Tue 11/17/2015-21:34:48.91",1447769559,1447770888,19627,1447769534,1447770902,25,14,1329,1368,39
"blast500k_test_pub_fileFULL_gr_1341","IS24T-06XX277-DT","Tue 11/17/2015-21:20:06.23","Tue 11/17/2015-21:33:57.45",1447770006,1447770837,19628,1447769991,1447770850,15,13,831,859,28
"blast500k_test_pub_fileFULL_gr_1342","IS24T-06XX252-DT","Tue 11/17/2015-21:07:33.66","Tue 11/17/2015-21:17:20.72",1447769253,1447769840,19629,1447769229,1447769859,24,19,587,630,43
"blast500k_test_pub_fileFULL_gr_1343","IS24T-06XX271-DT","Tue 11/17/2015-21:11:48.02","Tue 11/17/2015-21:25:34.20",1447769508,1447770334,19630,1447769495,1447770348,13,14,826,853,27
"blast500k_test_pub_fileFULL_gr_1344","IS24T-06XX273-DT","Tue 11/17/2015-21:19:28.58","Tue 11/17/2015-21:31:37.04",1447769968,1447770697,19631,1447769950,1447770711,18,14,729,761,32
"blast500k_test_pub_fileFULL_gr_1345","IS24T-06XX289-DT","Tue 11/17/2015-21:08:59.55","Tue 11/17/2015-21:24:35.00",1447769339,1447770275,19632,1447769334,1447770306,5,31,936,972,36
"blast500k_test_pub_fileFULL_gr_1346","IS24T-06XX283-DT","Tue 11/17/2015-21:15:01.27","Tue 11/17/2015-21:29:45.25",1447769701,1447770585,19633,1447769691,1447770615,10,30,884,924,40
"blast500k_test_pub_fileFULL_gr_1347","IS24T-06XX294-DT","Tue 11/17/2015-21:12:27.40","Tue 11/17/2015-21:26:56.18",1447769547,1447770416,19634,1447769535,1447770445,12,29,869,910,41
"blast500k_test_pub_fileFULL_gr_1348","IS24T-06XX267-DT","Tue 11/17/2015-21:04:28.68","Tue 11/17/2015-21:13:44.89",1447769068,1447769624,19635,1447769042,1447769641,26,17,556,599,43
"blast500k_test_pub_fileFULL_gr_1349","IS24T-06XX262-DT","Tue 11/17/2015-21:21:57.66","Tue 11/17/2015-21:46:20.17",1447770117,1447771580,19636,1447770097,1447771605,20,25,1463,1508,45
"blast500k_test_pub_fileFULL_gr_135","IS24T-06XX264-DT","Tue 11/17/2015-17:45:23.45","Tue 11/17/2015-18:14:59.50",1447757123,1447758899,18422,1447757086,1447758915,37,16,1776,1829,53
"blast500k_test_pub_fileFULL_gr_1350","IS24T-06XX296-DT","Tue 11/17/2015-21:45:47.03","Tue 11/17/2015-21:59:24.59",1447771547,1447772364,19637,1447771537,1447772394,10,30,817,857,40
"blast500k_test_pub_fileFULL_gr_1351","IS24T-06XX277-DT","Tue 11/17/2015-21:34:10.61","Tue 11/17/2015-21:49:14.32",1447770850,1447771754,19638,1447770838,1447771772,12,18,904,934,30
"blast500k_test_pub_fileFULL_gr_1352","IS24T-06XX296-DT","Tue 11/17/2015-21:42:05.96","Tue 11/17/2015-21:55:22.55",1447771325,1447772122,19639,1447771311,1447772152,14,30,797,841,44
"blast500k_test_pub_fileFULL_gr_1353","IS24T-06XX259-DT","Tue 11/17/2015-21:31:08.06","Tue 11/17/2015-21:46:18.70",1447770668,1447771578,19640,1447770644,1447771593,24,15,910,949,39
"blast500k_test_pub_fileFULL_gr_1354","IS24T-06XX263-DT","Tue 11/17/2015-21:05:52.41","Tue 11/17/2015-21:26:54.76",1447769152,1447770414,19641,1447769127,1447770429,25,15,1262,1302,40
"blast500k_test_pub_fileFULL_gr_1355","IS24T-06XX256-DT","Tue 11/17/2015-21:04:52.75","Tue 11/17/2015-21:20:34.43",1447769092,1447770034,19642,1447769059,1447770048,33,14,942,989,47
"blast500k_test_pub_fileFULL_gr_1356","IS24T-06XX265-DT","Tue 11/17/2015-21:09:27.22","Tue 11/17/2015-21:28:09.58",1447769367,1447770489,19643,1447769349,1447770507,18,18,1122,1158,36
"blast500k_test_pub_fileFULL_gr_1357","IS24T-06XX294-DT","Tue 11/17/2015-21:43:05.17","Tue 11/17/2015-22:03:11.31",1447771385,1447772591,19644,1447771372,1447772618,13,27,1206,1246,40
"blast500k_test_pub_fileFULL_gr_1358","IS24T-06XX255-DT","Tue 11/17/2015-21:09:55.81","Tue 11/17/2015-21:21:44.73",1447769395,1447770104,19645,1447769355,1447770119,40,15,709,764,55
"blast500k_test_pub_fileFULL_gr_1359","IS24T-06XX256-DT","Tue 11/17/2015-21:56:39.20","Tue 11/17/2015-22:15:24.04",1447772199,1447773324,19646,1447772175,1447773342,24,18,1125,1167,42
"blast500k_test_pub_fileFULL_gr_136","IS24T-06XX256-DT","Tue 11/17/2015-18:15:32.66","Tue 11/17/2015-18:27:42.30",1447758932,1447759662,18423,1447758908,1447759681,24,19,730,773,43
"blast500k_test_pub_fileFULL_gr_1360","IS24T-06XX276-DT","Tue 11/17/2015-21:22:27.90","Tue 11/17/2015-21:37:27.21",1447770147,1447771047,19647,1447770125,1447771064,22,17,900,939,39
"blast500k_test_pub_fileFULL_gr_1361","IS24T-06XX271-DT","Tue 11/17/2015-21:05:41.93","Tue 11/17/2015-21:25:58.33",1447769141,1447770358,19648,1447769120,1447770373,21,15,1217,1253,36
"blast500k_test_pub_fileFULL_gr_1362","IS24T-06XX284-DT","Tue 11/17/2015-21:20:26.43","Tue 11/17/2015-21:41:53.22",1447770026,1447771313,19649,1447770032,1447771377,-6,64,1287,1345,58
"blast500k_test_pub_fileFULL_gr_1363","IS24T-06XX254-DT","Tue 11/17/2015-21:25:22.48","Tue 11/17/2015-21:47:27.43",1447770322,1447771647,19650,1447770290,1447771666,32,19,1325,1376,51
"blast500k_test_pub_fileFULL_gr_1364","IS24T-06XX288-DT","Tue 11/17/2015-21:22:46.62","Tue 11/17/2015-21:40:17.07",1447770166,1447771217,19651,1447770134,1447771230,32,13,1051,1096,45
"blast500k_test_pub_fileFULL_gr_1365","IS24T-06XX276-DT","Tue 11/17/2015-21:38:21.48","Tue 11/17/2015-21:50:21.97",1447771101,1447771821,19652,1447771088,1447771837,13,16,720,749,29
"blast500k_test_pub_fileFULL_gr_1366","IS24T-06XX282-DT","Tue 11/17/2015-21:23:22.65","Tue 11/17/2015-21:37:09.91",1447770202,1447771029,19653,1447770199,1447771054,3,25,827,855,28
"blast500k_test_pub_fileFULL_gr_1367","IS24T-06XX277-DT","Tue 11/17/2015-21:07:34.47","Tue 11/17/2015-21:19:34.16",1447769254,1447769974,19654,1447769243,1447769991,11,17,720,748,28
"blast500k_test_pub_fileFULL_gr_1368","IS24T-06XX300-DT","Tue 11/17/2015-21:07:59.47","Tue 11/17/2015-21:30:32.13",1447769279,1447770632,19655,1447769263,1447770658,16,26,1353,1395,42
"blast500k_test_pub_fileFULL_gr_1369","IS24T-06XX299-DT","Tue 11/17/2015-21:10:52.82","Tue 11/17/2015-21:31:36.00",1447769452,1447770696,19656,1447769465,1447770740,-13,44,1244,1275,31
"blast500k_test_pub_fileFULL_gr_137","IS24T-06XX276-DT","Tue 11/17/2015-17:46:20.36","Tue 11/17/2015-17:58:16.71",1447757180,1447757896,18424,1447757137,1447757914,43,18,716,777,61
"blast500k_test_pub_fileFULL_gr_1370","IS24T-06XX281-DT","Tue 11/17/2015-22:08:32.27","Tue 11/17/2015-22:30:03.05",1447772912,1447774203,19657,1447772903,1447774230,9,27,1291,1327,36
"blast500k_test_pub_fileFULL_gr_1371","IS24T-06XX276-DT","Tue 11/17/2015-21:09:44.51","Tue 11/17/2015-21:21:51.66",1447769384,1447770111,19658,1447769363,1447770125,21,14,727,762,35
"blast500k_test_pub_fileFULL_gr_1372","IS24T-06XX283-DT","Tue 11/17/2015-21:31:07.79","Tue 11/17/2015-21:43:54.00",1447770667,1447771434,19659,1447770668,1447771461,-1,27,767,793,26
"blast500k_test_pub_fileFULL_gr_1373","IS24T-06XX273-DT","Tue 11/17/2015-21:22:21.77","Tue 11/17/2015-21:35:16.00",1447770141,1447770916,19660,1447770130,1447770933,11,17,775,803,28
"blast500k_test_pub_fileFULL_gr_1374","IS24T-06XX278-DT","Tue 11/17/2015-21:18:34.45","Tue 11/17/2015-21:40:40.57",1447769914,1447771240,19661,1447769906,1447771271,8,31,1326,1365,39
"blast500k_test_pub_fileFULL_gr_1375","IS24T-06XX266-DT","Tue 11/17/2015-21:13:36.65","Tue 11/17/2015-21:30:40.72",1447769616,1447770640,19662,1447769602,1447770658,14,18,1024,1056,32
"blast500k_test_pub_fileFULL_gr_1376","IS24T-06XX281-DT","Tue 11/17/2015-21:15:10.42","Tue 11/17/2015-21:27:57.64",1447769710,1447770477,19663,1447769695,1447770505,15,28,767,810,43
"blast500k_test_pub_fileFULL_gr_1377","IS24T-06XX255-DT","Tue 11/17/2015-21:22:08.73","Tue 11/17/2015-21:32:25.18",1447770128,1447770745,19664,1447770107,1447770762,21,17,617,655,38
"blast500k_test_pub_fileFULL_gr_1378","IS24T-06XX273-DT","Tue 11/17/2015-21:09:58.11","Tue 11/17/2015-21:21:56.15",1447769398,1447770116,19665,1447769378,1447770130,20,14,718,752,34
"blast500k_test_pub_fileFULL_gr_1379","IS24T-06XX253-DT","Tue 11/17/2015-21:25:51.64","Tue 11/17/2015-21:39:33.24",1447770351,1447771173,19666,1447770328,1447771187,23,14,822,859,37
"blast500k_test_pub_fileFULL_gr_138","IS24T-06XX286-DT","Tue 11/17/2015-17:56:53.91","Tue 11/17/2015-18:15:05.74",1447757813,1447758905,18425,1447757809,1447758932,4,27,1092,1123,31
"blast500k_test_pub_fileFULL_gr_1380","IS24T-06XX286-DT","Tue 11/17/2015-21:14:17.18","Tue 11/17/2015-21:25:50.12",1447769657,1447770350,19667,1447769653,1447770377,4,27,693,724,31
"blast500k_test_pub_fileFULL_gr_1381","IS24T-06XX283-DT","Tue 11/17/2015-21:13:38.58","Tue 11/17/2015-21:30:52.88",1447769618,1447770652,19668,1447769604,1447770681,14,29,1034,1077,43
"blast500k_test_pub_fileFULL_gr_1382","IS24T-06XX300-DT","Tue 11/17/2015-21:27:49.96","Tue 11/17/2015-21:44:39.75",1447770469,1447771479,19669,1447770454,1447771505,15,26,1010,1051,41
"blast500k_test_pub_fileFULL_gr_1383","IS24T-06XX261-DT","Tue 11/17/2015-21:22:42.73","Tue 11/17/2015-21:41:19.48",1447770162,1447771279,19670,1447770138,1447771286,24,7,1117,1148,31
"blast500k_test_pub_fileFULL_gr_1384","IS24T-06XX266-DT","Tue 11/17/2015-21:58:54.69","Tue 11/17/2015-22:16:03.99",1447772334,1447773363,19671,1447772309,1447773380,25,17,1029,1071,42
"blast500k_test_pub_fileFULL_gr_1385","IS24T-06XX263-DT","Tue 11/17/2015-21:28:41.73","Tue 11/17/2015-21:38:49.26",1447770521,1447771129,19672,1447770509,1447771146,12,17,608,637,29
"blast500k_test_pub_fileFULL_gr_1386","IS24T-06XX287-DT","Tue 11/17/2015-21:30:38.27","Tue 11/17/2015-21:51:52.15",1447770638,1447771912,19673,1447770635,1447771946,3,34,1274,1311,37
"blast500k_test_pub_fileFULL_gr_1387","IS24T-06XX289-DT","Tue 11/17/2015-21:19:40.07","Tue 11/17/2015-21:42:25.38",1447769980,1447771345,19674,1447769969,1447771381,11,36,1365,1412,47
"blast500k_test_pub_fileFULL_gr_1388","IS24T-06XX257-DT","Tue 11/17/2015-21:18:28.42","Tue 11/17/2015-21:33:47.49",1447769908,1447770827,19675,1447769881,1447770842,27,15,919,961,42
"blast500k_test_pub_fileFULL_gr_1389","IS24T-06XX287-DT","Tue 11/17/2015-21:14:35.72","Tue 11/17/2015-21:30:16.75",1447769675,1447770616,19676,1447769674,1447770647,1,31,941,973,32
"blast500k_test_pub_fileFULL_gr_139","IS24T-06XX273-DT","Tue 11/17/2015-18:00:17.30","Tue 11/17/2015-18:17:37.25",1447758017,1447759057,18426,1447758005,1447759075,12,18,1040,1070,30
"blast500k_test_pub_fileFULL_gr_1390","IS24T-06XX268-DT","Tue 11/17/2015-21:29:50.02","Tue 11/17/2015-21:46:46.89",1447770590,1447771606,19677,1447770567,1447771622,23,16,1016,1055,39
"blast500k_test_pub_fileFULL_gr_1391","IS24T-06XX209-DT","Tue 11/17/2015-21:11:32.33","Tue 11/17/2015-21:35:14.17",1447769492,1447770914,19678,1447769515,1447770985,-23,71,1422,1470,48
"blast500k_test_pub_fileFULL_gr_1392","IS24T-06XX292-DT","Tue 11/17/2015-21:14:43.73","Tue 11/17/2015-21:29:54.42",1447769683,1447770594,19679,1447769721,1447770676,-38,82,911,955,44
"blast500k_test_pub_fileFULL_gr_1393","IS24T-06XX291-DT","Tue 11/17/2015-21:49:49.48","Tue 11/17/2015-21:59:44.36",1447771789,1447772384,19680,1447771774,1447772413,15,29,595,639,44
"blast500k_test_pub_fileFULL_gr_1394","IS24T-06XX264-DT","Tue 11/17/2015-21:23:19.52","Tue 11/17/2015-21:44:18.85",1447770199,1447771458,19681,1447770174,1447771474,25,16,1259,1300,41
"blast500k_test_pub_fileFULL_gr_1395","IS24T-06XX295-DT","Tue 11/17/2015-21:14:44.79","Tue 11/17/2015-21:28:40.56",1447769684,1447770520,19682,1447769701,1447770581,-17,61,836,880,44
"blast500k_test_pub_fileFULL_gr_1396","IS24T-06XX279-DT","Tue 11/17/2015-21:16:29.76","Tue 11/17/2015-21:27:43.83",1447769789,1447770463,19683,1447769795,1447770508,-6,45,674,713,39
"blast500k_test_pub_fileFULL_gr_1397","IS24T-06XX267-DT","Tue 11/17/2015-21:19:09.90","Tue 11/17/2015-21:30:29.92",1447769949,1447770629,19684,1447769931,1447770644,18,15,680,713,33
"blast500k_test_pub_fileFULL_gr_1398","IS24T-06XX256-DT","Tue 11/17/2015-21:27:05.77","Tue 11/17/2015-21:36:42.76",1447770425,1447771002,19685,1447770403,1447771021,22,19,577,618,41
"blast500k_test_pub_fileFULL_gr_1399","IS24T-06XX252-DT","Tue 11/17/2015-21:15:31.43","Tue 11/17/2015-21:32:32.95",1447769731,1447770752,19686,1447769712,1447770772,19,20,1021,1060,39
"blast500k_test_pub_fileFULL_gr_14","IS24T-06XX288-DT","Tue 11/17/2015-17:45:32.32","Tue 11/17/2015-18:24:39.70",1447757132,1447759479,18301,1447757063,1447759493,69,14,2347,2430,83
"blast500k_test_pub_fileFULL_gr_140","IS24T-06XX262-DT","Tue 11/17/2015-18:34:59.97","Tue 11/17/2015-19:06:24.28",1447760099,1447761984,18427,1447760077,1447762012,22,28,1885,1935,50
"blast500k_test_pub_fileFULL_gr_1400","IS24T-06XX268-DT","Tue 11/17/2015-21:18:42.25","Tue 11/17/2015-21:29:23.24",1447769922,1447770563,19687,1447769904,1447770578,18,15,641,674,33
"blast500k_test_pub_fileFULL_gr_1401","IS24T-06XX267-DT","Tue 11/17/2015-21:14:03.18","Tue 11/17/2015-21:35:26.02",1447769643,1447770926,19688,1447769629,1447770941,14,15,1283,1312,29
"blast500k_test_pub_fileFULL_gr_1402","IS24T-06XX285-DT","Tue 11/17/2015-21:25:26.92","Tue 11/17/2015-21:44:34.70",1447770326,1447771474,19689,1447770309,1447771500,17,26,1148,1191,43
"blast500k_test_pub_fileFULL_gr_1403","IS24T-06XX261-DT","Tue 11/17/2015-21:41:37.30","Tue 11/17/2015-22:02:58.05",1447771297,1447772578,19690,1447771286,1447772595,11,17,1281,1309,28
"blast500k_test_pub_fileFULL_gr_1404","IS24T-06XX275-DT","Tue 11/17/2015-21:12:49.76","Tue 11/17/2015-21:32:25.19",1447769569,1447770745,19691,1447769555,1447770772,14,27,1176,1217,41
"blast500k_test_pub_fileFULL_gr_1405","IS24T-06XX268-DT","Tue 11/17/2015-21:15:53.68","Tue 11/17/2015-21:37:05.75",1447769753,1447771025,19692,1447769729,1447771040,24,15,1272,1311,39
"blast500k_test_pub_fileFULL_gr_1406","IS24T-06XX281-DT","Tue 11/17/2015-21:28:29.71","Tue 11/17/2015-21:43:15.33",1447770509,1447771395,19693,1447770493,1447771419,16,24,886,926,40
"blast500k_test_pub_fileFULL_gr_1407","IS24T-06XX258-DT","Tue 11/17/2015-21:16:33.08","Tue 11/17/2015-21:31:22.68",1447769793,1447770682,19694,1447769771,1447770700,22,18,889,929,40
"blast500k_test_pub_fileFULL_gr_1408","IS24T-06XX261-DT","Tue 11/17/2015-21:13:54.95","Tue 11/17/2015-21:26:16.70",1447769634,1447770376,19695,1447769622,1447770395,12,19,742,773,31
"blast500k_test_pub_fileFULL_gr_1409","IS24T-06XX292-DT","Tue 11/17/2015-21:14:44.09","Tue 11/17/2015-21:28:39.74",1447769684,1447770519,19696,1447769710,1447770604,-26,85,835,894,59
"blast500k_test_pub_fileFULL_gr_141","IS24T-06XX259-DT","Tue 11/17/2015-17:59:07.49","Tue 11/17/2015-18:08:39.64",1447757947,1447758519,18428,1447757934,1447758536,13,17,572,602,30
"blast500k_test_pub_fileFULL_gr_1410","IS24T-06XX293-DT","Tue 11/17/2015-21:22:14.95","Tue 11/17/2015-21:40:01.89",1447770134,1447771201,19697,1447770141,1447771236,-7,35,1067,1095,28
"blast500k_test_pub_fileFULL_gr_1411","IS24T-06XX261-DT","Tue 11/17/2015-21:26:47.18","Tue 11/17/2015-21:40:11.21",1447770407,1447771211,19698,1447770383,1447771228,24,17,804,845,41
"blast500k_test_pub_fileFULL_gr_1412","IS24T-06XX284-DT","Tue 11/17/2015-21:26:58.80","Tue 11/17/2015-21:55:50.19",1447770418,1447772150,19699,1447770431,1447772208,-13,58,1732,1777,45
"blast500k_test_pub_fileFULL_gr_1413","IS24T-06XX287-DT","Tue 11/17/2015-21:22:20.23","Tue 11/17/2015-21:35:33.36",1447770140,1447770933,19700,1447770144,1447770963,-4,30,793,819,26
"blast500k_test_pub_fileFULL_gr_1414","IS24T-06XX209-DT","Tue 11/17/2015-21:26:08.76","Tue 11/17/2015-21:51:49.22",1447770368,1447771909,19701,1447770393,1447771980,-25,71,1541,1587,46
"blast500k_test_pub_fileFULL_gr_1415","IS24T-06XX273-DT","Tue 11/17/2015-21:35:41.18","Tue 11/17/2015-21:48:04.87",1447770941,1447771684,19702,1447770921,1447771699,20,15,743,778,35
"blast500k_test_pub_fileFULL_gr_1416","IS24T-06XX254-DT","Tue 11/17/2015-21:27:41.65","Tue 11/17/2015-21:45:01.29",1447770461,1447771501,19703,1447770432,1447771519,29,18,1040,1087,47
"blast500k_test_pub_fileFULL_gr_1417","IS24T-06XX285-DT","Tue 11/17/2015-21:15:51.59","Tue 11/17/2015-21:29:16.02",1447769751,1447770556,19704,1447769737,1447770582,14,26,805,845,40
"blast500k_test_pub_fileFULL_gr_1418","IS24T-06XX288-DT","Tue 11/17/2015-21:58:07.67","Tue 11/17/2015-22:20:49.75",1447772287,1447773649,19705,1447772239,1447773661,48,12,1362,1422,60
"blast500k_test_pub_fileFULL_gr_1419","IS24T-06XX291-DT","Tue 11/17/2015-21:35:24.96","Tue 11/17/2015-21:49:20.98",1447770924,1447771760,19706,1447770906,1447771787,18,27,836,881,45
"blast500k_test_pub_fileFULL_gr_142","IS24T-06XX287-DT","Tue 11/17/2015-17:58:57.56","Tue 11/17/2015-18:12:33.82",1447757937,1447758753,18429,1447757936,1447758785,1,32,816,849,33
"blast500k_test_pub_fileFULL_gr_1420","IS24T-06XX256-DT","Tue 11/17/2015-21:21:11.96","Tue 11/17/2015-21:40:55.97",1447770071,1447771255,19707,1447770048,1447771272,23,17,1184,1224,40
"blast500k_test_pub_fileFULL_gr_1421","IS24T-06XX284-DT","Tue 11/17/2015-21:22:04.07","Tue 11/17/2015-21:43:49.97",1447770124,1447771429,19708,1447770128,1447771491,-4,62,1305,1363,58
"blast500k_test_pub_fileFULL_gr_1422","IS24T-06XX271-DT","Tue 11/17/2015-21:26:26.37","Tue 11/17/2015-21:46:23.99",1447770386,1447771583,19709,1447770349,1447771601,37,18,1197,1252,55
"blast500k_test_pub_fileFULL_gr_1423","IS24T-06XX280-DT","Tue 11/17/2015-21:24:56.32","Tue 11/17/2015-21:46:09.10",1447770296,1447771569,19710,1447770421,1447771749,-125,180,1273,1328,55
"blast500k_test_pub_fileFULL_gr_1424","IS24T-06XX295-DT","Tue 11/17/2015-21:20:09.31","Tue 11/17/2015-21:34:06.30",1447770009,1447770846,19711,1447770030,1447770907,-21,61,837,877,40
"blast500k_test_pub_fileFULL_gr_1425","IS24T-06XX278-DT","Tue 11/17/2015-21:48:47.78","Tue 11/17/2015-22:05:12.16",1447771727,1447772712,19712,1447771720,1447772746,7,34,985,1026,41
"blast500k_test_pub_fileFULL_gr_1426","IS24T-06XX288-DT","Tue 11/17/2015-21:19:45.56","Tue 11/17/2015-21:43:18.52",1447769985,1447771398,19713,1447769946,1447771408,39,10,1413,1462,49
"blast500k_test_pub_fileFULL_gr_1427","IS24T-06XX269-DT","Tue 11/17/2015-21:40:12.88","Tue 11/17/2015-21:53:06.31",1447771212,1447771986,19714,1447771206,1447772015,6,29,774,809,35
"blast500k_test_pub_fileFULL_gr_1428","IS24T-06XX294-DT","Tue 11/17/2015-21:27:25.21","Tue 11/17/2015-21:42:37.68",1447770445,1447771357,19715,1447770433,1447771385,12,28,912,952,40
"blast500k_test_pub_fileFULL_gr_1429","IS24T-06XX281-DT","Tue 11/17/2015-22:06:36.44","Tue 11/17/2015-22:20:19.09",1447772796,1447773619,19716,1447772782,1447773648,14,29,823,866,43
"blast500k_test_pub_fileFULL_gr_143","IS24T-06XX261-DT","Tue 11/17/2015-18:04:49.17","Tue 11/17/2015-18:20:36.77",1447758289,1447759236,18430,1447758271,1447759255,18,19,947,984,37
"blast500k_test_pub_fileFULL_gr_1430","IS24T-06XX288-DT","Tue 11/17/2015-21:41:27.52","Tue 11/17/2015-22:09:49.02",1447771287,1447772989,19717,1447771218,1447773000,69,11,1702,1782,80
"blast500k_test_pub_fileFULL_gr_1431","IS24T-06XX265-DT","Tue 11/17/2015-21:22:08.59","Tue 11/17/2015-21:37:32.76",1447770128,1447771052,19718,1447770103,1447771069,25,17,924,966,42
"blast500k_test_pub_fileFULL_gr_1432","IS24T-06XX299-DT","Tue 11/17/2015-21:16:56.95","Tue 11/17/2015-21:32:31.77",1447769816,1447770751,19719,1447769831,1447770807,-15,56,935,976,41
"blast500k_test_pub_fileFULL_gr_1433","IS24T-06XX253-DT","Tue 11/17/2015-21:17:52.83","Tue 11/17/2015-21:32:33.07",1447769872,1447770753,19720,1447769847,1447770771,25,18,881,924,43
"blast500k_test_pub_fileFULL_gr_1434","IS24T-06XX271-DT","Tue 11/17/2015-21:26:26.38","Tue 11/17/2015-21:45:41.30",1447770386,1447771541,19721,1447770360,1447771555,26,14,1155,1195,40
"blast500k_test_pub_fileFULL_gr_1435","IS24T-06XX273-DT","Tue 11/17/2015-21:31:59.96","Tue 11/17/2015-21:49:25.18",1447770719,1447771765,19722,1447770700,1447771780,19,15,1046,1080,34
"blast500k_test_pub_fileFULL_gr_1436","IS24T-06XX277-DT","Tue 11/17/2015-21:30:56.70","Tue 11/17/2015-21:41:36.13",1447770656,1447771296,19723,1447770632,1447771311,24,15,640,679,39
"blast500k_test_pub_fileFULL_gr_1437","IS24T-06XX281-DT","Tue 11/17/2015-21:19:17.34","Tue 11/17/2015-21:33:47.10",1447769957,1447770827,19724,1447769946,1447770852,11,25,870,906,36
"blast500k_test_pub_fileFULL_gr_1438","IS24T-06XX255-DT","Tue 11/17/2015-21:36:26.58","Tue 11/17/2015-21:49:26.06",1447770986,1447771766,19725,1447770963,1447771783,23,17,780,820,40
"blast500k_test_pub_fileFULL_gr_1439","IS24T-06XX209-DT","Tue 11/17/2015-21:21:49.79","Tue 11/17/2015-21:46:57.77",1447770109,1447771617,19726,1447770129,1447771685,-20,68,1508,1556,48
"blast500k_test_pub_fileFULL_gr_144","IS24T-06XX288-DT","Tue 11/17/2015-17:44:56.16","Tue 11/17/2015-18:00:31.96",1447757096,1447758031,18431,1447757050,1447758046,46,15,935,996,61
"blast500k_test_pub_fileFULL_gr_1440","IS24T-06XX259-DT","Tue 11/17/2015-21:34:31.17","Tue 11/17/2015-21:49:23.47",1447770871,1447771763,19727,1447770856,1447771779,15,16,892,923,31
"blast500k_test_pub_fileFULL_gr_1441","IS24T-06XX253-DT","Tue 11/17/2015-21:40:01.29","Tue 11/17/2015-21:49:45.06",1447771201,1447771785,19728,1447771175,1447771799,26,14,584,624,40
"blast500k_test_pub_fileFULL_gr_1442","IS24T-06XX282-DT","Tue 11/17/2015-21:37:23.58","Tue 11/17/2015-21:56:31.68",1447771043,1447772191,19729,1447771041,1447772217,2,26,1148,1176,28
"blast500k_test_pub_fileFULL_gr_1443","IS24T-06XX292-DT","Tue 11/17/2015-21:30:07.84","Tue 11/17/2015-21:53:23.61",1447770607,1447772003,19730,1447770663,1447772086,-56,83,1396,1423,27
"blast500k_test_pub_fileFULL_gr_1444","IS24T-06XX261-DT","Tue 11/17/2015-21:40:38.21","Tue 11/17/2015-22:04:39.92",1447771238,1447772679,19731,1447771216,1447772697,22,18,1441,1481,40
"blast500k_test_pub_fileFULL_gr_1445","IS24T-06XX279-DT","Tue 11/17/2015-21:22:42.53","Tue 11/17/2015-21:38:26.42",1447770162,1447771106,19732,1447770170,1447771150,-8,44,944,980,36
"blast500k_test_pub_fileFULL_gr_1446","IS24T-06XX262-DT","Tue 11/17/2015-21:38:28.41","Tue 11/17/2015-22:02:01.09",1447771108,1447772521,19733,1447771084,1447772546,24,25,1413,1462,49
"blast500k_test_pub_fileFULL_gr_1447","IS24T-06XX263-DT","Tue 11/17/2015-21:27:23.08","Tue 11/17/2015-21:46:13.36",1447770443,1447771573,19734,1447770417,1447771590,26,17,1130,1173,43
"blast500k_test_pub_fileFULL_gr_1448","IS24T-06XX256-DT","Tue 11/17/2015-22:15:50.88","Tue 11/17/2015-22:37:40.75",1447773350,1447774660,19735,1447773330,1447774676,20,16,1310,1346,36
"blast500k_test_pub_fileFULL_gr_1449","IS24T-06XX297-DT","Tue 11/17/2015-21:23:20.23","Tue 11/17/2015-21:38:42.36",1447770200,1447771122,19736,1447770176,1447771158,24,36,922,982,60
"blast500k_test_pub_fileFULL_gr_145","IS24T-06XX254-DT","Tue 11/17/2015-18:08:58.95","Tue 11/17/2015-18:31:41.71",1447758538,1447759901,18432,1447758507,1447759918,31,17,1363,1411,48
"blast500k_test_pub_fileFULL_gr_1450","IS24T-06XX299-DT","Tue 11/17/2015-21:57:02.74","Tue 11/17/2015-22:12:32.35",1447772222,1447773152,19737,1447772235,1447773206,-13,54,930,971,41
"blast500k_test_pub_fileFULL_gr_1451","IS24T-06XX291-DT","Tue 11/17/2015-21:22:20.53","Tue 11/17/2015-21:34:49.35",1447770140,1447770889,19738,1447770136,1447770918,4,29,749,782,33
"blast500k_test_pub_fileFULL_gr_1452","IS24T-06XX297-DT","Tue 11/17/2015-21:24:56.55","Tue 11/17/2015-21:56:55.74",1447770296,1447772215,19739,1447770275,1447772249,21,34,1919,1974,55
"blast500k_test_pub_fileFULL_gr_1453","IS24T-06XX269-DT","Tue 11/17/2015-21:22:52.15","Tue 11/17/2015-21:39:35.97",1447770172,1447771175,19740,1447770171,1447771206,1,31,1003,1035,32
"blast500k_test_pub_fileFULL_gr_1454","IS24T-06XX268-DT","Tue 11/17/2015-22:19:57.09","Tue 11/17/2015-22:31:26.95",1447773597,1447774286,19741,1447773573,1447774302,24,16,689,729,40
"blast500k_test_pub_fileFULL_gr_1455","IS24T-06XX264-DT","Tue 11/17/2015-21:32:34.01","Tue 11/17/2015-21:50:27.94",1447770754,1447771827,19742,1447770725,1447771843,29,16,1073,1118,45
"blast500k_test_pub_fileFULL_gr_1456","IS24T-06XX265-DT","Tue 11/17/2015-21:28:39.64","Tue 11/17/2015-21:50:36.72",1447770519,1447771836,19743,1447770494,1447771853,25,17,1317,1359,42
"blast500k_test_pub_fileFULL_gr_1457","IS24T-06XX252-DT","Tue 11/17/2015-21:33:06.84","Tue 11/17/2015-21:50:40.23",1447770786,1447771840,19744,1447770761,1447771857,25,17,1054,1096,42
"blast500k_test_pub_fileFULL_gr_1458","IS24T-06XX260-DT","Tue 11/17/2015-21:50:16.77","Tue 11/17/2015-22:02:54.75",1447771816,1447772574,19745,1447771797,1447772592,19,18,758,795,37
"blast500k_test_pub_fileFULL_gr_1459","IS24T-06XX292-DT","Tue 11/17/2015-22:00:04.86","Tue 11/17/2015-22:08:54.21",1447772404,1447772934,19746,1447772458,1447773014,-54,80,530,556,26
"blast500k_test_pub_fileFULL_gr_146","IS24T-06XX286-DT","Tue 11/17/2015-17:44:49.03","Tue 11/17/2015-17:56:33.17",1447757089,1447757793,18433,1447757070,1447757822,19,29,704,752,48
"blast500k_test_pub_fileFULL_gr_1460","IS24T-06XX272-DT","Tue 11/17/2015-21:46:46.33","Tue 11/17/2015-22:02:27.80",1447771606,1447772547,19747,1447771584,1447772564,22,17,941,980,39
"blast500k_test_pub_fileFULL_gr_1461","IS24T-06XX264-DT","Tue 11/17/2015-21:29:04.10","Tue 11/17/2015-21:47:53.28",1447770544,1447771673,19748,1447770512,1447771686,32,13,1129,1174,45
"blast500k_test_pub_fileFULL_gr_1462","IS24T-06XX280-DT","Tue 11/17/2015-22:01:03.16","Tue 11/17/2015-22:16:08.38",1447772463,1447773368,19749,1447772610,1447773551,-147,183,905,941,36
"blast500k_test_pub_fileFULL_gr_1463","IS24T-06XX263-DT","Tue 11/17/2015-21:46:43.72","Tue 11/17/2015-22:01:40.23",1447771603,1447772500,19750,1447771578,1447772519,25,19,897,941,44
"blast500k_test_pub_fileFULL_gr_1464","IS24T-06XX276-DT","Tue 11/17/2015-21:24:45.57","Tue 11/17/2015-21:38:00.64",1447770285,1447771080,19751,1447770265,1447771088,20,8,795,823,28
"blast500k_test_pub_fileFULL_gr_1465","IS24T-06XX264-DT","Tue 11/17/2015-21:49:49.33","Tue 11/17/2015-22:21:26.00",1447771789,1447773686,19752,1447771761,1447773700,28,14,1897,1939,42
"blast500k_test_pub_fileFULL_gr_1466","IS24T-06XX283-DT","Tue 11/17/2015-21:44:09.47","Tue 11/17/2015-22:00:08.87",1447771449,1447772408,19753,1447771449,1447772439,0,31,959,990,31
"blast500k_test_pub_fileFULL_gr_1467","IS24T-06XX209-DT","Tue 11/17/2015-21:47:32.89","Tue 11/17/2015-22:15:37.50",1447771652,1447773337,19754,1447771673,1447773404,-21,67,1685,1731,46
"blast500k_test_pub_fileFULL_gr_1468","IS24T-06XX283-DT","Tue 11/17/2015-21:43:38.70","Tue 11/17/2015-21:53:32.99",1447771418,1447772012,19755,1447771405,1447772043,13,31,594,638,44
"blast500k_test_pub_fileFULL_gr_1469","IS24T-06XX266-DT","Tue 11/17/2015-21:31:07.02","Tue 11/17/2015-21:43:24.76",1447770667,1447771404,19756,1447770647,1447771421,20,17,737,774,37
"blast500k_test_pub_fileFULL_gr_147","IS24T-06XX264-DT","Tue 11/17/2015-17:45:53.79","Tue 11/17/2015-17:57:13.01",1447757153,1447757833,18434,1447757109,1447757848,44,15,680,739,59
"blast500k_test_pub_fileFULL_gr_1470","IS24T-06XX273-DT","Tue 11/17/2015-21:48:27.62","Tue 11/17/2015-22:04:12.69",1447771707,1447772652,19757,1447771687,1447772667,20,15,945,980,35
"blast500k_test_pub_fileFULL_gr_1471","IS24T-06XX263-DT","Tue 11/17/2015-21:56:20.13","Tue 11/17/2015-22:13:59.80",1447772180,1447773239,19758,1447772155,1447773256,25,17,1059,1101,42
"blast500k_test_pub_fileFULL_gr_1472","IS24T-06XX275-DT","Tue 11/17/2015-21:52:53.00","Tue 11/17/2015-22:10:31.79",1447771973,1447773031,19759,1447771973,1447773059,0,28,1058,1086,28
"blast500k_test_pub_fileFULL_gr_1473","IS24T-06XX292-DT","Tue 11/17/2015-21:45:15.01","Tue 11/17/2015-21:59:36.14",1447771515,1447772376,19760,1447771556,1447772458,-41,82,861,902,41
"blast500k_test_pub_fileFULL_gr_1474","IS24T-06XX255-DT","Tue 11/17/2015-21:32:57.16","Tue 11/17/2015-21:53:44.50",1447770777,1447772024,19761,1447770750,1447772039,27,15,1247,1289,42
"blast500k_test_pub_fileFULL_gr_1475","IS24T-06XX258-DT","Tue 11/17/2015-21:31:51.57","Tue 11/17/2015-21:44:03.81",1447770711,1447771443,19762,1447770700,1447771462,11,19,732,762,30
"blast500k_test_pub_fileFULL_gr_1476","IS24T-06XX275-DT","Tue 11/17/2015-21:32:53.51","Tue 11/17/2015-21:49:07.12",1447770773,1447771747,19763,1447770761,1447771773,12,26,974,1012,38
"blast500k_test_pub_fileFULL_gr_1477","IS24T-06XX299-DT","Tue 11/17/2015-21:32:07.32","Tue 11/17/2015-21:45:02.72",1447770727,1447771502,19764,1447770740,1447771557,-13,55,775,817,42
"blast500k_test_pub_fileFULL_gr_1478","IS24T-06XX279-DT","Tue 11/17/2015-21:28:13.65","Tue 11/17/2015-21:44:28.86",1447770493,1447771468,19765,1447770496,1447771512,-3,44,975,1016,41
"blast500k_test_pub_fileFULL_gr_1479","IS24T-06XX254-DT","Tue 11/17/2015-21:33:14.24","Tue 11/17/2015-21:58:02.06",1447770794,1447772282,19766,1447770756,1447772299,38,17,1488,1543,55
"blast500k_test_pub_fileFULL_gr_148","IS24T-06XX257-DT","Tue 11/17/2015-18:05:59.07","Tue 11/17/2015-18:20:44.11",1447758359,1447759244,18435,1447758332,1447759257,27,13,885,925,40
"blast500k_test_pub_fileFULL_gr_1480","IS24T-06XX298-DT","Tue 11/17/2015-21:38:59.58","Tue 11/17/2015-21:54:40.04",1447771139,1447772080,19767,1447771167,1447772141,-28,61,941,974,33
"blast500k_test_pub_fileFULL_gr_1481","IS24T-06XX281-DT","Tue 11/17/2015-21:50:00.15","Tue 11/17/2015-22:08:05.65",1447771800,1447772885,19768,1447771780,1447772915,20,30,1085,1135,50
"blast500k_test_pub_fileFULL_gr_1482","IS24T-06XX286-DT","Tue 11/17/2015-21:26:28.35","Tue 11/17/2015-21:39:48.84",1447770388,1447771188,19769,1447770377,1447771208,11,20,800,831,31
"blast500k_test_pub_fileFULL_gr_1483","IS24T-06XX299-DT","Tue 11/17/2015-21:32:48.49","Tue 11/17/2015-21:45:26.40",1447770768,1447771526,19770,1447770795,1447771583,-27,57,758,788,30
"blast500k_test_pub_fileFULL_gr_1484","IS24T-06XX287-DT","Tue 11/17/2015-21:35:55.22","Tue 11/17/2015-21:50:59.64",1447770955,1447771859,19771,1447770951,1447771889,4,30,904,938,34
"blast500k_test_pub_fileFULL_gr_1485","IS24T-06XX293-DT","Tue 11/17/2015-21:54:21.21","Tue 11/17/2015-22:08:05.17",1447772061,1447772885,19772,1447772054,1447772919,7,34,824,865,41
"blast500k_test_pub_fileFULL_gr_1486","IS24T-06XX260-DT","Tue 11/17/2015-21:30:02.04","Tue 11/17/2015-21:49:53.12",1447770602,1447771793,19773,1447770583,1447771809,19,16,1191,1226,35
"blast500k_test_pub_fileFULL_gr_1487","IS24T-06XX257-DT","Tue 11/17/2015-21:35:11.19","Tue 11/17/2015-21:52:26.38",1447770911,1447771946,19774,1447770891,1447771961,20,15,1035,1070,35
"blast500k_test_pub_fileFULL_gr_1488","IS24T-06XX284-DT","Tue 11/17/2015-21:28:49.84","Tue 11/17/2015-21:53:18.51",1447770529,1447771998,19775,1447770545,1447772059,-16,61,1469,1514,45
"blast500k_test_pub_fileFULL_gr_1489","IS24T-06XX271-DT","Tue 11/17/2015-21:46:05.83","Tue 11/17/2015-22:06:59.18",1447771565,1447772819,19776,1447771544,1447772834,21,15,1254,1290,36
"blast500k_test_pub_fileFULL_gr_149","IS24T-06XX275-DT","Tue 11/17/2015-17:46:13.09","Tue 11/17/2015-17:58:52.24",1447757173,1447757932,18436,1447757157,1447757950,16,18,759,793,34
"blast500k_test_pub_fileFULL_gr_1490","IS24T-06XX294-DT","Tue 11/17/2015-21:30:24.88","Tue 11/17/2015-21:49:14.74",1447770624,1447771754,19777,1447770624,1447771783,0,29,1130,1159,29
"blast500k_test_pub_fileFULL_gr_1491","IS24T-06XX297-DT","Tue 11/17/2015-21:39:25.72","Tue 11/17/2015-22:01:37.27",1447771165,1447772497,19778,1447771146,1447772533,19,36,1332,1387,55
"blast500k_test_pub_fileFULL_gr_1492","IS24T-06XX254-DT","Tue 11/17/2015-21:29:20.40","Tue 11/17/2015-22:03:12.22",1447770560,1447772592,19779,1447770528,1447772604,32,12,2032,2076,44
"blast500k_test_pub_fileFULL_gr_1493","IS24T-06XX272-DT","Tue 11/17/2015-21:43:31.17","Tue 11/17/2015-22:01:31.24",1447771411,1447772491,19780,1447771388,1447772509,23,18,1080,1121,41
"blast500k_test_pub_fileFULL_gr_1494","IS24T-06XX279-DT","Tue 11/17/2015-21:38:57.42","Tue 11/17/2015-21:54:38.19",1447771137,1447772078,19781,1447771138,1447772125,-1,47,941,987,46
"blast500k_test_pub_fileFULL_gr_1495","IS24T-06XX263-DT","Tue 11/17/2015-22:02:03.80","Tue 11/17/2015-22:16:18.31",1447772523,1447773378,19782,1447772506,1447773391,17,13,855,885,30
"blast500k_test_pub_fileFULL_gr_1496","IS24T-06XX293-DT","Tue 11/17/2015-21:30:41.51","Tue 11/17/2015-21:40:03.22",1447770641,1447771203,19783,1447770633,1447771236,8,33,562,603,41
"blast500k_test_pub_fileFULL_gr_1497","IS24T-06XX274-DT","Tue 11/17/2015-21:39:03.95","Tue 11/17/2015-21:51:27.26",1447771143,1447771887,19784,1447771116,1447771906,27,19,744,790,46
"blast500k_test_pub_fileFULL_gr_1498","IS24T-06XX256-DT","Tue 11/17/2015-21:37:14.20","Tue 11/17/2015-21:57:37.63",1447771034,1447772257,19785,1447771010,1447772272,24,15,1223,1262,39
"blast500k_test_pub_fileFULL_gr_1499","IS24T-06XX262-DT","Tue 11/17/2015-21:33:23.89","Tue 11/17/2015-22:00:32.45",1447770803,1447772432,19786,1447770774,1447772458,29,26,1629,1684,55
"blast500k_test_pub_fileFULL_gr_15","IS24T-06XX293-DT","Tue 11/17/2015-17:43:34.70","Tue 11/17/2015-18:00:21.43",1447757014,1447758021,18302,1447756986,1447758052,28,31,1007,1066,59
"blast500k_test_pub_fileFULL_gr_150","IS24T-06XX282-DT","Tue 11/17/2015-18:00:51.85","Tue 11/17/2015-18:15:10.56",1447758051,1447758910,18437,1447758040,1447758937,11,27,859,897,38
"blast500k_test_pub_fileFULL_gr_1500","IS24T-06XX252-DT","Tue 11/17/2015-21:37:18.00","Tue 11/17/2015-21:57:23.43",1447771038,1447772243,19787,1447771012,1447772258,26,15,1205,1246,41
"blast500k_test_pub_fileFULL_gr_1501","IS24T-06XX271-DT","Tue 11/17/2015-21:46:40.90","Tue 11/17/2015-22:04:02.55",1447771600,1447772642,19788,1447771589,1447772659,11,17,1042,1070,28
"blast500k_test_pub_fileFULL_gr_1502","IS24T-06XX285-DT","Tue 11/17/2015-21:45:04.04","Tue 11/17/2015-22:00:05.84",1447771504,1447772405,19789,1447771488,1447772427,16,22,901,939,38
"blast500k_test_pub_fileFULL_gr_1503","IS24T-06XX264-DT","Tue 11/17/2015-22:21:53.91","Tue 11/17/2015-22:44:53.64",1447773713,1447775093,19790,1447773688,1447775106,25,13,1380,1418,38
"blast500k_test_pub_fileFULL_gr_1504","IS24T-06XX266-DT","Tue 11/17/2015-21:43:54.81","Tue 11/17/2015-22:07:30.05",1447771434,1447772850,19791,1447771409,1447772868,25,18,1416,1459,43
"blast500k_test_pub_fileFULL_gr_1505","IS24T-06XX260-DT","Tue 11/17/2015-21:39:23.99","Tue 11/17/2015-21:56:19.46",1447771163,1447772179,19792,1447771145,1447772196,18,17,1016,1051,35
"blast500k_test_pub_fileFULL_gr_1506","IS24T-06XX295-DT","Tue 11/17/2015-21:29:09.93","Tue 11/17/2015-21:50:37.08",1447770549,1447771837,19793,1447770569,1447771894,-20,57,1288,1325,37
"blast500k_test_pub_fileFULL_gr_1507","IS24T-06XX288-DT","Tue 11/17/2015-21:35:18.61","Tue 11/17/2015-21:57:09.11",1447770918,1447772229,19794,1447770874,1447772239,44,10,1311,1365,54
"blast500k_test_pub_fileFULL_gr_1508","IS24T-06XX265-DT","Tue 11/17/2015-22:02:53.71","Tue 11/17/2015-22:19:31.09",1447772573,1447773571,19795,1447772560,1447773588,13,17,998,1028,30
"blast500k_test_pub_fileFULL_gr_1509","IS24T-06XX300-DT","Tue 11/17/2015-21:49:53.77","Tue 11/17/2015-22:10:44.40",1447771793,1447773044,19796,1447771787,1447773067,6,23,1251,1280,29
"blast500k_test_pub_fileFULL_gr_151","IS24T-06XX286-DT","Tue 11/17/2015-18:15:29.75","Tue 11/17/2015-18:32:53.15",1447758929,1447759973,18438,1447758920,1447760003,9,30,1044,1083,39
"blast500k_test_pub_fileFULL_gr_1510","IS24T-06XX289-DT","Tue 11/17/2015-22:00:30.40","Tue 11/17/2015-22:17:53.20",1447772430,1447773473,19797,1447772423,1447773504,7,31,1043,1081,38
"blast500k_test_pub_fileFULL_gr_1511","IS24T-06XX264-DT","Tue 11/17/2015-22:01:36.37","Tue 11/17/2015-22:23:53.19",1447772496,1447773833,19798,1447772454,1447773847,42,14,1337,1393,56
"blast500k_test_pub_fileFULL_gr_1512","IS24T-06XX282-DT","Tue 11/17/2015-21:52:26.42","Tue 11/17/2015-22:10:47.99",1447771946,1447773047,19799,1447771929,1447773075,17,28,1101,1146,45
"blast500k_test_pub_fileFULL_gr_1513","IS24T-06XX296-DT","Tue 11/17/2015-21:30:10.22","Tue 11/17/2015-21:45:19.94",1447770610,1447771519,19800,1447770610,1447771549,0,30,909,939,30
"blast500k_test_pub_fileFULL_gr_1514","IS24T-06XX287-DT","Tue 11/17/2015-23:19:36.25","Tue 11/17/2015-23:29:39.26",1447777176,1447777779,19801,1447777178,1447777814,-2,35,603,636,33
"blast500k_test_pub_fileFULL_gr_1515","IS24T-06XX267-DT","Tue 11/17/2015-21:35:50.20","Tue 11/17/2015-21:59:35.38",1447770950,1447772375,19802,1447770929,1447772391,21,16,1425,1462,37
"blast500k_test_pub_fileFULL_gr_1516","IS24T-06XX253-DT","Tue 11/17/2015-21:50:12.11","Tue 11/17/2015-22:02:02.82",1447771812,1447772522,19803,1447771788,1447772536,24,14,710,748,38
"blast500k_test_pub_fileFULL_gr_1517","IS24T-06XX284-DT","Tue 11/17/2015-21:44:53.00","Tue 11/17/2015-22:05:12.17",1447771493,1447772712,19804,1447771479,1447772772,14,60,1219,1293,74
"blast500k_test_pub_fileFULL_gr_1518","IS24T-06XX259-DT","Tue 11/17/2015-22:00:31.92","Tue 11/17/2015-22:21:30.29",1447772431,1447773690,19805,1447772408,1447773706,23,16,1259,1298,39
"blast500k_test_pub_fileFULL_gr_1519","IS24T-06XX286-DT","Tue 11/17/2015-21:39:09.33","Tue 11/17/2015-21:57:58.96",1447771149,1447772278,19806,1447771137,1447772308,12,30,1129,1171,42
"blast500k_test_pub_fileFULL_gr_152","IS24T-06XX291-DT","Tue 11/17/2015-18:00:11.03","Tue 11/17/2015-18:10:32.61",1447758011,1447758632,18439,1447758002,1447758658,9,26,621,656,35
"blast500k_test_pub_fileFULL_gr_1520","IS24T-06XX263-DT","Tue 11/17/2015-21:39:31.14","Tue 11/17/2015-21:55:53.26",1447771171,1447772153,19807,1447771146,1447772166,25,13,982,1020,38
"blast500k_test_pub_fileFULL_gr_1521","IS24T-06XX296-DT","Tue 11/17/2015-22:41:59.44","Tue 11/17/2015-23:00:09.17",1447774919,1447776009,19808,1447774919,1447776038,0,29,1090,1119,29
"blast500k_test_pub_fileFULL_gr_1522","IS24T-06XX269-DT","Tue 11/17/2015-21:51:43.84","Tue 11/17/2015-22:13:04.13",1447771903,1447773184,19809,1447771892,1447773215,11,31,1281,1323,42
"blast500k_test_pub_fileFULL_gr_1523","IS24T-06XX266-DT","Tue 11/17/2015-22:08:01.26","Tue 11/17/2015-22:22:03.29",1447772881,1447773723,19810,1447772855,1447773743,26,20,842,888,46
"blast500k_test_pub_fileFULL_gr_1524","IS24T-06XX291-DT","Tue 11/17/2015-22:00:28.85","Tue 11/17/2015-22:13:16.44",1447772428,1447773196,19811,1447772413,1447773222,15,26,768,809,41
"blast500k_test_pub_fileFULL_gr_1525","IS24T-06XX272-DT","Tue 11/17/2015-21:31:45.65","Tue 11/17/2015-21:46:21.32",1447770705,1447771581,19812,1447770681,1447771596,24,15,876,915,39
"blast500k_test_pub_fileFULL_gr_1526","IS24T-06XX276-DT","Tue 11/17/2015-21:53:37.85","Tue 11/17/2015-22:05:57.74",1447772017,1447772757,19813,1447772005,1447772775,12,18,740,770,30
"blast500k_test_pub_fileFULL_gr_1527","IS24T-06XX280-DT","Tue 11/17/2015-21:43:25.82","Tue 11/17/2015-21:56:21.64",1447771405,1447772181,19814,1447771547,1447772360,-142,179,776,813,37
"blast500k_test_pub_fileFULL_gr_1528","IS24T-06XX252-DT","Tue 11/17/2015-21:57:50.72","Tue 11/17/2015-22:17:56.95",1447772270,1447773476,19815,1447772247,1447773495,23,19,1206,1248,42
"blast500k_test_pub_fileFULL_gr_1529","IS24T-06XX285-DT","Tue 11/17/2015-22:03:02.10","Tue 11/17/2015-22:14:37.48",1447772582,1447773277,19816,1447772579,1447773301,3,24,695,722,27
"blast500k_test_pub_fileFULL_gr_153","IS24T-06XX271-DT","Tue 11/17/2015-18:11:32.03","Tue 11/17/2015-18:22:24.50",1447758692,1447759344,18440,1447758673,1447759363,19,19,652,690,38
"blast500k_test_pub_fileFULL_gr_1530","IS24T-06XX275-DT","Tue 11/17/2015-22:40:08.89","Tue 11/17/2015-22:52:33.09",1447774808,1447775553,19817,1447774799,1447775579,9,26,745,780,35
"blast500k_test_pub_fileFULL_gr_1531","IS24T-06XX254-DT","Tue 11/17/2015-21:45:45.92","Tue 11/17/2015-22:03:08.47",1447771545,1447772588,19818,1447771507,1447772604,38,16,1043,1097,54
"blast500k_test_pub_fileFULL_gr_1532","IS24T-06XX281-DT","Tue 11/17/2015-21:34:09.86","Tue 11/17/2015-21:49:11.95",1447770849,1447771751,19819,1447770840,1447771780,9,29,902,940,38
"blast500k_test_pub_fileFULL_gr_1533","IS24T-06XX282-DT","Tue 11/17/2015-21:36:37.08","Tue 11/17/2015-21:51:53.43",1447770997,1447771913,19820,1447770981,1447771940,16,27,916,959,43
"blast500k_test_pub_fileFULL_gr_1534","IS24T-06XX272-DT","Tue 11/17/2015-22:01:58.73","Tue 11/17/2015-22:17:36.48",1447772518,1447773456,19821,1447772496,1447773470,22,14,938,974,36
"blast500k_test_pub_fileFULL_gr_1535","IS24T-06XX268-DT","Tue 11/17/2015-21:37:34.09","Tue 11/17/2015-21:54:24.90",1447771054,1447772064,19822,1447771029,1447772079,25,15,1010,1050,40
"blast500k_test_pub_fileFULL_gr_1536","IS24T-06XX269-DT","Tue 11/17/2015-21:36:16.00","Tue 11/17/2015-21:51:12.56",1447770976,1447771872,19823,1447770964,1447771904,12,32,896,940,44
"blast500k_test_pub_fileFULL_gr_1537","IS24T-06XX287-DT","Tue 11/17/2015-21:51:21.25","Tue 11/17/2015-22:12:09.42",1447771881,1447773129,19824,1447771878,1447773162,3,33,1248,1284,36
"blast500k_test_pub_fileFULL_gr_1538","IS24T-06XX262-DT","Tue 11/17/2015-21:47:00.93","Tue 11/17/2015-22:12:45.24",1447771620,1447773165,19825,1447771593,1447773188,27,23,1545,1595,50
"blast500k_test_pub_fileFULL_gr_1539","IS24T-06XX285-DT","Tue 11/17/2015-21:43:16.53","Tue 11/17/2015-22:02:35.37",1447771396,1447772555,19826,1447771382,1447772579,14,24,1159,1197,38
"blast500k_test_pub_fileFULL_gr_154","IS24T-06XX266-DT","Tue 11/17/2015-17:45:59.38","Tue 11/17/2015-18:02:53.44",1447757159,1447758173,18441,1447757126,1447758187,33,14,1014,1061,47
"blast500k_test_pub_fileFULL_gr_1540","IS24T-06XX259-DT","Tue 11/17/2015-21:46:44.02","Tue 11/17/2015-22:00:04.55",1447771604,1447772404,19827,1447771581,1447772420,23,16,800,839,39
"blast500k_test_pub_fileFULL_gr_1541","IS24T-06XX288-DT","Tue 11/17/2015-21:41:26.96","Tue 11/17/2015-21:58:09.29",1447771286,1447772289,19828,1447771248,1447772302,38,13,1003,1054,51
"blast500k_test_pub_fileFULL_gr_1542","IS24T-06XX293-DT","Tue 11/17/2015-21:40:41.13","Tue 11/17/2015-21:55:18.31",1447771241,1447772118,19829,1447771224,1447772152,17,34,877,928,51
"blast500k_test_pub_fileFULL_gr_1543","IS24T-06XX277-DT","Tue 11/17/2015-21:41:51.60","Tue 11/17/2015-22:06:48.38",1447771311,1447772808,19830,1447771298,1447772823,13,15,1497,1525,28
"blast500k_test_pub_fileFULL_gr_1544","IS24T-06XX278-DT","Tue 11/17/2015-21:37:16.83","Tue 11/17/2015-21:48:19.67",1447771036,1447771699,19831,1447771028,1447771732,8,33,663,704,41
"blast500k_test_pub_fileFULL_gr_1545","IS24T-06XX276-DT","Tue 11/17/2015-21:50:46.71","Tue 11/17/2015-22:08:43.09",1447771846,1447772923,19832,1447771824,1447772942,22,19,1077,1118,41
"blast500k_test_pub_fileFULL_gr_1546","IS24T-06XX255-DT","Tue 11/17/2015-21:49:59.30","Tue 11/17/2015-22:06:32.87",1447771799,1447772792,19833,1447771771,1447772811,28,19,993,1040,47
"blast500k_test_pub_fileFULL_gr_1547","IS24T-06XX291-DT","Tue 11/17/2015-21:52:56.13","Tue 11/17/2015-22:12:25.39",1447771976,1447773145,19834,1447771975,1447773171,1,26,1169,1196,27
"blast500k_test_pub_fileFULL_gr_1548","IS24T-06XX276-DT","Tue 11/17/2015-21:37:56.12","Tue 11/17/2015-21:53:20.51",1447771076,1447772000,19835,1447771053,1447772018,23,18,924,965,41
"blast500k_test_pub_fileFULL_gr_1549","IS24T-06XX294-DT","Tue 11/17/2015-21:49:41.98","Tue 11/17/2015-21:59:01.37",1447771781,1447772341,19836,1447771770,1447772369,11,28,560,599,39
"blast500k_test_pub_fileFULL_gr_155","IS24T-06XX264-DT","Tue 11/17/2015-17:57:43.02","Tue 11/17/2015-18:16:58.13",1447757863,1447759018,18442,1447757836,1447759033,27,15,1155,1197,42
"blast500k_test_pub_fileFULL_gr_1550","IS24T-06XX258-DT","Tue 11/17/2015-21:48:03.85","Tue 11/17/2015-22:08:18.81",1447771683,1447772898,19837,1447771671,1447772917,12,19,1215,1246,31
"blast500k_test_pub_fileFULL_gr_1551","IS24T-06XX273-DT","Tue 11/17/2015-22:04:47.16","Tue 11/17/2015-22:19:26.93",1447772687,1447773566,19838,1447772667,1447773585,20,19,879,918,39
"blast500k_test_pub_fileFULL_gr_1552","IS24T-06XX262-DT","Tue 11/17/2015-21:42:09.51","Tue 11/17/2015-22:14:23.48",1447771329,1447773263,19839,1447771304,1447773291,25,28,1934,1987,53
"blast500k_test_pub_fileFULL_gr_1553","IS24T-06XX267-DT","Tue 11/17/2015-22:08:18.64","Tue 11/17/2015-22:34:23.05",1447772898,1447774463,19840,1447772873,1447774482,25,19,1565,1609,44
"blast500k_test_pub_fileFULL_gr_1554","IS24T-06XX275-DT","Tue 11/17/2015-21:37:24.97","Tue 11/17/2015-21:52:37.73",1447771044,1447771957,19841,1447771028,1447771986,16,29,913,958,45
"blast500k_test_pub_fileFULL_gr_1555","IS24T-06XX274-DT","Tue 11/17/2015-21:52:03.75","Tue 11/17/2015-22:02:53.03",1447771923,1447772573,19842,1447771894,1447772589,29,16,650,695,45
"blast500k_test_pub_fileFULL_gr_1556","IS24T-06XX280-DT","Tue 11/17/2015-21:46:33.81","Tue 11/17/2015-22:00:38.80",1447771593,1447772438,19843,1447771738,1447772623,-145,185,845,885,40
"blast500k_test_pub_fileFULL_gr_1557","IS24T-06XX295-DT","Tue 11/17/2015-21:51:03.79","Tue 11/17/2015-22:08:54.49",1447771863,1447772934,19844,1447771883,1447772992,-20,58,1071,1109,38
"blast500k_test_pub_fileFULL_gr_1558","IS24T-06XX265-DT","Tue 11/17/2015-21:38:01.70","Tue 11/17/2015-21:59:17.36",1447771081,1447772357,19845,1447771057,1447772375,24,18,1276,1318,42
"blast500k_test_pub_fileFULL_gr_1559","IS24T-06XX289-DT","Tue 11/17/2015-21:42:53.34","Tue 11/17/2015-21:52:06.82",1447771373,1447771926,19846,1447771368,1447771960,5,34,553,592,39
"blast500k_test_pub_fileFULL_gr_156","IS24T-06XX279-DT","Tue 11/17/2015-17:58:31.74","Tue 11/17/2015-18:17:29.84",1447757911,1447759049,18443,1447757923,1447759090,-12,41,1138,1167,29
"blast500k_test_pub_fileFULL_gr_1560","IS24T-06XX293-DT","Tue 11/17/2015-21:40:41.19","Tue 11/17/2015-21:53:52.66",1447771241,1447772032,19847,1447771236,1447772065,5,33,791,829,38
"blast500k_test_pub_fileFULL_gr_1561","IS24T-06XX298-DT","Tue 11/17/2015-21:58:07.03","Tue 11/17/2015-22:15:54.40",1447772287,1447773354,19848,1447772329,1447773421,-42,67,1067,1092,25
"blast500k_test_pub_fileFULL_gr_1562","IS24T-06XX286-DT","Tue 11/17/2015-21:58:29.30","Tue 11/17/2015-22:13:41.17",1447772309,1447773221,19849,1447772295,1447773251,14,30,912,956,44
"blast500k_test_pub_fileFULL_gr_1563","IS24T-06XX257-DT","Tue 11/17/2015-21:52:52.72","Tue 11/17/2015-22:10:34.87",1447771972,1447773034,19850,1447771949,1447773052,23,18,1062,1103,41
"blast500k_test_pub_fileFULL_gr_1564","IS24T-06XX273-DT","Tue 11/17/2015-21:49:38.33","Tue 11/17/2015-22:04:17.22",1447771778,1447772657,19851,1447771768,1447772667,10,10,879,899,20
"blast500k_test_pub_fileFULL_gr_1565","IS24T-06XX256-DT","Tue 11/17/2015-21:41:26.22","Tue 11/17/2015-21:56:08.77",1447771286,1447772168,19852,1447771260,1447772186,26,18,882,926,44
"blast500k_test_pub_fileFULL_gr_1566","IS24T-06XX284-DT","Tue 11/17/2015-22:05:46.99","Tue 11/17/2015-22:41:44.15",1447772746,1447774904,19853,1447772760,1447774966,-14,62,2158,2206,48
"blast500k_test_pub_fileFULL_gr_1567","IS24T-06XX277-DT","Tue 11/17/2015-21:49:45.29","Tue 11/17/2015-21:58:34.22",1447771785,1447772314,19854,1447771761,1447772330,24,16,529,569,40
"blast500k_test_pub_fileFULL_gr_1568","IS24T-06XX298-DT","Tue 11/17/2015-22:07:47.97","Tue 11/17/2015-22:21:50.36",1447772867,1447773710,19855,1447772897,1447773782,-30,72,843,885,42
"blast500k_test_pub_fileFULL_gr_1569","IS24T-06XX264-DT","Tue 11/17/2015-21:44:51.74","Tue 11/17/2015-22:00:38.06",1447771491,1447772438,19856,1447771462,1447772454,29,16,947,992,45
"blast500k_test_pub_fileFULL_gr_157","IS24T-06XX291-DT","Tue 11/17/2015-18:08:02.55","Tue 11/17/2015-18:20:03.29",1447758482,1447759203,18444,1447758476,1447759229,6,26,721,753,32
"blast500k_test_pub_fileFULL_gr_1570","IS24T-06XX286-DT","Tue 11/17/2015-21:40:07.48","Tue 11/17/2015-21:51:37.99",1447771207,1447771897,19857,1447771208,1447771925,-1,28,690,717,27
"blast500k_test_pub_fileFULL_gr_1571","IS24T-06XX209-DT","Tue 11/17/2015-21:42:52.90","Tue 11/17/2015-22:02:50.79",1447771372,1447772570,19858,1447771395,1447772639,-23,69,1198,1244,46
"blast500k_test_pub_fileFULL_gr_1572","IS24T-06XX287-DT","Tue 11/17/2015-21:52:08.43","Tue 11/17/2015-22:03:55.64",1447771928,1447772635,19859,1447771933,1447772667,-5,32,707,734,27
"blast500k_test_pub_fileFULL_gr_1573","IS24T-06XX299-DT","Tue 11/17/2015-21:45:47.74","Tue 11/17/2015-22:00:03.25",1447771547,1447772403,19860,1447771570,1447772456,-23,53,856,886,30
"blast500k_test_pub_fileFULL_gr_1574","IS24T-06XX281-DT","Tue 11/17/2015-21:43:36.43","Tue 11/17/2015-22:06:09.60",1447771416,1447772769,19861,1447771407,1447772794,9,25,1353,1387,34
"blast500k_test_pub_fileFULL_gr_1575","IS24T-06XX258-DT","Tue 11/17/2015-21:44:34.65","Tue 11/17/2015-21:56:27.44",1447771474,1447772187,19862,1447771450,1447772204,24,17,713,754,41
"blast500k_test_pub_fileFULL_gr_1576","IS24T-06XX284-DT","Tue 11/17/2015-21:42:39.55","Tue 11/17/2015-22:07:42.05",1447771359,1447772862,19863,1447771366,1447772920,-7,58,1503,1554,51
"blast500k_test_pub_fileFULL_gr_1577","IS24T-06XX292-DT","Tue 11/17/2015-22:33:26.84","Tue 11/17/2015-22:44:40.07",1447774406,1447775080,19864,1447774452,1447775161,-46,81,674,709,35
"blast500k_test_pub_fileFULL_gr_1578","IS24T-06XX278-DT","Tue 11/17/2015-21:40:55.12","Tue 11/17/2015-21:52:26.45",1447771255,1447771946,19865,1447771259,1447771979,-4,33,691,720,29
"blast500k_test_pub_fileFULL_gr_1579","IS24T-06XX295-DT","Tue 11/17/2015-21:52:07.61","Tue 11/17/2015-22:13:55.59",1447771927,1447773235,19866,1447771948,1447773293,-21,58,1308,1345,37
"blast500k_test_pub_fileFULL_gr_158","IS24T-06XX285-DT","Tue 11/17/2015-17:56:24.38","Tue 11/17/2015-18:10:40.01",1447757784,1447758640,18445,1447757777,1447758664,7,24,856,887,31
"blast500k_test_pub_fileFULL_gr_1580","IS24T-06XX267-DT","Tue 11/17/2015-21:54:33.85","Tue 11/17/2015-22:07:24.21",1447772073,1447772844,19867,1447772049,1447772862,24,18,771,813,42
"blast500k_test_pub_fileFULL_gr_1581","IS24T-06XX268-DT","Tue 11/17/2015-21:47:25.67","Tue 11/17/2015-22:01:33.00",1447771645,1447772493,19868,1447771622,1447772511,23,18,848,889,41
"blast500k_test_pub_fileFULL_gr_1582","IS24T-06XX278-DT","Tue 11/17/2015-21:52:41.06","Tue 11/17/2015-22:16:38.16",1447771961,1447773398,19869,1447771966,1447773432,-5,34,1437,1466,29
"blast500k_test_pub_fileFULL_gr_1583","IS24T-06XX264-DT","Tue 11/17/2015-23:21:44.29","Tue 11/17/2015-23:46:22.16",1447777304,1447778782,19870,1447777276,1447778797,28,15,1478,1521,43
"blast500k_test_pub_fileFULL_gr_1584","IS24T-06XX252-DT","Tue 11/17/2015-22:06:45.12","Tue 11/17/2015-22:29:39.56",1447772805,1447774179,19871,1447772781,1447774198,24,19,1374,1417,43
"blast500k_test_pub_fileFULL_gr_1585","IS24T-06XX253-DT","Tue 11/17/2015-22:02:30.66","Tue 11/17/2015-22:20:43.78",1447772550,1447773643,19872,1447772525,1447773661,25,18,1093,1136,43
"blast500k_test_pub_fileFULL_gr_1586","IS24T-06XX266-DT","Tue 11/17/2015-21:45:40.32","Tue 11/17/2015-21:58:21.88",1447771540,1447772301,19873,1447771516,1447772321,24,20,761,805,44
"blast500k_test_pub_fileFULL_gr_1587","IS24T-06XX275-DT","Tue 11/17/2015-22:07:45.26","Tue 11/17/2015-22:23:45.09",1447772865,1447773825,19874,1447772851,1447773852,14,27,960,1001,41
"blast500k_test_pub_fileFULL_gr_1588","IS24T-06XX279-DT","Tue 11/17/2015-21:44:57.27","Tue 11/17/2015-22:01:27.56",1447771497,1447772487,19875,1447771500,1447772530,-3,43,990,1030,40
"blast500k_test_pub_fileFULL_gr_1589","IS24T-06XX275-DT","Tue 11/17/2015-21:49:34.91","Tue 11/17/2015-22:07:15.89",1447771774,1447772835,19876,1447771762,1447772862,12,27,1061,1100,39
"blast500k_test_pub_fileFULL_gr_159","IS24T-06XX300-DT","Tue 11/17/2015-17:48:56.74","Tue 11/17/2015-18:06:45.08",1447757336,1447758405,18446,1447757312,1447758421,24,16,1069,1109,40
"blast500k_test_pub_fileFULL_gr_1590","IS24T-06XX264-DT","Tue 11/17/2015-21:48:27.85","Tue 11/17/2015-22:09:24.22",1447771707,1447772964,19877,1447771674,1447772980,33,16,1257,1306,49
"blast500k_test_pub_fileFULL_gr_1591","IS24T-06XX258-DT","Tue 11/17/2015-22:15:27.16","Tue 11/17/2015-22:31:49.97",1447773327,1447774309,19878,1447773308,1447774327,19,18,982,1019,37
"blast500k_test_pub_fileFULL_gr_1592","IS24T-06XX300-DT","Tue 11/17/2015-21:45:10.74","Tue 11/17/2015-22:00:06.97",1447771510,1447772406,19879,1447771493,1447772432,17,26,896,939,43
"blast500k_test_pub_fileFULL_gr_1593","IS24T-06XX265-DT","Tue 11/17/2015-22:14:29.87","Tue 11/17/2015-22:34:07.58",1447773269,1447774447,19880,1447773245,1447774465,24,18,1178,1220,42
"blast500k_test_pub_fileFULL_gr_1594","IS24T-06XX274-DT","Tue 11/17/2015-22:03:38.88","Tue 11/17/2015-22:19:26.15",1447772618,1447773566,19881,1447772601,1447773584,17,18,948,983,35
"blast500k_test_pub_fileFULL_gr_1595","IS24T-06XX209-DT","Tue 11/17/2015-22:20:31.33","Tue 11/17/2015-22:35:50.42",1447773631,1447774550,19882,1447773649,1447774618,-18,68,919,969,50
"blast500k_test_pub_fileFULL_gr_1596","IS24T-06XX258-DT","Tue 11/17/2015-21:56:55.66","Tue 11/17/2015-22:14:52.58",1447772215,1447773292,19883,1447772193,1447773308,22,16,1077,1115,38
"blast500k_test_pub_fileFULL_gr_1597","IS24T-06XX253-DT","Tue 11/17/2015-21:53:06.56","Tue 11/17/2015-22:12:43.66",1447771986,1447773163,19884,1447771973,1447773179,13,16,1177,1206,29
"blast500k_test_pub_fileFULL_gr_1598","IS24T-06XX297-DT","Tue 11/17/2015-22:41:33.36","Tue 11/17/2015-23:12:37.46",1447774893,1447776757,19885,1447774866,1447776791,27,34,1864,1925,61
"blast500k_test_pub_fileFULL_gr_1599","IS24T-06XX262-DT","Tue 11/17/2015-22:56:46.32","Tue 11/17/2015-23:20:27.31",1447775806,1447777227,19886,1447775788,1447777254,18,27,1421,1466,45
"blast500k_test_pub_fileFULL_gr_16","IS24T-06XX259-DT","Tue 11/17/2015-17:43:56.97","Tue 11/17/2015-17:58:37.67",1447757036,1447757917,18303,1447757006,1447757934,30,17,881,928,47
"blast500k_test_pub_fileFULL_gr_160","IS24T-06XX269-DT","Tue 11/17/2015-18:15:22.10","Tue 11/17/2015-18:28:44.13",1447758922,1447759724,18447,1447758915,1447759752,7,28,802,837,35
"blast500k_test_pub_fileFULL_gr_1600","IS24T-06XX277-DT","Tue 11/17/2015-22:14:15.71","Tue 11/17/2015-22:34:24.63",1447773255,1447774464,19887,1447773242,1447774477,13,13,1209,1235,26
"blast500k_test_pub_fileFULL_gr_1601","IS24T-06XX300-DT","Tue 11/17/2015-22:11:24.30","Tue 11/17/2015-22:24:23.90",1447773084,1447773863,19888,1447773067,1447773880,17,17,779,813,34
"blast500k_test_pub_fileFULL_gr_1602","IS24T-06XX298-DT","Tue 11/17/2015-21:55:11.95","Tue 11/17/2015-22:07:16.94",1447772111,1447772836,19889,1447772141,1447772909,-30,73,725,768,43
"blast500k_test_pub_fileFULL_gr_1603","IS24T-06XX296-DT","Tue 11/17/2015-21:55:54.20","Tue 11/17/2015-22:16:25.77",1447772154,1447773385,19890,1447772139,1447773405,15,20,1231,1266,35
"blast500k_test_pub_fileFULL_gr_1604","IS24T-06XX269-DT","Tue 11/17/2015-22:09:39.01","Tue 11/17/2015-22:28:59.90",1447772979,1447774139,19891,1447772966,1447774168,13,29,1160,1202,42
"blast500k_test_pub_fileFULL_gr_1605","IS24T-06XX292-DT","Tue 11/17/2015-22:23:36.61","Tue 11/17/2015-22:36:36.14",1447773816,1447774596,19892,1447773861,1447774680,-45,84,780,819,39
"blast500k_test_pub_fileFULL_gr_1606","IS24T-06XX288-DT","Tue 11/17/2015-22:03:04.54","Tue 11/17/2015-22:34:26.92",1447772584,1447774466,19893,1447772545,1447774473,39,7,1882,1928,46
"blast500k_test_pub_fileFULL_gr_1607","IS24T-06XX282-DT","Tue 11/17/2015-21:57:00.71","Tue 11/17/2015-22:12:16.97",1447772220,1447773136,19894,1447772205,1447773161,15,25,916,956,40
"blast500k_test_pub_fileFULL_gr_1608","IS24T-06XX286-DT","Tue 11/17/2015-21:52:03.16","Tue 11/17/2015-22:07:02.30",1447771923,1447772822,19895,1447771914,1447772849,9,27,899,935,36
"blast500k_test_pub_fileFULL_gr_1609","IS24T-06XX284-DT","Tue 11/17/2015-22:09:09.35","Tue 11/17/2015-22:23:42.75",1447772949,1447773822,19896,1447772978,1447773884,-29,62,873,906,33
"blast500k_test_pub_fileFULL_gr_161","IS24T-06XX255-DT","Tue 11/17/2015-18:20:00.86","Tue 11/17/2015-18:36:05.19",1447759200,1447760165,18448,1447759177,1447760182,23,17,965,1005,40
"blast500k_test_pub_fileFULL_gr_1610","IS24T-06XX288-DT","Tue 11/17/2015-21:59:03.82","Tue 11/17/2015-22:35:59.56",1447772343,1447774559,19897,1447772290,1447774573,53,14,2216,2283,67
"blast500k_test_pub_fileFULL_gr_1611","IS24T-06XX280-DT","Tue 11/17/2015-21:56:48.79","Tue 11/17/2015-22:12:46.25",1447772208,1447773166,19898,1447772349,1447773345,-141,179,958,996,38
"blast500k_test_pub_fileFULL_gr_1612","IS24T-06XX260-DT","Tue 11/17/2015-21:56:43.85","Tue 11/17/2015-22:09:10.87",1447772203,1447772950,19899,1447772184,1447772970,19,20,747,786,39
"blast500k_test_pub_fileFULL_gr_1613","IS24T-06XX297-DT","Tue 11/17/2015-22:02:16.01","Tue 11/17/2015-22:21:21.50",1447772536,1447773681,19900,1447772520,1447773715,16,34,1145,1195,50
"blast500k_test_pub_fileFULL_gr_1614","IS24T-06XX254-DT","Tue 11/17/2015-21:48:18.73","Tue 11/17/2015-22:15:52.95",1447771698,1447773352,19901,1447771666,1447773368,32,16,1654,1702,48
"blast500k_test_pub_fileFULL_gr_1615","IS24T-06XX297-DT","Tue 11/17/2015-21:57:35.13","Tue 11/17/2015-22:21:07.38",1447772255,1447773667,19902,1447772207,1447773703,48,36,1412,1496,84
"blast500k_test_pub_fileFULL_gr_1616","IS24T-06XX289-DT","Tue 11/17/2015-21:49:23.73","Tue 11/17/2015-22:00:04.73",1447771763,1447772404,19903,1447771756,1447772435,7,31,641,679,38
"blast500k_test_pub_fileFULL_gr_1617","IS24T-06XX261-DT","Tue 11/17/2015-22:05:05.21","Tue 11/17/2015-22:18:14.55",1447772705,1447773494,19904,1447772685,1447773512,20,18,789,827,38
"blast500k_test_pub_fileFULL_gr_1618","IS24T-06XX277-DT","Tue 11/17/2015-21:59:03.65","Tue 11/17/2015-22:14:00.60",1447772343,1447773240,19905,1447772318,1447773255,25,15,897,937,40
"blast500k_test_pub_fileFULL_gr_1619","IS24T-06XX253-DT","Tue 11/17/2015-22:13:14.21","Tue 11/17/2015-22:32:23.91",1447773194,1447774343,19906,1447773168,1447774358,26,15,1149,1190,41
"blast500k_test_pub_fileFULL_gr_162","IS24T-06XX297-DT","Tue 11/17/2015-18:04:53.27","Tue 11/17/2015-18:31:13.13",1447758293,1447759873,18449,1447758272,1447759905,21,32,1580,1633,53
"blast500k_test_pub_fileFULL_gr_1620","IS24T-06XX261-DT","Tue 11/17/2015-22:03:40.55","Tue 11/17/2015-22:21:42.50",1447772620,1447773702,19907,1447772596,1447773718,24,16,1082,1122,40
"blast500k_test_pub_fileFULL_gr_1621","IS24T-06XX265-DT","Tue 11/17/2015-21:51:06.62","Tue 11/17/2015-22:02:35.59",1447771866,1447772555,19908,1447771842,1447772573,24,18,689,731,42
"blast500k_test_pub_fileFULL_gr_1622","IS24T-06XX269-DT","Tue 11/17/2015-22:35:04.46","Tue 11/17/2015-22:50:50.84",1447774504,1447775450,19909,1447774493,1447775474,11,24,946,981,35
"blast500k_test_pub_fileFULL_gr_1623","IS24T-06XX292-DT","Tue 11/17/2015-22:09:20.33","Tue 11/17/2015-22:19:51.70",1447772960,1447773591,19910,1447773014,1447773677,-54,86,631,663,32
"blast500k_test_pub_fileFULL_gr_1624","IS24T-06XX272-DT","Tue 11/17/2015-22:02:43.11","Tue 11/17/2015-22:21:47.32",1447772563,1447773707,19911,1447772552,1447773726,11,19,1144,1174,30
"blast500k_test_pub_fileFULL_gr_1625","IS24T-06XX291-DT","Tue 11/17/2015-22:13:32.28","Tue 11/17/2015-22:26:23.39",1447773212,1447773983,19912,1447773209,1447774010,3,27,771,801,30
"blast500k_test_pub_fileFULL_gr_1626","IS24T-06XX261-DT","Tue 11/17/2015-22:38:47.44","Tue 11/17/2015-22:56:30.34",1447774727,1447775790,19913,1447774702,1447775798,25,8,1063,1096,33
"blast500k_test_pub_fileFULL_gr_1627","IS24T-06XX261-DT","Tue 11/17/2015-22:18:42.80","Tue 11/17/2015-22:32:56.45",1447773522,1447774376,19914,1447773499,1447774394,23,18,854,895,41
"blast500k_test_pub_fileFULL_gr_1628","IS24T-06XX259-DT","Tue 11/17/2015-21:49:37.80","Tue 11/17/2015-22:10:36.25",1447771777,1447773036,19915,1447771766,1447773052,11,16,1259,1286,27
"blast500k_test_pub_fileFULL_gr_1629","IS24T-06XX264-DT","Tue 11/17/2015-21:50:55.13","Tue 11/17/2015-22:12:59.42",1447771855,1447773179,19916,1447771832,1447773197,23,18,1324,1365,41
"blast500k_test_pub_fileFULL_gr_163","IS24T-06XX286-DT","Tue 11/17/2015-19:01:07.47","Tue 11/17/2015-19:14:13.77",1447761667,1447762453,18450,1447761655,1447762485,12,32,786,830,44
"blast500k_test_pub_fileFULL_gr_1630","IS24T-06XX293-DT","Tue 11/17/2015-22:15:25.23","Tue 11/17/2015-22:32:31.44",1447773325,1447774351,19917,1447773313,1447774385,12,34,1026,1072,46
"blast500k_test_pub_fileFULL_gr_1631","IS24T-06XX274-DT","Tue 11/17/2015-22:03:22.48","Tue 11/17/2015-22:20:54.15",1447772602,1447773654,19918,1447772577,1447773671,25,17,1052,1094,42
"blast500k_test_pub_fileFULL_gr_1632","IS24T-06XX269-DT","Tue 11/17/2015-21:53:21.49","Tue 11/17/2015-22:09:07.09",1447772001,1447772947,19919,1447772004,1447772978,-3,31,946,974,28
"blast500k_test_pub_fileFULL_gr_1633","IS24T-06XX273-DT","Tue 11/17/2015-22:28:03.40","Tue 11/17/2015-22:41:02.38",1447774083,1447774862,19920,1447774063,1447774877,20,15,779,814,35
"blast500k_test_pub_fileFULL_gr_1634","IS24T-06XX284-DT","Tue 11/17/2015-21:54:00.05","Tue 11/17/2015-22:22:33.69",1447772040,1447773753,19921,1447772047,1447773815,-7,62,1713,1768,55
"blast500k_test_pub_fileFULL_gr_1635","IS24T-06XX283-DT","Tue 11/17/2015-22:23:14.59","Tue 11/17/2015-22:37:55.50",1447773794,1447774675,19922,1447773793,1447774703,1,28,881,910,29
"blast500k_test_pub_fileFULL_gr_1636","IS24T-06XX256-DT","Tue 11/17/2015-21:57:50.07","Tue 11/17/2015-22:11:26.61",1447772270,1447773086,19923,1447772260,1447773104,10,18,816,844,28
"blast500k_test_pub_fileFULL_gr_1637","IS24T-06XX262-DT","Tue 11/17/2015-22:13:23.95","Tue 11/17/2015-22:48:01.96",1447773203,1447775281,19924,1447773177,1447775307,26,26,2078,2130,52
"blast500k_test_pub_fileFULL_gr_1638","IS24T-06XX209-DT","Tue 11/17/2015-21:52:34.85","Tue 11/17/2015-22:19:40.46",1447771954,1447773580,19925,1447771969,1447773649,-15,69,1626,1680,54
"blast500k_test_pub_fileFULL_gr_1639","IS24T-06XX279-DT","Tue 11/17/2015-21:55:08.13","Tue 11/17/2015-22:22:47.13",1447772108,1447773767,19926,1447772113,1447773813,-5,46,1659,1700,41
"blast500k_test_pub_fileFULL_gr_164","IS24T-06XX266-DT","Tue 11/17/2015-18:04:29.46","Tue 11/17/2015-18:18:15.43",1447758269,1447759095,18451,1447758255,1447759109,14,14,826,854,28
"blast500k_test_pub_fileFULL_gr_1640","IS24T-06XX293-DT","Tue 11/17/2015-22:08:32.81","Tue 11/17/2015-22:24:25.68",1447772912,1447773865,19927,1447772907,1447773903,5,38,953,996,43
"blast500k_test_pub_fileFULL_gr_1641","IS24T-06XX297-DT","Tue 11/17/2015-21:56:15.18","Tue 11/17/2015-22:19:14.13",1447772175,1447773554,19928,1447772160,1447773588,15,34,1379,1428,49
"blast500k_test_pub_fileFULL_gr_1642","IS24T-06XX271-DT","Tue 11/17/2015-22:20:57.71","Tue 11/17/2015-22:39:37.65",1447773657,1447774777,19929,1447773636,1447774796,21,19,1120,1160,40
"blast500k_test_pub_fileFULL_gr_1643","IS24T-06XX292-DT","Tue 11/17/2015-21:54:13.02","Tue 11/17/2015-22:06:59.50",1447772053,1447772819,19930,1447772098,1447772904,-45,85,766,806,40
"blast500k_test_pub_fileFULL_gr_1644","IS24T-06XX285-DT","Tue 11/17/2015-22:00:44.16","Tue 11/17/2015-22:16:25.15",1447772444,1447773385,19931,1447772427,1447773412,17,27,941,985,44
"blast500k_test_pub_fileFULL_gr_1645","IS24T-06XX283-DT","Tue 11/17/2015-22:09:59.72","Tue 11/17/2015-22:22:58.15",1447772999,1447773778,19932,1447772984,1447773806,15,28,779,822,43
"blast500k_test_pub_fileFULL_gr_1646","IS24T-06XX298-DT","Tue 11/17/2015-22:16:18.03","Tue 11/17/2015-22:30:26.64",1447773378,1447774226,19933,1447773409,1447774294,-31,68,848,885,37
"blast500k_test_pub_fileFULL_gr_1647","IS24T-06XX294-DT","Tue 11/17/2015-22:22:37.39","Tue 11/17/2015-22:44:09.92",1447773757,1447775049,19934,1447773757,1447775075,0,26,1292,1318,26
"blast500k_test_pub_fileFULL_gr_1648","IS24T-06XX278-DT","Tue 11/17/2015-22:05:45.84","Tue 11/17/2015-22:14:17.49",1447772745,1447773257,19935,1447772734,1447773289,11,32,512,555,43
"blast500k_test_pub_fileFULL_gr_1649","IS24T-06XX268-DT","Tue 11/17/2015-22:01:52.03","Tue 11/17/2015-22:19:31.37",1447772512,1447773571,19936,1447772498,1447773585,14,14,1059,1087,28
"blast500k_test_pub_fileFULL_gr_165","IS24T-06XX284-DT","Tue 11/17/2015-17:45:30.06","Tue 11/17/2015-18:06:40.70",1447757130,1447758400,18452,1447757107,1447758459,23,59,1270,1352,82
"blast500k_test_pub_fileFULL_gr_1650","IS24T-06XX283-DT","Tue 11/17/2015-21:54:05.71","Tue 11/17/2015-22:09:28.11",1447772045,1447772968,19937,1447772031,1447772996,14,28,923,965,42
"blast500k_test_pub_fileFULL_gr_1651","IS24T-06XX293-DT","Tue 11/17/2015-21:55:33.05","Tue 11/17/2015-22:14:52.31",1447772133,1447773292,19938,1447772140,1447773326,-7,34,1159,1186,27
"blast500k_test_pub_fileFULL_gr_1652","IS24T-06XX297-DT","Tue 11/17/2015-21:57:35.13","Tue 11/17/2015-22:22:05.80",1447772255,1447773725,19939,1447772237,1447773761,18,36,1470,1524,54
"blast500k_test_pub_fileFULL_gr_1653","IS24T-06XX296-DT","Tue 11/17/2015-21:59:41.81","Tue 11/17/2015-22:13:36.22",1447772381,1447773216,19940,1447772382,1447773245,-1,29,835,863,28
"blast500k_test_pub_fileFULL_gr_1654","IS24T-06XX257-DT","Tue 11/17/2015-22:11:03.09","Tue 11/17/2015-22:29:34.94",1447773063,1447774174,19941,1447773039,1447774192,24,18,1111,1153,42
"blast500k_test_pub_fileFULL_gr_1655","IS24T-06XX255-DT","Tue 11/17/2015-21:54:09.16","Tue 11/17/2015-22:08:24.87",1447772049,1447772904,19942,1447772027,1447772923,22,19,855,896,41
"blast500k_test_pub_fileFULL_gr_1656","IS24T-06XX209-DT","Tue 11/17/2015-22:53:33.06","Tue 11/17/2015-23:20:41.15",1447775613,1447777241,19943,1447775623,1447777311,-10,70,1628,1688,60
"blast500k_test_pub_fileFULL_gr_1657","IS24T-06XX284-DT","Tue 11/17/2015-22:08:50.94","Tue 11/17/2015-22:36:36.71",1447772930,1447774596,19944,1447772908,1447774659,22,63,1666,1751,85
"blast500k_test_pub_fileFULL_gr_1658","IS24T-06XX300-DT","Tue 11/17/2015-22:00:35.56","Tue 11/17/2015-22:20:25.09",1447772435,1447773625,19945,1447772421,1447773653,14,28,1190,1232,42
"blast500k_test_pub_fileFULL_gr_1659","IS24T-06XX297-DT","Tue 11/17/2015-22:20:02.29","Tue 11/17/2015-22:45:17.18",1447773602,1447775117,19946,1447773577,1447775153,25,36,1515,1576,61
"blast500k_test_pub_fileFULL_gr_166","IS24T-06XX289-DT","Tue 11/17/2015-17:50:20.67","Tue 11/17/2015-18:03:29.43",1447757420,1447758209,18453,1447757420,1447758238,0,29,789,818,29
"blast500k_test_pub_fileFULL_gr_1660","IS24T-06XX261-DT","Tue 11/17/2015-22:21:56.35","Tue 11/17/2015-22:38:19.51",1447773716,1447774699,19947,1447773705,1447774715,11,16,983,1010,27
"blast500k_test_pub_fileFULL_gr_1661","IS24T-06XX297-DT","Tue 11/17/2015-22:46:09.97","Tue 11/17/2015-23:12:04.51",1447775169,1447776724,19948,1447775153,1447776750,16,26,1555,1597,42
"blast500k_test_pub_fileFULL_gr_1662","IS24T-06XX258-DT","Tue 11/17/2015-22:32:33.89","Tue 11/17/2015-22:53:52.22",1447774353,1447775632,19949,1447774339,1447775648,14,16,1279,1309,30
"blast500k_test_pub_fileFULL_gr_1663","IS24T-06XX299-DT","Tue 11/17/2015-22:16:44.58","Tue 11/17/2015-22:29:23.42",1447773404,1447774163,19950,1447773419,1447774216,-15,53,759,797,38
"blast500k_test_pub_fileFULL_gr_1664","IS24T-06XX268-DT","Tue 11/17/2015-21:54:47.08","Tue 11/17/2015-22:09:14.36",1447772087,1447772954,19951,1447772067,1447772972,20,18,867,905,38
"blast500k_test_pub_fileFULL_gr_1665","IS24T-06XX254-DT","Tue 11/17/2015-21:58:37.59","Tue 11/17/2015-22:19:02.54",1447772317,1447773542,19952,1447772288,1447773561,29,19,1225,1273,48
"blast500k_test_pub_fileFULL_gr_1666","IS24T-06XX254-DT","Tue 11/17/2015-22:48:04.78","Tue 11/17/2015-23:05:10.88",1447775284,1447776310,19953,1447775255,1447776327,29,17,1026,1072,46
"blast500k_test_pub_fileFULL_gr_1667","IS24T-06XX288-DT","Tue 11/17/2015-23:07:09.95","Tue 11/17/2015-23:29:13.21",1447776429,1447777753,19954,1447776397,1447777767,32,14,1324,1370,46
"blast500k_test_pub_fileFULL_gr_1668","IS24T-06XX284-DT","Tue 11/17/2015-21:56:23.44","Tue 11/17/2015-22:08:32.59",1447772183,1447772912,19955,1447772197,1447772965,-14,53,729,768,39
"blast500k_test_pub_fileFULL_gr_1669","IS24T-06XX255-DT","Tue 11/17/2015-22:07:05.36","Tue 11/17/2015-22:23:43.84",1447772825,1447773823,19956,1447772799,1447773842,26,19,998,1043,45
"blast500k_test_pub_fileFULL_gr_167","IS24T-06XX264-DT","Tue 11/17/2015-17:45:53.79","Tue 11/17/2015-18:08:25.35",1447757153,1447758505,18454,1447757121,1447758522,32,17,1352,1401,49
"blast500k_test_pub_fileFULL_gr_1670","IS24T-06XX272-DT","Tue 11/17/2015-22:18:01.71","Tue 11/17/2015-22:34:58.76",1447773481,1447774498,19957,1447773459,1447774514,22,16,1017,1055,38
"blast500k_test_pub_fileFULL_gr_1671","IS24T-06XX263-DT","Tue 11/17/2015-22:14:30.68","Tue 11/17/2015-22:27:40.73",1447773270,1447774060,19958,1447773244,1447774079,26,19,790,835,45
"blast500k_test_pub_fileFULL_gr_1672","IS24T-06XX294-DT","Tue 11/17/2015-21:59:23.18","Tue 11/17/2015-22:22:11.85",1447772363,1447773731,19959,1447772357,1447773757,6,26,1368,1400,32
"blast500k_test_pub_fileFULL_gr_1673","IS24T-06XX266-DT","Tue 11/17/2015-22:43:00.62","Tue 11/17/2015-22:57:22.51",1447774980,1447775842,19960,1447774960,1447775857,20,15,862,897,35
"blast500k_test_pub_fileFULL_gr_1674","IS24T-06XX267-DT","Tue 11/17/2015-21:59:57.58","Tue 11/17/2015-22:16:52.16",1447772397,1447773412,19961,1447772379,1447773427,18,15,1015,1048,33
"blast500k_test_pub_fileFULL_gr_1675","IS24T-06XX263-DT","Tue 11/17/2015-22:16:50.43","Tue 11/17/2015-22:32:15.06",1447773410,1447774335,19962,1447773391,1447774350,19,15,925,959,34
"blast500k_test_pub_fileFULL_gr_1676","IS24T-06XX287-DT","Tue 11/17/2015-22:04:20.63","Tue 11/17/2015-22:17:19.25",1447772660,1447773439,19963,1447772655,1447773473,5,34,779,818,39
"blast500k_test_pub_fileFULL_gr_1677","IS24T-06XX274-DT","Tue 11/17/2015-22:20:00.14","Tue 11/17/2015-22:39:15.67",1447773600,1447774755,19964,1447773573,1447774769,27,14,1155,1196,41
"blast500k_test_pub_fileFULL_gr_1678","IS24T-06XX292-DT","Tue 11/17/2015-22:20:22.19","Tue 11/17/2015-22:33:03.18",1447773622,1447774383,19965,1447773664,1447774465,-42,82,761,801,40
"blast500k_test_pub_fileFULL_gr_1679","IS24T-06XX276-DT","Tue 11/17/2015-22:09:01.75","Tue 11/17/2015-22:18:41.17",1447772941,1447773521,19966,1447772929,1447773538,12,17,580,609,29
"blast500k_test_pub_fileFULL_gr_168","IS24T-06XX266-DT","Tue 11/17/2015-18:03:09.94","Tue 11/17/2015-18:22:00.04",1447758189,1447759320,18455,1447758175,1447759335,14,15,1131,1160,29
"blast500k_test_pub_fileFULL_gr_1680","IS24T-06XX294-DT","Tue 11/17/2015-22:03:31.01","Tue 11/17/2015-22:18:27.90",1447772611,1447773507,19967,1447772607,1447773536,4,29,896,929,33
"blast500k_test_pub_fileFULL_gr_1681","IS24T-06XX257-DT","Tue 11/17/2015-21:57:53.76","Tue 11/17/2015-22:16:31.23",1447772273,1447773391,19968,1447772247,1447773408,26,17,1118,1161,43
"blast500k_test_pub_fileFULL_gr_1682","IS24T-06XX276-DT","Tue 11/17/2015-22:06:27.49","Tue 11/17/2015-22:18:04.45",1447772787,1447773484,19969,1447772763,1447773503,24,19,697,740,43
"blast500k_test_pub_fileFULL_gr_1683","IS24T-06XX265-DT","Tue 11/17/2015-21:59:47.85","Tue 11/17/2015-22:13:41.61",1447772387,1447773221,19970,1447772363,1447773234,24,13,834,871,37
"blast500k_test_pub_fileFULL_gr_1684","IS24T-06XX295-DT","Tue 11/17/2015-22:09:22.40","Tue 11/17/2015-22:26:09.36",1447772962,1447773969,19971,1447772980,1447774031,-18,62,1007,1051,44
"blast500k_test_pub_fileFULL_gr_1685","IS24T-06XX278-DT","Tue 11/17/2015-22:16:55.65","Tue 11/17/2015-22:43:08.29",1447773415,1447774988,19972,1447773420,1447775023,-5,35,1573,1603,30
"blast500k_test_pub_fileFULL_gr_1686","IS24T-06XX276-DT","Tue 11/17/2015-22:18:44.86","Tue 11/17/2015-22:35:20.75",1447773524,1447774520,19973,1447773503,1447774541,21,21,996,1038,42
"blast500k_test_pub_fileFULL_gr_1687","IS24T-06XX254-DT","Tue 11/17/2015-22:04:10.97","Tue 11/17/2015-22:47:28.99",1447772650,1447775248,19974,1447772592,1447775267,58,19,2598,2675,77
"blast500k_test_pub_fileFULL_gr_1688","IS24T-06XX260-DT","Tue 11/17/2015-22:03:13.63","Tue 11/17/2015-22:19:55.76",1447772593,1447773595,19975,1447772580,1447773611,13,16,1002,1031,29
"blast500k_test_pub_fileFULL_gr_1689","IS24T-06XX255-DT","Tue 11/17/2015-22:08:52.29","Tue 11/17/2015-22:27:24.49",1447772932,1447774044,19976,1447772911,1447774060,21,16,1112,1149,37
"blast500k_test_pub_fileFULL_gr_169","IS24T-06XX287-DT","Tue 11/17/2015-17:57:08.57","Tue 11/17/2015-18:21:37.80",1447757828,1447759297,18456,1447757832,1447759331,-4,34,1469,1499,30
"blast500k_test_pub_fileFULL_gr_1690","IS24T-06XX286-DT","Tue 11/17/2015-22:33:27.54","Tue 11/17/2015-22:54:09.03",1447774407,1447775649,19977,1447774396,1447775679,11,30,1242,1283,41
"blast500k_test_pub_fileFULL_gr_1691","IS24T-06XX209-DT","Tue 11/17/2015-22:02:12.37","Tue 11/17/2015-22:28:01.82",1447772532,1447774081,19978,1447772551,1447774153,-19,72,1549,1602,53
"blast500k_test_pub_fileFULL_gr_1692","IS24T-06XX296-DT","Tue 11/17/2015-22:14:07.52","Tue 11/17/2015-22:26:47.77",1447773247,1447774007,19979,1447773234,1447774035,13,28,760,801,41
"blast500k_test_pub_fileFULL_gr_1693","IS24T-06XX299-DT","Tue 11/17/2015-22:00:17.55","Tue 11/17/2015-22:16:13.49",1447772417,1447773373,19980,1447772444,1447773418,-27,45,956,974,18
"blast500k_test_pub_fileFULL_gr_1694","IS24T-06XX283-DT","Tue 11/17/2015-22:00:39.90","Tue 11/17/2015-22:16:54.82",1447772439,1447773414,19981,1447772428,1447773444,11,30,975,1016,41
"blast500k_test_pub_fileFULL_gr_1695","IS24T-06XX262-DT","Tue 11/17/2015-22:15:17.52","Tue 11/17/2015-22:43:01.49",1447773317,1447774981,19982,1447773291,1447775009,26,28,1664,1718,54
"blast500k_test_pub_fileFULL_gr_1696","IS24T-06XX282-DT","Tue 11/17/2015-23:14:04.82","Tue 11/17/2015-23:29:51.94",1447776844,1447777791,19983,1447776827,1447777819,17,28,947,992,45
"blast500k_test_pub_fileFULL_gr_1697","IS24T-06XX284-DT","Tue 11/17/2015-22:23:27.69","Tue 11/17/2015-23:00:05.01",1447773807,1447776005,19984,1447773815,1447776067,-8,62,2198,2252,54
"blast500k_test_pub_fileFULL_gr_1698","IS24T-06XX262-DT","Tue 11/17/2015-22:03:01.18","Tue 11/17/2015-22:32:32.59",1447772581,1447774352,19985,1447772557,1447774380,24,28,1771,1823,52
"blast500k_test_pub_fileFULL_gr_1699","IS24T-06XX256-DT","Tue 11/17/2015-22:11:57.57","Tue 11/17/2015-22:23:04.97",1447773117,1447773784,19986,1447773092,1447773804,25,20,667,712,45
"blast500k_test_pub_fileFULL_gr_17","IS24T-06XX261-DT","Tue 11/17/2015-17:41:06.26","Tue 11/17/2015-17:55:18.49",1447756866,1447757718,18304,1447756835,1447757736,31,18,852,901,49
"blast500k_test_pub_fileFULL_gr_170","IS24T-06XX264-DT","Tue 11/17/2015-18:34:13.91","Tue 11/17/2015-18:57:49.38",1447760053,1447761469,18457,1447760025,1447761486,28,17,1416,1461,45
"blast500k_test_pub_fileFULL_gr_1700","IS24T-06XX280-DT","Tue 11/17/2015-22:16:57.33","Tue 11/17/2015-22:32:47.80",1447773417,1447774367,19987,1447773551,1447774552,-134,185,950,1001,51
"blast500k_test_pub_fileFULL_gr_1701","IS24T-06XX262-DT","Tue 11/17/2015-22:01:31.37","Tue 11/17/2015-22:30:34.75",1447772491,1447774234,19988,1447772469,1447774260,22,26,1743,1791,48
"blast500k_test_pub_fileFULL_gr_1702","IS24T-06XX259-DT","Tue 11/17/2015-22:11:03.99","Tue 11/17/2015-22:27:14.62",1447773063,1447774034,19989,1447773041,1447774053,22,19,971,1012,41
"blast500k_test_pub_fileFULL_gr_1703","IS24T-06XX259-DT","Tue 11/17/2015-22:57:16.76","Tue 11/17/2015-23:15:30.14",1447775836,1447776930,19990,1447775813,1447776950,23,20,1094,1137,43
"blast500k_test_pub_fileFULL_gr_1704","IS24T-06XX254-DT","Tue 11/17/2015-22:04:11.70","Tue 11/17/2015-22:34:46.92",1447772651,1447774486,19991,1447772604,1447774503,47,17,1835,1899,64
"blast500k_test_pub_fileFULL_gr_1705","IS24T-06XX288-DT","Tue 11/17/2015-22:10:42.46","Tue 11/17/2015-22:34:16.78",1447773042,1447774456,19992,1447773000,1447774473,42,17,1414,1473,59
"blast500k_test_pub_fileFULL_gr_1706","IS24T-06XX292-DT","Tue 11/17/2015-22:07:28.84","Tue 11/17/2015-22:23:06.76",1447772848,1447773786,19993,1447772893,1447773872,-45,86,938,979,41
"blast500k_test_pub_fileFULL_gr_1707","IS24T-06XX271-DT","Tue 11/17/2015-22:07:25.33","Tue 11/17/2015-22:20:20.82",1447772845,1447773620,19994,1447772834,1447773636,11,16,775,802,27
"blast500k_test_pub_fileFULL_gr_1708","IS24T-06XX297-DT","Tue 11/17/2015-22:22:10.35","Tue 11/17/2015-22:42:38.19",1447773730,1447774958,19995,1447773715,1447774991,15,33,1228,1276,48
"blast500k_test_pub_fileFULL_gr_1709","IS24T-06XX295-DT","Tue 11/17/2015-22:27:05.20","Tue 11/17/2015-22:36:10.03",1447774025,1447774570,19996,1447774031,1447774620,-6,50,545,589,44
"blast500k_test_pub_fileFULL_gr_171","IS24T-06XX271-DT","Tue 11/17/2015-18:02:11.59","Tue 11/17/2015-18:11:12.25",1447758131,1447758672,18458,1447758119,1447758685,12,13,541,566,25
"blast500k_test_pub_fileFULL_gr_1710","IS24T-06XX264-DT","Tue 11/17/2015-22:09:57.95","Tue 11/17/2015-22:34:30.78",1447772997,1447774470,19997,1447772968,1447774486,29,16,1473,1518,45
"blast500k_test_pub_fileFULL_gr_1711","IS24T-06XX269-DT","Tue 11/17/2015-22:13:28.31","Tue 11/17/2015-22:34:37.46",1447773208,1447774477,19998,1447773203,1447774505,5,28,1269,1302,33
"blast500k_test_pub_fileFULL_gr_1712","IS24T-06XX273-DT","Tue 11/17/2015-22:04:47.28","Tue 11/17/2015-22:16:36.12",1447772687,1447773396,19999,1447772655,1447773414,32,18,709,759,50
"blast500k_test_pub_fileFULL_gr_1713","IS24T-06XX257-DT","Tue 11/17/2015-22:17:02.27","Tue 11/17/2015-22:31:11.80",1447773422,1447774271,20000,1447773396,1447774286,26,15,849,890,41
"blast500k_test_pub_fileFULL_gr_1714","IS24T-06XX252-DT","Tue 11/17/2015-22:46:11.83","Tue 11/17/2015-22:55:11.15",1447775171,1447775711,20001,1447775151,1447775728,20,17,540,577,37
"blast500k_test_pub_fileFULL_gr_1715","IS24T-06XX209-DT","Tue 11/17/2015-22:03:28.20","Tue 11/17/2015-22:19:56.19",1447772608,1447773596,20002,1447772628,1447773662,-20,66,988,1034,46
"blast500k_test_pub_fileFULL_gr_1716","IS24T-06XX265-DT","Tue 11/17/2015-22:31:52.00","Tue 11/17/2015-22:46:07.02",1447774312,1447775167,20003,1447774288,1447775182,24,15,855,894,39
"blast500k_test_pub_fileFULL_gr_1717","IS24T-06XX258-DT","Tue 11/17/2015-22:08:48.32","Tue 11/17/2015-22:26:55.48",1447772928,1447774015,20004,1447772904,1447774031,24,16,1087,1127,40
"blast500k_test_pub_fileFULL_gr_1718","IS24T-06XX260-DT","Tue 11/17/2015-22:09:39.48","Tue 11/17/2015-22:26:26.12",1447772979,1447773986,20005,1447772957,1447774003,22,17,1007,1046,39
"blast500k_test_pub_fileFULL_gr_1719","IS24T-06XX282-DT","Tue 11/17/2015-22:11:20.13","Tue 11/17/2015-22:19:58.28",1447773080,1447773598,20006,1447773063,1447773621,17,23,518,558,40
"blast500k_test_pub_fileFULL_gr_172","IS24T-06XX274-DT","Tue 11/17/2015-18:29:08.55","Tue 11/17/2015-18:47:48.07",1447759748,1447760868,18459,1447759724,1447760884,24,16,1120,1160,40
"blast500k_test_pub_fileFULL_gr_1720","IS24T-06XX254-DT","Tue 11/17/2015-22:19:38.67","Tue 11/17/2015-22:46:44.19",1447773578,1447775204,20007,1447773549,1447775220,29,16,1626,1671,45
"blast500k_test_pub_fileFULL_gr_1721","IS24T-06XX266-DT","Tue 11/17/2015-22:16:31.57","Tue 11/17/2015-22:35:30.84",1447773391,1447774530,20008,1447773368,1447774550,23,20,1139,1182,43
"blast500k_test_pub_fileFULL_gr_1722","IS24T-06XX285-DT","Tue 11/17/2015-22:16:43.70","Tue 11/17/2015-22:38:01.64",1447773403,1447774681,20009,1447773400,1447774706,3,25,1278,1306,28
"blast500k_test_pub_fileFULL_gr_1723","IS24T-06XX277-DT","Tue 11/17/2015-22:50:19.80","Tue 11/17/2015-23:04:45.05",1447775419,1447776285,20010,1447775395,1447776301,24,16,866,906,40
"blast500k_test_pub_fileFULL_gr_1724","IS24T-06XX271-DT","Tue 11/17/2015-22:04:29.42","Tue 11/17/2015-22:23:18.30",1447772669,1447773798,20011,1447772646,1447773817,23,19,1129,1171,42
"blast500k_test_pub_fileFULL_gr_1725","IS24T-06XX254-DT","Tue 11/17/2015-23:13:13.30","Tue 11/17/2015-23:35:14.22",1447776793,1447778114,20012,1447776761,1447778131,32,17,1321,1370,49
"blast500k_test_pub_fileFULL_gr_1726","IS24T-06XX279-DT","Tue 11/17/2015-22:40:04.87","Tue 11/17/2015-22:53:10.84",1447774804,1447775590,20013,1447774816,1447775634,-12,44,786,818,32
"blast500k_test_pub_fileFULL_gr_1727","IS24T-06XX275-DT","Tue 11/17/2015-22:24:14.71","Tue 11/17/2015-22:39:43.25",1447773854,1447774783,20014,1447773840,1447774810,14,27,929,970,41
"blast500k_test_pub_fileFULL_gr_1728","IS24T-06XX262-DT","Tue 11/17/2015-22:48:37.99","Tue 11/17/2015-23:13:31.40",1447775317,1447776811,20015,1447775296,1447776837,21,26,1494,1541,47
"blast500k_test_pub_fileFULL_gr_1729","IS24T-06XX282-DT","Tue 11/17/2015-22:12:30.06","Tue 11/17/2015-22:28:54.34",1447773150,1447774134,20016,1447773148,1447774161,2,27,984,1013,29
"blast500k_test_pub_fileFULL_gr_173","IS24T-06XX295-DT","Tue 11/17/2015-17:53:43.24","Tue 11/17/2015-18:05:40.68",1447757623,1447758340,18460,1447757653,1447758400,-30,60,717,747,30
"blast500k_test_pub_fileFULL_gr_1730","IS24T-06XX274-DT","Tue 11/17/2015-22:39:30.61","Tue 11/17/2015-22:56:39.84",1447774770,1447775799,20017,1447774757,1447775814,13,15,1029,1057,28
"blast500k_test_pub_fileFULL_gr_1731","IS24T-06XX294-DT","Tue 11/17/2015-22:19:06.31","Tue 11/17/2015-22:40:12.25",1447773546,1447774812,20018,1447773536,1447774839,10,27,1266,1303,37
"blast500k_test_pub_fileFULL_gr_1732","IS24T-06XX277-DT","Tue 11/17/2015-22:07:16.70","Tue 11/17/2015-22:20:37.71",1447772836,1447773637,20019,1447772811,1447773657,25,20,801,846,45
"blast500k_test_pub_fileFULL_gr_1733","IS24T-06XX268-DT","Tue 11/17/2015-22:09:44.66","Tue 11/17/2015-22:23:46.88",1447772984,1447773826,20020,1447772961,1447773847,23,21,842,886,44
"blast500k_test_pub_fileFULL_gr_1734","IS24T-06XX285-DT","Tue 11/17/2015-22:15:05.75","Tue 11/17/2015-22:36:39.23",1447773305,1447774599,20021,1447773290,1447774625,15,26,1294,1335,41
"blast500k_test_pub_fileFULL_gr_1735","IS24T-06XX273-DT","Tue 11/17/2015-22:17:01.86","Tue 11/17/2015-22:27:40.66",1447773421,1447774060,20022,1447773402,1447774075,19,15,639,673,34
"blast500k_test_pub_fileFULL_gr_1736","IS24T-06XX288-DT","Tue 11/17/2015-23:04:51.88","Tue 11/17/2015-23:35:22.37",1447776291,1447778122,20023,1447776255,1447778135,36,13,1831,1880,49
"blast500k_test_pub_fileFULL_gr_1737","IS24T-06XX289-DT","Tue 11/17/2015-22:10:35.81","Tue 11/17/2015-22:26:22.28",1447773035,1447773982,20024,1447773029,1447774011,6,29,947,982,35
"blast500k_test_pub_fileFULL_gr_1738","IS24T-06XX254-DT","Tue 11/17/2015-22:16:25.36","Tue 11/17/2015-22:39:28.41",1447773385,1447774768,20025,1447773356,1447774786,29,18,1383,1430,47
"blast500k_test_pub_fileFULL_gr_1739","IS24T-06XX286-DT","Tue 11/17/2015-22:07:26.84","Tue 11/17/2015-22:20:00.37",1447772846,1447773600,20026,1447772838,1447773632,8,32,754,794,40
"blast500k_test_pub_fileFULL_gr_174","IS24T-06XX279-DT","Tue 11/17/2015-17:46:03.60","Tue 11/17/2015-18:07:01.84",1447757163,1447758421,18461,1447757156,1447758463,7,42,1258,1307,49
"blast500k_test_pub_fileFULL_gr_1740","IS24T-06XX277-DT","Tue 11/17/2015-22:20:57.73","Tue 11/17/2015-22:34:09.59",1447773657,1447774449,20027,1447773645,1447774465,12,16,792,820,28
"blast500k_test_pub_fileFULL_gr_1741","IS24T-06XX284-DT","Tue 11/17/2015-22:38:44.09","Tue 11/17/2015-23:02:11.44",1447774724,1447776131,20028,1447774740,1447776192,-16,61,1407,1452,45
"blast500k_test_pub_fileFULL_gr_1742","IS24T-06XX266-DT","Tue 11/17/2015-22:36:15.96","Tue 11/17/2015-22:47:33.35",1447774575,1447775253,20029,1447774550,1447775269,25,16,678,719,41
"blast500k_test_pub_fileFULL_gr_1743","IS24T-06XX287-DT","Tue 11/17/2015-22:12:29.40","Tue 11/17/2015-22:34:21.54",1447773149,1447774461,20030,1447773151,1447774484,-2,23,1312,1333,21
"blast500k_test_pub_fileFULL_gr_1744","IS24T-06XX274-DT","Tue 11/17/2015-23:14:56.81","Tue 11/17/2015-23:30:07.76",1447776896,1447777807,20031,1447776873,1447777826,23,19,911,953,42
"blast500k_test_pub_fileFULL_gr_1745","IS24T-06XX255-DT","Tue 11/17/2015-22:45:36.78","Tue 11/17/2015-22:58:35.41",1447775136,1447775915,20032,1447775112,1447775932,24,17,779,820,41
"blast500k_test_pub_fileFULL_gr_1746","IS24T-06XX272-DT","Tue 11/17/2015-22:22:07.78","Tue 11/17/2015-22:35:07.16",1447773727,1447774507,20033,1447773714,1447774527,13,20,780,813,33
"blast500k_test_pub_fileFULL_gr_1747","IS24T-06XX286-DT","Tue 11/17/2015-22:14:00.46","Tue 11/17/2015-22:33:00.36",1447773240,1447774380,20034,1447773239,1447774408,1,28,1140,1169,29
"blast500k_test_pub_fileFULL_gr_1748","IS24T-06XX275-DT","Tue 11/17/2015-22:10:54.20","Tue 11/17/2015-22:28:19.93",1447773054,1447774099,20035,1447773047,1447774129,7,30,1045,1082,37
"blast500k_test_pub_fileFULL_gr_1749","IS24T-06XX272-DT","Tue 11/17/2015-22:35:40.52","Tue 11/17/2015-22:50:33.82",1447774540,1447775433,20036,1447774515,1447775451,25,18,893,936,43
"blast500k_test_pub_fileFULL_gr_175","IS24T-06XX300-DT","Tue 11/17/2015-18:16:35.06","Tue 11/17/2015-18:24:38.91",1447758995,1447759478,18462,1447758979,1447759495,16,17,483,516,33
"blast500k_test_pub_fileFULL_gr_1750","IS24T-06XX209-DT","Tue 11/17/2015-22:16:22.32","Tue 11/17/2015-22:42:25.57",1447773382,1447774945,20037,1447773392,1447775014,-10,69,1563,1622,59
"blast500k_test_pub_fileFULL_gr_1751","IS24T-06XX283-DT","Tue 11/17/2015-22:17:24.53","Tue 11/17/2015-22:43:02.41",1447773444,1447774982,20038,1447773432,1447775008,12,26,1538,1576,38
"blast500k_test_pub_fileFULL_gr_1752","IS24T-06XX299-DT","Tue 11/17/2015-22:13:01.13","Tue 11/17/2015-22:41:38.29",1447773181,1447774898,20039,1447773194,1447774952,-13,54,1717,1758,41
"blast500k_test_pub_fileFULL_gr_1753","IS24T-06XX252-DT","Tue 11/17/2015-22:30:11.78","Tue 11/17/2015-22:45:47.56",1447774211,1447775147,20040,1447774186,1447775162,25,15,936,976,40
"blast500k_test_pub_fileFULL_gr_1754","IS24T-06XX260-DT","Tue 11/17/2015-22:20:17.94","Tue 11/17/2015-22:39:32.86",1447773617,1447774772,20041,1447773599,1447774792,18,20,1155,1193,38
"blast500k_test_pub_fileFULL_gr_1755","IS24T-06XX277-DT","Tue 11/17/2015-22:35:05.24","Tue 11/17/2015-22:49:53.05",1447774505,1447775393,20042,1447774477,1447775406,28,13,888,929,41
"blast500k_test_pub_fileFULL_gr_1756","IS24T-06XX291-DT","Tue 11/17/2015-22:12:51.46","Tue 11/17/2015-22:27:07.49",1447773171,1447774027,20043,1447773159,1447774045,12,18,856,886,30
"blast500k_test_pub_fileFULL_gr_1757","IS24T-06XX279-DT","Tue 11/17/2015-22:23:15.79","Tue 11/17/2015-22:39:32.92",1447773795,1447774772,20044,1447773801,1447774816,-6,44,977,1015,38
"blast500k_test_pub_fileFULL_gr_1758","IS24T-06XX252-DT","Tue 11/17/2015-22:18:29.35","Tue 11/17/2015-22:35:26.10",1447773509,1447774526,20045,1447773483,1447774545,26,19,1017,1062,45
"blast500k_test_pub_fileFULL_gr_1759","IS24T-06XX257-DT","Tue 11/17/2015-22:30:05.93","Tue 11/17/2015-22:52:41.72",1447774205,1447775561,20046,1447774180,1447775576,25,15,1356,1396,40
"blast500k_test_pub_fileFULL_gr_176","IS24T-06XX277-DT","Tue 11/17/2015-18:01:20.08","Tue 11/17/2015-18:18:08.06",1447758080,1447759088,18463,1447758061,1447759102,19,14,1008,1041,33
"blast500k_test_pub_fileFULL_gr_1760","IS24T-06XX209-DT","Tue 11/17/2015-22:20:31.33","Tue 11/17/2015-22:43:18.14",1447773631,1447774998,20047,1447773637,1447775067,-6,69,1367,1430,63
"blast500k_test_pub_fileFULL_gr_1761","IS24T-06XX288-DT","Tue 11/17/2015-22:21:55.24","Tue 11/17/2015-22:47:17.28",1447773715,1447775237,20048,1447773649,1447775248,66,11,1522,1599,77
"blast500k_test_pub_fileFULL_gr_1762","IS24T-06XX298-DT","Tue 11/17/2015-22:22:15.36","Tue 11/17/2015-22:38:30.85",1447773735,1447774710,20049,1447773770,1447774782,-35,72,975,1012,37
"blast500k_test_pub_fileFULL_gr_1763","IS24T-06XX253-DT","Tue 11/17/2015-22:21:11.91","Tue 11/17/2015-22:38:22.94",1447773671,1447774702,20050,1447773649,1447774720,22,18,1031,1071,40
"blast500k_test_pub_fileFULL_gr_1764","IS24T-06XX280-DT","Tue 11/17/2015-22:13:12.63","Tue 11/17/2015-22:29:28.48",1447773192,1447774168,20051,1447773334,1447774350,-142,182,976,1016,40
"blast500k_test_pub_fileFULL_gr_1765","IS24T-06XX281-DT","Tue 11/17/2015-22:30:33.94","Tue 11/17/2015-22:47:40.16",1447774233,1447775260,20052,1447774218,1447775290,15,30,1027,1072,45
"blast500k_test_pub_fileFULL_gr_1766","IS24T-06XX265-DT","Tue 11/17/2015-22:19:48.84","Tue 11/17/2015-22:31:24.48",1447773588,1447774284,20053,1447773576,1447774300,12,16,696,724,28
"blast500k_test_pub_fileFULL_gr_1767","IS24T-06XX260-DT","Tue 11/17/2015-23:18:21.73","Tue 11/17/2015-23:29:31.96",1447777101,1447777771,20054,1447777087,1447777787,14,16,670,700,30
"blast500k_test_pub_fileFULL_gr_1768","IS24T-06XX300-DT","Tue 11/17/2015-22:20:56.76","Tue 11/17/2015-22:34:32.77",1447773656,1447774472,20055,1447773641,1447774500,15,28,816,859,43
"blast500k_test_pub_fileFULL_gr_1769","IS24T-06XX264-DT","Tue 11/17/2015-22:13:31.58","Tue 11/17/2015-22:33:27.38",1447773211,1447774407,20056,1447773185,1447774424,26,17,1196,1239,43
"blast500k_test_pub_fileFULL_gr_177","IS24T-06XX271-DT","Tue 11/17/2015-17:47:42.67","Tue 11/17/2015-18:05:42.52",1447757262,1447758342,18464,1447757235,1447758359,27,17,1080,1124,44
"blast500k_test_pub_fileFULL_gr_1770","IS24T-06XX296-DT","Tue 11/17/2015-22:17:01.35","Tue 11/17/2015-22:25:31.05",1447773421,1447773931,20057,1447773405,1447773960,16,29,510,555,45
"blast500k_test_pub_fileFULL_gr_1771","IS24T-06XX255-DT","Tue 11/17/2015-22:27:49.37","Tue 11/17/2015-22:45:07.72",1447774069,1447775107,20058,1447774048,1447775124,21,17,1038,1076,38
"blast500k_test_pub_fileFULL_gr_1772","IS24T-06XX296-DT","Tue 11/17/2015-23:06:10.15","Tue 11/17/2015-23:21:57.30",1447776370,1447777317,20059,1447776358,1447777343,12,26,947,985,38
"blast500k_test_pub_fileFULL_gr_1773","IS24T-06XX267-DT","Tue 11/17/2015-22:54:06.14","Tue 11/17/2015-23:11:18.72",1447775646,1447776678,20060,1447775623,1447776695,23,17,1032,1072,40
"blast500k_test_pub_fileFULL_gr_1774","IS24T-06XX298-DT","Tue 11/17/2015-22:54:06.52","Tue 11/17/2015-23:16:43.87",1447775646,1447777003,20061,1447775674,1447777076,-28,73,1357,1402,45
"blast500k_test_pub_fileFULL_gr_1775","IS24T-06XX280-DT","Tue 11/17/2015-22:33:19.47","Tue 11/17/2015-22:55:14.68",1447774399,1447775714,20062,1447774540,1447775896,-141,182,1315,1356,41
"blast500k_test_pub_fileFULL_gr_1776","IS24T-06XX267-DT","Tue 11/17/2015-22:17:30.20","Tue 11/17/2015-22:33:04.02",1447773450,1447774384,20063,1447773427,1447774399,23,15,934,972,38
"blast500k_test_pub_fileFULL_gr_1777","IS24T-06XX292-DT","Tue 11/17/2015-22:37:04.44","Tue 11/17/2015-22:51:37.54",1447774624,1447775497,20064,1447774680,1447775584,-56,87,873,904,31
"blast500k_test_pub_fileFULL_gr_1778","IS24T-06XX278-DT","Tue 11/17/2015-22:14:57.64","Tue 11/17/2015-22:36:52.94",1447773297,1447774612,20065,1447773289,1447774646,8,34,1315,1357,42
"blast500k_test_pub_fileFULL_gr_1779","IS24T-06XX273-DT","Tue 11/17/2015-22:40:39.56","Tue 11/17/2015-22:57:15.74",1447774839,1447775835,20066,1447774821,1447775854,18,19,996,1033,37
"blast500k_test_pub_fileFULL_gr_178","IS24T-06XX255-DT","Tue 11/17/2015-17:54:54.68","Tue 11/17/2015-18:04:02.59",1447757694,1447758242,18465,1447757670,1447758259,24,17,548,589,41
"blast500k_test_pub_fileFULL_gr_1780","IS24T-06XX254-DT","Tue 11/17/2015-23:29:30.14","Tue 11/17/2015-23:53:26.45",1447777770,1447779206,20067,1447777735,1447779224,35,18,1436,1489,53
"blast500k_test_pub_fileFULL_gr_1781","IS24T-06XX295-DT","Tue 11/17/2015-22:14:18.51","Tue 11/17/2015-22:26:07.91",1447773258,1447773967,20068,1447773281,1447774031,-23,64,709,750,41
"blast500k_test_pub_fileFULL_gr_1782","IS24T-06XX296-DT","Tue 11/17/2015-22:26:03.23","Tue 11/17/2015-22:39:18.83",1447773963,1447774758,20069,1447773947,1447774788,16,30,795,841,46
"blast500k_test_pub_fileFULL_gr_1783","IS24T-06XX293-DT","Tue 11/17/2015-22:33:02.02","Tue 11/17/2015-22:41:33.49",1447774382,1447774893,20070,1447774385,1447774928,-3,35,511,543,32
"blast500k_test_pub_fileFULL_gr_1784","IS24T-06XX266-DT","Tue 11/17/2015-22:22:24.41","Tue 11/17/2015-22:42:34.06",1447773744,1447774954,20071,1447773729,1447774972,15,18,1210,1243,33
"blast500k_test_pub_fileFULL_gr_1785","IS24T-06XX299-DT","Tue 11/17/2015-23:08:51.41","Tue 11/17/2015-23:21:03.70",1447776531,1447777263,20072,1447776542,1447777319,-11,56,732,777,45
"blast500k_test_pub_fileFULL_gr_1786","IS24T-06XX265-DT","Tue 11/17/2015-22:34:31.88","Tue 11/17/2015-22:53:14.69",1447774471,1447775594,20073,1447774453,1447775608,18,14,1123,1155,32
"blast500k_test_pub_fileFULL_gr_1787","IS24T-06XX274-DT","Tue 11/17/2015-22:21:12.68","Tue 11/17/2015-22:38:25.56",1447773672,1447774705,20074,1447773659,1447774721,13,16,1033,1062,29
"blast500k_test_pub_fileFULL_gr_1788","IS24T-06XX287-DT","Tue 11/17/2015-22:17:46.34","Tue 11/17/2015-22:33:32.95",1447773466,1447774412,20075,1447773462,1447774444,4,32,946,982,36
"blast500k_test_pub_fileFULL_gr_1789","IS24T-06XX255-DT","Tue 11/17/2015-22:24:30.22","Tue 11/17/2015-22:38:48.53",1447773870,1447774728,20076,1447773842,1447774742,28,14,858,900,42
"blast500k_test_pub_fileFULL_gr_179","IS24T-06XX285-DT","Tue 11/17/2015-17:56:52.40","Tue 11/17/2015-18:09:58.07",1447757812,1447758598,18466,1447757802,1447758625,10,27,786,823,37
"blast500k_test_pub_fileFULL_gr_1790","IS24T-06XX209-DT","Tue 11/17/2015-22:28:48.89","Tue 11/17/2015-22:52:44.58",1447774128,1447775564,20077,1447774142,1447775635,-14,71,1436,1493,57
"blast500k_test_pub_fileFULL_gr_1791","IS24T-06XX279-DT","Tue 11/17/2015-22:19:22.85","Tue 11/17/2015-22:35:35.22",1447773562,1447774535,20078,1447773565,1447774580,-3,45,973,1015,42
"blast500k_test_pub_fileFULL_gr_1792","IS24T-06XX281-DT","Tue 11/17/2015-22:20:50.31","Tue 11/17/2015-22:33:33.09",1447773650,1447774413,20079,1447773636,1447774441,14,28,763,805,42
"blast500k_test_pub_fileFULL_gr_1793","IS24T-06XX298-DT","Tue 11/17/2015-22:43:04.64","Tue 11/17/2015-22:58:27.62",1447774984,1447775907,20080,1447775024,1447775979,-40,72,923,955,32
"blast500k_test_pub_fileFULL_gr_1794","IS24T-06XX276-DT","Tue 11/17/2015-22:18:59.37","Tue 11/17/2015-22:44:20.09",1447773539,1447775060,20081,1447773525,1447775078,14,18,1521,1553,32
"blast500k_test_pub_fileFULL_gr_1795","IS24T-06XX289-DT","Tue 11/17/2015-22:18:20.07","Tue 11/17/2015-22:49:24.24",1447773500,1447775364,20082,1447773492,1447775395,8,31,1864,1903,39
"blast500k_test_pub_fileFULL_gr_1796","IS24T-06XX282-DT","Tue 11/17/2015-22:20:48.16","Tue 11/17/2015-22:40:08.58",1447773648,1447774808,20083,1447773632,1447774835,16,27,1160,1203,43
"blast500k_test_pub_fileFULL_gr_1797","IS24T-06XX256-DT","Tue 11/17/2015-22:54:26.63","Tue 11/17/2015-23:12:25.02",1447775666,1447776745,20084,1447775649,1447776764,17,19,1079,1115,36
"blast500k_test_pub_fileFULL_gr_1798","IS24T-06XX300-DT","Tue 11/17/2015-22:24:45.79","Tue 11/17/2015-22:47:00.35",1447773885,1447775220,20085,1447773880,1447775246,5,26,1335,1366,31
"blast500k_test_pub_fileFULL_gr_1799","IS24T-06XX298-DT","Tue 11/17/2015-22:30:51.71","Tue 11/17/2015-22:42:45.96",1447774251,1447774965,20086,1447774282,1447775036,-31,71,714,754,40
"blast500k_test_pub_fileFULL_gr_18","IS24T-06XX296-DT","Tue 11/17/2015-17:41:34.36","Tue 11/17/2015-18:02:37.88",1447756894,1447758157,18305,1447756871,1447758184,23,27,1263,1313,50
"blast500k_test_pub_fileFULL_gr_180","IS24T-06XX272-DT","Tue 11/17/2015-17:59:31.93","Tue 11/17/2015-18:17:27.54",1447757971,1447759047,18467,1447757947,1447759062,24,15,1076,1115,39
"blast500k_test_pub_fileFULL_gr_1800","IS24T-06XX260-DT","Tue 11/17/2015-22:39:59.95","Tue 11/17/2015-22:55:58.16",1447774799,1447775758,20087,1447774779,1447775776,20,18,959,997,38
"blast500k_test_pub_fileFULL_gr_1801","IS24T-06XX269-DT","Tue 11/17/2015-22:29:29.24","Tue 11/17/2015-22:50:42.91",1447774169,1447775442,20088,1447774156,1447775474,13,32,1273,1318,45
"blast500k_test_pub_fileFULL_gr_1802","IS24T-06XX279-DT","Tue 11/17/2015-23:02:44.54","Tue 11/17/2015-23:19:48.38",1447776164,1447777188,20089,1447776172,1447777232,-8,44,1024,1060,36
"blast500k_test_pub_fileFULL_gr_1803","IS24T-06XX296-DT","Tue 11/17/2015-22:27:05.02","Tue 11/17/2015-22:41:20.62",1447774025,1447774880,20090,1447774023,1447774908,2,28,855,885,30
"blast500k_test_pub_fileFULL_gr_1804","IS24T-06XX273-DT","Tue 11/17/2015-22:19:43.74","Tue 11/17/2015-22:40:15.70",1447773583,1447774815,20091,1447773572,1447774832,11,17,1232,1260,28
"blast500k_test_pub_fileFULL_gr_1805","IS24T-06XX286-DT","Tue 11/17/2015-22:20:18.72","Tue 11/17/2015-22:37:19.44",1447773618,1447774639,20092,1447773619,1447774671,-1,32,1021,1052,31
"blast500k_test_pub_fileFULL_gr_1806","IS24T-06XX262-DT","Tue 11/17/2015-22:43:45.26","Tue 11/17/2015-23:07:31.09",1447775025,1447776451,20093,1447774997,1447776476,28,25,1426,1479,53
"blast500k_test_pub_fileFULL_gr_1807","IS24T-06XX277-DT","Tue 11/17/2015-22:35:05.38","Tue 11/17/2015-22:52:59.06",1447774505,1447775579,20094,1447774465,1447775598,40,19,1074,1133,59
"blast500k_test_pub_fileFULL_gr_1808","IS24T-06XX263-DT","Tue 11/17/2015-22:32:48.98","Tue 11/17/2015-22:49:09.44",1447774368,1447775349,20095,1447774350,1447775364,18,15,981,1014,33
"blast500k_test_pub_fileFULL_gr_1809","IS24T-06XX276-DT","Tue 11/17/2015-22:35:53.04","Tue 11/17/2015-22:54:12.33",1447774553,1447775652,20096,1447774529,1447775670,24,18,1099,1141,42
"blast500k_test_pub_fileFULL_gr_181","IS24T-06XX298-DT","Tue 11/17/2015-18:07:17.38","Tue 11/17/2015-18:31:03.13",1447758437,1447759863,18468,1447758470,1447759933,-33,70,1426,1463,37
"blast500k_test_pub_fileFULL_gr_1810","IS24T-06XX298-DT","Tue 11/17/2015-22:39:00.86","Tue 11/17/2015-22:53:31.56",1447774740,1447775611,20097,1447774770,1447775674,-30,63,871,904,33
"blast500k_test_pub_fileFULL_gr_1811","IS24T-06XX252-DT","Tue 11/17/2015-22:46:29.80","Tue 11/17/2015-22:58:12.83",1447775189,1447775892,20098,1447775175,1447775908,14,16,703,733,30
"blast500k_test_pub_fileFULL_gr_1812","IS24T-06XX271-DT","Tue 11/17/2015-22:52:45.21","Tue 11/17/2015-23:08:34.97",1447775565,1447776514,20099,1447775542,1447776530,23,16,949,988,39
"blast500k_test_pub_fileFULL_gr_1813","IS24T-06XX284-DT","Tue 11/17/2015-22:37:11.82","Tue 11/17/2015-22:56:50.08",1447774631,1447775810,20100,1447774647,1447775873,-16,63,1179,1226,47
"blast500k_test_pub_fileFULL_gr_1814","IS24T-06XX259-DT","Tue 11/17/2015-22:27:44.91","Tue 11/17/2015-22:44:38.81",1447774064,1447775078,20101,1447774042,1447775098,22,20,1014,1056,42
"blast500k_test_pub_fileFULL_gr_1815","IS24T-06XX297-DT","Tue 11/17/2015-22:21:39.73","Tue 11/17/2015-22:40:41.35",1447773699,1447774841,20102,1447773691,1447774866,8,25,1142,1175,33
"blast500k_test_pub_fileFULL_gr_1816","IS24T-06XX297-DT","Tue 11/17/2015-23:02:02.87","Tue 11/17/2015-23:32:04.31",1447776122,1447777924,20103,1447776110,1447777949,12,25,1802,1839,37
"blast500k_test_pub_fileFULL_gr_1817","IS24T-06XX295-DT","Tue 11/17/2015-22:50:17.40","Tue 11/17/2015-23:15:43.59",1447775417,1447776943,20104,1447775436,1447777003,-19,60,1526,1567,41
"blast500k_test_pub_fileFULL_gr_1818","IS24T-06XX283-DT","Tue 11/17/2015-22:38:24.94","Tue 11/17/2015-22:56:24.61",1447774704,1447775784,20105,1447774691,1447775812,13,28,1080,1121,41
"blast500k_test_pub_fileFULL_gr_1819","IS24T-06XX262-DT","Tue 11/17/2015-22:31:43.88","Tue 11/17/2015-22:52:23.84",1447774303,1447775543,20106,1447774261,1447775571,42,28,1240,1310,70
"blast500k_test_pub_fileFULL_gr_182","IS24T-06XX295-DT","Tue 11/17/2015-17:56:45.47","Tue 11/17/2015-18:17:09.72",1447757805,1447759029,18469,1447757823,1447759086,-18,57,1224,1263,39
"blast500k_test_pub_fileFULL_gr_1820","IS24T-06XX291-DT","Tue 11/17/2015-22:26:53.79","Tue 11/17/2015-22:41:36.12",1447774013,1447774896,20107,1447773998,1447774922,15,26,883,924,41
"blast500k_test_pub_fileFULL_gr_1821","IS24T-06XX280-DT","Tue 11/17/2015-22:29:57.12","Tue 11/17/2015-22:53:26.13",1447774197,1447775606,20108,1447774338,1447775786,-141,180,1409,1448,39
"blast500k_test_pub_fileFULL_gr_1822","IS24T-06XX260-DT","Tue 11/17/2015-22:56:25.35","Tue 11/17/2015-23:18:02.29",1447775785,1447777082,20109,1447775764,1447777099,21,17,1297,1335,38
"blast500k_test_pub_fileFULL_gr_1823","IS24T-06XX299-DT","Tue 11/17/2015-22:42:20.08","Tue 11/17/2015-22:56:44.52",1447774940,1447775804,20110,1447774952,1447775859,-12,55,864,907,43
"blast500k_test_pub_fileFULL_gr_1824","IS24T-06XX267-DT","Tue 11/17/2015-22:34:47.93","Tue 11/17/2015-22:43:12.12",1447774487,1447774992,20111,1447774469,1447775008,18,16,505,539,34
"blast500k_test_pub_fileFULL_gr_1825","IS24T-06XX268-DT","Tue 11/17/2015-22:24:11.20","Tue 11/17/2015-22:46:03.45",1447773851,1447775163,20112,1447773834,1447775180,17,17,1312,1346,34
"blast500k_test_pub_fileFULL_gr_1826","IS24T-06XX256-DT","Tue 11/17/2015-22:23:29.03","Tue 11/17/2015-22:35:27.82",1447773809,1447774527,20113,1447773792,1447774546,17,19,718,754,36
"blast500k_test_pub_fileFULL_gr_1827","IS24T-06XX293-DT","Tue 11/17/2015-22:25:17.38","Tue 11/17/2015-22:46:44.62",1447773917,1447775204,20114,1447773914,1447775242,3,38,1287,1328,41
"blast500k_test_pub_fileFULL_gr_1828","IS24T-06XX262-DT","Tue 11/17/2015-22:53:02.44","Tue 11/17/2015-23:17:56.81",1447775582,1447777076,20115,1447775559,1447777101,23,25,1494,1542,48
"blast500k_test_pub_fileFULL_gr_1829","IS24T-06XX271-DT","Tue 11/17/2015-22:23:37.57","Tue 11/17/2015-22:38:15.66",1447773817,1447774695,20116,1447773805,1447774710,12,15,878,905,27
"blast500k_test_pub_fileFULL_gr_183","IS24T-06XX273-DT","Tue 11/17/2015-17:47:13.46","Tue 11/17/2015-17:58:54.98",1447757233,1447757934,18470,1447757210,1447757952,23,18,701,742,41
"blast500k_test_pub_fileFULL_gr_1830","IS24T-06XX209-DT","Tue 11/17/2015-22:36:36.77","Tue 11/17/2015-23:06:47.78",1447774596,1447776407,20117,1447774618,1447776480,-22,73,1811,1862,51
"blast500k_test_pub_fileFULL_gr_1831","IS24T-06XX269-DT","Tue 11/17/2015-23:21:39.28","Tue 11/17/2015-23:45:01.03",1447777299,1447778701,20118,1447777295,1447778734,4,33,1402,1439,37
"blast500k_test_pub_fileFULL_gr_1832","IS24T-06XX256-DT","Tue 11/17/2015-23:01:44.94","Tue 11/17/2015-23:22:37.48",1447776104,1447777357,20119,1447776090,1447777372,14,15,1253,1282,29
"blast500k_test_pub_fileFULL_gr_1833","IS24T-06XX287-DT","Tue 11/17/2015-23:33:09.24","Tue 11/17/2015-23:49:27.48",1447777989,1447778967,20120,1447777993,1447778997,-4,30,978,1004,26
"blast500k_test_pub_fileFULL_gr_1834","IS24T-06XX282-DT","Tue 11/17/2015-22:40:39.05","Tue 11/17/2015-23:00:02.13",1447774839,1447776002,20121,1447774824,1447776029,15,27,1163,1205,42
"blast500k_test_pub_fileFULL_gr_1835","IS24T-06XX284-DT","Tue 11/17/2015-22:24:24.16","Tue 11/17/2015-22:37:57.62",1447773864,1447774677,20122,1447773872,1447774740,-8,63,813,868,55
"blast500k_test_pub_fileFULL_gr_1836","IS24T-06XX264-DT","Tue 11/17/2015-22:24:22.29","Tue 11/17/2015-22:40:12.72",1447773862,1447774812,20123,1447773834,1447774829,28,17,950,995,45
"blast500k_test_pub_fileFULL_gr_1837","IS24T-06XX289-DT","Tue 11/17/2015-22:26:44.34","Tue 11/17/2015-22:42:59.88",1447774004,1447774979,20124,1447774000,1447775014,4,35,975,1014,39
"blast500k_test_pub_fileFULL_gr_1838","IS24T-06XX297-DT","Tue 11/17/2015-22:22:32.89","Tue 11/17/2015-22:40:32.56",1447773752,1447774832,20125,1447773749,1447774866,3,34,1080,1117,37
"blast500k_test_pub_fileFULL_gr_1839","IS24T-06XX209-DT","Tue 11/17/2015-23:07:40.59","Tue 11/17/2015-23:37:10.94",1447776460,1447778230,20126,1447776468,1447778297,-8,67,1770,1829,59
"blast500k_test_pub_fileFULL_gr_184","IS24T-06XX286-DT","Tue 11/17/2015-18:31:11.20","Tue 11/17/2015-18:40:47.91",1447759871,1447760447,18471,1447759860,1447760468,11,21,576,608,32
"blast500k_test_pub_fileFULL_gr_1840","IS24T-06XX278-DT","Tue 11/17/2015-22:37:24.39","Tue 11/17/2015-22:54:22.06",1447774644,1447775662,20127,1447774633,1447775694,11,32,1018,1061,43
"blast500k_test_pub_fileFULL_gr_1841","IS24T-06XX275-DT","Tue 11/17/2015-22:28:47.22","Tue 11/17/2015-22:42:33.38",1447774127,1447774953,20128,1447774116,1447774981,11,28,826,865,39
"blast500k_test_pub_fileFULL_gr_1842","IS24T-06XX209-DT","Tue 11/17/2015-23:18:50.87","Tue 11/17/2015-23:32:56.77",1447777130,1447777976,20129,1447777125,1447778044,5,68,846,919,73
"blast500k_test_pub_fileFULL_gr_1843","IS24T-06XX287-DT","Tue 11/17/2015-22:46:38.25","Tue 11/17/2015-23:03:34.82",1447775198,1447776214,20130,1447775194,1447776247,4,33,1016,1053,37
"blast500k_test_pub_fileFULL_gr_1844","IS24T-06XX268-DT","Tue 11/17/2015-22:32:05.12","Tue 11/17/2015-22:49:38.23",1447774325,1447775378,20131,1447774302,1447775397,23,19,1053,1095,42
"blast500k_test_pub_fileFULL_gr_1845","IS24T-06XX291-DT","Tue 11/17/2015-22:27:26.35","Tue 11/17/2015-22:46:09.25",1447774046,1447775169,20132,1447774045,1447775194,1,25,1123,1149,26
"blast500k_test_pub_fileFULL_gr_1846","IS24T-06XX285-DT","Tue 11/17/2015-22:38:17.46","Tue 11/17/2015-22:54:01.19",1447774697,1447775641,20133,1447774694,1447775669,3,28,944,975,31
"blast500k_test_pub_fileFULL_gr_1847","IS24T-06XX264-DT","Tue 11/17/2015-22:35:24.38","Tue 11/17/2015-22:53:11.03",1447774524,1447775591,20134,1447774486,1447775604,38,13,1067,1118,51
"blast500k_test_pub_fileFULL_gr_1848","IS24T-06XX258-DT","Tue 11/17/2015-22:43:13.06","Tue 11/17/2015-22:57:45.80",1447774993,1447775865,20135,1447774970,1447775880,23,15,872,910,38
"blast500k_test_pub_fileFULL_gr_1849","IS24T-06XX295-DT","Tue 11/17/2015-22:27:05.48","Tue 11/17/2015-22:49:49.81",1447774025,1447775389,20136,1447774042,1447775448,-17,59,1364,1406,42
"blast500k_test_pub_fileFULL_gr_185","IS24T-06XX283-DT","Tue 11/17/2015-18:00:39.42","Tue 11/17/2015-18:14:32.34",1447758039,1447758872,18472,1447758037,1447758901,2,29,833,864,31
"blast500k_test_pub_fileFULL_gr_1850","IS24T-06XX257-DT","Tue 11/17/2015-22:31:38.16","Tue 11/17/2015-22:50:26.70",1447774298,1447775426,20137,1447774287,1447775440,11,14,1128,1153,25
"blast500k_test_pub_fileFULL_gr_1851","IS24T-06XX274-DT","Tue 11/17/2015-22:57:12.42","Tue 11/17/2015-23:10:05.15",1447775832,1447776605,20138,1447775802,1447776624,30,19,773,822,49
"blast500k_test_pub_fileFULL_gr_1852","IS24T-06XX293-DT","Tue 11/17/2015-22:47:15.64","Tue 11/17/2015-23:02:45.57",1447775235,1447776165,20139,1447775230,1447776202,5,37,930,972,42
"blast500k_test_pub_fileFULL_gr_1853","IS24T-06XX254-DT","Tue 11/17/2015-22:40:04.48","Tue 11/17/2015-23:00:26.38",1447774804,1447776026,20140,1447774774,1447776044,30,18,1222,1270,48
"blast500k_test_pub_fileFULL_gr_1854","IS24T-06XX260-DT","Tue 11/17/2015-22:27:02.19","Tue 11/17/2015-22:40:21.85",1447774022,1447774821,20141,1447774003,1447774838,19,17,799,835,36
"blast500k_test_pub_fileFULL_gr_1855","IS24T-06XX264-DT","Tue 11/17/2015-22:34:15.31","Tue 11/17/2015-22:58:06.45",1447774455,1447775886,20142,1447774412,1447775901,43,15,1431,1489,58
"blast500k_test_pub_fileFULL_gr_1856","IS24T-06XX256-DT","Tue 11/17/2015-22:37:55.60","Tue 11/17/2015-22:54:04.50",1447774675,1447775644,20143,1447774665,1447775661,10,17,969,996,27
"blast500k_test_pub_fileFULL_gr_1857","IS24T-06XX263-DT","Tue 11/17/2015-22:28:11.44","Tue 11/17/2015-22:48:28.84",1447774091,1447775308,20144,1447774067,1447775324,24,16,1217,1257,40
"blast500k_test_pub_fileFULL_gr_1858","IS24T-06XX288-DT","Tue 11/17/2015-22:35:30.84","Tue 11/17/2015-23:06:35.82",1447774530,1447776395,20145,1447774461,1447776409,69,14,1865,1948,83
"blast500k_test_pub_fileFULL_gr_1859","IS24T-06XX288-DT","Tue 11/17/2015-22:36:47.78","Tue 11/17/2015-23:07:39.95",1447774607,1447776459,20146,1447774562,1447776463,45,4,1852,1901,49
"blast500k_test_pub_fileFULL_gr_186","IS24T-06XX277-DT","Tue 11/17/2015-17:58:21.12","Tue 11/17/2015-18:12:08.20",1447757901,1447758728,18473,1447757887,1447758746,14,18,827,859,32
"blast500k_test_pub_fileFULL_gr_1860","IS24T-06XX281-DT","Tue 11/17/2015-22:33:56.45","Tue 11/17/2015-22:43:29.46",1447774436,1447775009,20147,1447774428,1447775037,8,28,573,609,36
"blast500k_test_pub_fileFULL_gr_1861","IS24T-06XX267-DT","Tue 11/17/2015-22:33:32.63","Tue 11/17/2015-22:53:41.24",1447774412,1447775621,20148,1447774388,1447775635,24,14,1209,1247,38
"blast500k_test_pub_fileFULL_gr_1862","IS24T-06XX279-DT","Tue 11/17/2015-22:56:30.57","Tue 11/17/2015-23:14:04.28",1447775790,1447776844,20149,1447775795,1447776890,-5,46,1054,1095,41
"blast500k_test_pub_fileFULL_gr_1863","IS24T-06XX283-DT","Tue 11/17/2015-22:43:16.02","Tue 11/17/2015-22:55:50.90",1447774996,1447775750,20150,1447774996,1447775780,0,30,754,784,30
"blast500k_test_pub_fileFULL_gr_1864","IS24T-06XX282-DT","Tue 11/17/2015-22:29:36.83","Tue 11/17/2015-22:48:35.90",1447774176,1447775315,20151,1447774161,1447775342,15,27,1139,1181,42
"blast500k_test_pub_fileFULL_gr_1865","IS24T-06XX287-DT","Tue 11/17/2015-22:34:10.10","Tue 11/17/2015-22:46:15.48",1447774450,1447775175,20152,1447774444,1447775205,6,30,725,761,36
"blast500k_test_pub_fileFULL_gr_1866","IS24T-06XX275-DT","Tue 11/17/2015-22:52:59.73","Tue 11/17/2015-23:03:47.00",1447775579,1447776227,20153,1447775567,1447776257,12,30,648,690,42
"blast500k_test_pub_fileFULL_gr_1867","IS24T-06XX285-DT","Tue 11/17/2015-22:37:11.19","Tue 11/17/2015-22:51:14.23",1447774631,1447775474,20154,1447774613,1447775497,18,23,843,884,41
"blast500k_test_pub_fileFULL_gr_1868","IS24T-06XX264-DT","Tue 11/17/2015-22:45:32.41","Tue 11/17/2015-23:09:21.22",1447775132,1447776561,20155,1447775106,1447776577,26,16,1429,1471,42
"blast500k_test_pub_fileFULL_gr_1869","IS24T-06XX269-DT","Tue 11/17/2015-22:51:39.03","Tue 11/17/2015-23:14:24.58",1447775499,1447776864,20156,1447775486,1447776895,13,31,1365,1409,44
"blast500k_test_pub_fileFULL_gr_187","IS24T-06XX294-DT","Tue 11/17/2015-17:49:23.31","Tue 11/17/2015-18:03:46.80",1447757363,1447758226,18474,1447757362,1447758252,1,26,863,890,27
"blast500k_test_pub_fileFULL_gr_1870","IS24T-06XX253-DT","Tue 11/17/2015-22:33:03.27","Tue 11/17/2015-22:54:33.43",1447774383,1447775673,20157,1447774358,1447775689,25,16,1290,1331,41
"blast500k_test_pub_fileFULL_gr_1871","IS24T-06XX287-DT","Tue 11/17/2015-22:34:39.15","Tue 11/17/2015-22:42:31.56",1447774479,1447774951,20158,1447774484,1447774985,-5,34,472,501,29
"blast500k_test_pub_fileFULL_gr_1872","IS24T-06XX299-DT","Tue 11/17/2015-22:29:51.17","Tue 11/17/2015-22:55:37.44",1447774191,1447775737,20159,1447774204,1447775792,-13,55,1546,1588,42
"blast500k_test_pub_fileFULL_gr_1873","IS24T-06XX289-DT","Tue 11/17/2015-22:43:26.83","Tue 11/17/2015-23:10:36.22",1447775006,1447776636,20160,1447775002,1447776665,4,29,1630,1663,33
"blast500k_test_pub_fileFULL_gr_1874","IS24T-06XX261-DT","Tue 11/17/2015-22:33:27.37","Tue 11/17/2015-22:47:40.64",1447774407,1447775260,20161,1447774382,1447775277,25,17,853,895,42
"blast500k_test_pub_fileFULL_gr_1875","IS24T-06XX275-DT","Tue 11/17/2015-22:43:02.58","Tue 11/17/2015-22:57:32.39",1447774982,1447775852,20162,1447774981,1447775880,1,28,870,899,29
"blast500k_test_pub_fileFULL_gr_1876","IS24T-06XX297-DT","Tue 11/17/2015-22:43:14.00","Tue 11/17/2015-23:01:16.11",1447774994,1447776076,20163,1447774979,1447776110,15,34,1082,1131,49
"blast500k_test_pub_fileFULL_gr_1877","IS24T-06XX265-DT","Tue 11/17/2015-22:46:34.05","Tue 11/17/2015-23:04:18.89",1447775194,1447776258,20164,1447775171,1447776277,23,19,1064,1106,42
"blast500k_test_pub_fileFULL_gr_1878","IS24T-06XX285-DT","Tue 11/17/2015-22:51:40.58","Tue 11/17/2015-23:10:35.93",1447775500,1447776635,20165,1447775486,1447776661,14,26,1135,1175,40
"blast500k_test_pub_fileFULL_gr_1879","IS24T-06XX300-DT","Tue 11/17/2015-22:35:02.86","Tue 11/17/2015-22:49:32.90",1447774502,1447775372,20166,1447774487,1447775399,15,27,870,912,42
"blast500k_test_pub_fileFULL_gr_188","IS24T-06XX278-DT","Tue 11/17/2015-18:17:56.35","Tue 11/17/2015-18:44:16.08",1447759076,1447760656,18475,1447759062,1447760690,14,34,1580,1628,48
"blast500k_test_pub_fileFULL_gr_1880","IS24T-06XX263-DT","Tue 11/17/2015-22:49:38.48","Tue 11/17/2015-23:01:44.34",1447775378,1447776104,20167,1447775364,1447776123,14,19,726,759,33
"blast500k_test_pub_fileFULL_gr_1881","IS24T-06XX296-DT","Tue 11/17/2015-22:39:51.28","Tue 11/17/2015-22:54:01.54",1447774791,1447775641,20168,1447774776,1447775666,15,25,850,890,40
"blast500k_test_pub_fileFULL_gr_1882","IS24T-06XX267-DT","Tue 11/17/2015-22:43:34.85","Tue 11/17/2015-22:54:57.48",1447775014,1447775697,20169,1447774996,1447775717,18,20,683,721,38
"blast500k_test_pub_fileFULL_gr_1883","IS24T-06XX254-DT","Tue 11/17/2015-22:35:20.08","Tue 11/17/2015-23:05:56.21",1447774520,1447776356,20170,1447774491,1447776374,29,18,1836,1883,47
"blast500k_test_pub_fileFULL_gr_1884","IS24T-06XX262-DT","Tue 11/17/2015-22:33:16.41","Tue 11/17/2015-22:56:14.19",1447774396,1447775774,20171,1447774369,1447775799,27,25,1378,1430,52
"blast500k_test_pub_fileFULL_gr_1885","IS24T-06XX282-DT","Tue 11/17/2015-22:49:03.33","Tue 11/17/2015-23:02:42.92",1447775343,1447776162,20172,1447775331,1447776191,12,29,819,860,41
"blast500k_test_pub_fileFULL_gr_1886","IS24T-06XX288-DT","Tue 11/17/2015-22:35:31.55","Tue 11/17/2015-23:00:44.79",1447774531,1447776044,20173,1447774473,1447776059,58,15,1513,1586,73
"blast500k_test_pub_fileFULL_gr_1887","IS24T-06XX272-DT","Tue 11/17/2015-22:35:40.85","Tue 11/17/2015-22:53:08.57",1447774540,1447775588,20174,1447774502,1447775606,38,18,1048,1104,56
"blast500k_test_pub_fileFULL_gr_1888","IS24T-06XX291-DT","Tue 11/17/2015-22:46:34.59","Tue 11/17/2015-23:04:33.46",1447775194,1447776273,20175,1447775182,1447776303,12,30,1079,1121,42
"blast500k_test_pub_fileFULL_gr_1889","IS24T-06XX253-DT","Tue 11/17/2015-22:54:57.29","Tue 11/17/2015-23:08:40.80",1447775697,1447776520,20176,1447775677,1447776536,20,16,823,859,36
"blast500k_test_pub_fileFULL_gr_189","IS24T-06XX296-DT","Tue 11/17/2015-17:58:15.47","Tue 11/17/2015-18:08:24.57",1447757895,1447758504,18476,1447757882,1447758530,13,26,609,648,39
"blast500k_test_pub_fileFULL_gr_1890","IS24T-06XX292-DT","Tue 11/17/2015-22:51:55.41","Tue 11/17/2015-23:10:28.82",1447775515,1447776628,20177,1447775570,1447776712,-55,84,1113,1142,29
"blast500k_test_pub_fileFULL_gr_1891","IS24T-06XX272-DT","Tue 11/17/2015-22:51:02.16","Tue 11/17/2015-23:03:59.33",1447775462,1447776239,20178,1447775439,1447776258,23,19,777,819,42
"blast500k_test_pub_fileFULL_gr_1892","IS24T-06XX271-DT","Tue 11/17/2015-22:38:41.25","Tue 11/17/2015-22:52:06.05",1447774721,1447775526,20179,1447774698,1447775542,23,16,805,844,39
"blast500k_test_pub_fileFULL_gr_1893","IS24T-06XX292-DT","Tue 11/17/2015-22:45:06.83","Tue 11/17/2015-23:01:58.89",1447775106,1447776118,20180,1447775150,1447776206,-44,88,1012,1056,44
"blast500k_test_pub_fileFULL_gr_1894","IS24T-06XX264-DT","Tue 11/17/2015-22:58:39.31","Tue 11/17/2015-23:19:28.98",1447775919,1447777168,20181,1447775890,1447777182,29,14,1249,1292,43
"blast500k_test_pub_fileFULL_gr_1895","IS24T-06XX279-DT","Tue 11/17/2015-22:36:17.34","Tue 11/17/2015-22:56:01.76",1447774577,1447775761,20182,1447774580,1447775806,-3,45,1184,1226,42
"blast500k_test_pub_fileFULL_gr_1896","IS24T-06XX209-DT","Tue 11/17/2015-23:06:12.05","Tue 11/17/2015-23:32:59.93",1447776372,1447777979,20183,1447776368,1447778044,4,65,1607,1676,69
"blast500k_test_pub_fileFULL_gr_1897","IS24T-06XX268-DT","Tue 11/17/2015-22:50:02.25","Tue 11/17/2015-23:06:42.93",1447775402,1447776402,20184,1447775384,1447776420,18,18,1000,1036,36
"blast500k_test_pub_fileFULL_gr_1898","IS24T-06XX284-DT","Tue 11/17/2015-22:57:54.73","Tue 11/17/2015-23:14:21.04",1447775874,1447776861,20185,1447775861,1447776923,13,62,987,1062,75
"blast500k_test_pub_fileFULL_gr_1899","IS24T-06XX285-DT","Tue 11/17/2015-22:54:30.42","Tue 11/17/2015-23:12:17.49",1447775670,1447776737,20186,1447775656,1447776762,14,25,1067,1106,39
"blast500k_test_pub_fileFULL_gr_19","IS24T-06XX260-DT","Tue 11/17/2015-18:00:40.86","Tue 11/17/2015-18:19:38.32",1447758040,1447759178,18306,1447758028,1447759191,12,13,1138,1163,25
"blast500k_test_pub_fileFULL_gr_190","IS24T-06XX209-DT","Tue 11/17/2015-17:57:21.34","Tue 11/17/2015-18:19:13.11",1447757841,1447759153,18477,1447757864,1447759222,-23,69,1312,1358,46
"blast500k_test_pub_fileFULL_gr_1900","IS24T-06XX284-DT","Tue 11/17/2015-22:42:21.36","Tue 11/17/2015-23:01:57.01",1447774941,1447776117,20187,1447774955,1447776180,-14,63,1176,1225,49
"blast500k_test_pub_fileFULL_gr_1901","IS24T-06XX256-DT","Tue 11/17/2015-22:35:58.54","Tue 11/17/2015-22:49:41.45",1447774558,1447775381,20188,1447774534,1447775399,24,18,823,865,42
"blast500k_test_pub_fileFULL_gr_1902","IS24T-06XX252-DT","Tue 11/17/2015-22:35:57.98","Tue 11/17/2015-22:46:07.45",1447774557,1447775167,20189,1447774533,1447775175,24,8,610,642,32
"blast500k_test_pub_fileFULL_gr_1903","IS24T-06XX293-DT","Tue 11/17/2015-22:42:17.65","Tue 11/17/2015-22:55:32.68",1447774937,1447775732,20190,1447774928,1447775769,9,37,795,841,46
"blast500k_test_pub_fileFULL_gr_1904","IS24T-06XX255-DT","Tue 11/17/2015-22:39:14.83","Tue 11/17/2015-22:57:11.63",1447774754,1447775831,20191,1447774730,1447775846,24,15,1077,1116,39
"blast500k_test_pub_fileFULL_gr_1905","IS24T-06XX295-DT","Tue 11/17/2015-22:36:39.73","Tue 11/17/2015-22:51:33.76",1447774599,1447775493,20192,1447774620,1447775553,-21,60,894,933,39
"blast500k_test_pub_fileFULL_gr_1906","IS24T-06XX289-DT","Tue 11/17/2015-23:47:10.60","Wed 11/18/2015- 0:13:14.27",1447778830,1447780394,20193,1447778810,1447780423,20,29,1564,1613,49
"blast500k_test_pub_fileFULL_gr_1907","IS24T-06XX274-DT","Tue 11/17/2015-22:39:14.34","Tue 11/17/2015-22:53:43.97",1447774754,1447775623,20194,1447774709,1447775637,45,14,869,928,59
"blast500k_test_pub_fileFULL_gr_1908","IS24T-06XX294-DT","Tue 11/17/2015-23:25:35.71","Tue 11/17/2015-23:44:04.65",1447777535,1447778644,20195,1447777522,1447778670,13,26,1109,1148,39
"blast500k_test_pub_fileFULL_gr_1909","IS24T-06XX286-DT","Tue 11/17/2015-22:37:48.85","Tue 11/17/2015-22:47:42.94",1447774668,1447775262,20196,1447774659,1447775293,9,31,594,634,40
"blast500k_test_pub_fileFULL_gr_191","IS24T-06XX282-DT","Tue 11/17/2015-17:57:40.45","Tue 11/17/2015-18:11:43.55",1447757860,1447758703,18478,1447757855,1447758731,5,28,843,876,33
"blast500k_test_pub_fileFULL_gr_1910","IS24T-06XX295-DT","Tue 11/17/2015-22:52:02.41","Tue 11/17/2015-23:08:28.60",1447775522,1447776508,20197,1447775553,1447776566,-31,58,986,1013,27
"blast500k_test_pub_fileFULL_gr_1911","IS24T-06XX273-DT","Tue 11/17/2015-22:55:48.57","Tue 11/17/2015-23:10:02.28",1447775748,1447776602,20198,1447775727,1447776618,21,16,854,891,37
"blast500k_test_pub_fileFULL_gr_1912","IS24T-06XX278-DT","Tue 11/17/2015-22:43:26.26","Tue 11/17/2015-23:03:06.12",1447775006,1447776186,20199,1447775011,1447776218,-5,32,1180,1207,27
"blast500k_test_pub_fileFULL_gr_1913","IS24T-06XX287-DT","Tue 11/17/2015-23:17:01.90","Tue 11/17/2015-23:32:53.85",1447777021,1447777973,20200,1447777018,1447778006,3,33,952,988,36
"blast500k_test_pub_fileFULL_gr_1914","IS24T-06XX259-DT","Tue 11/17/2015-22:40:27.80","Tue 11/17/2015-22:56:46.96",1447774827,1447775806,20201,1447774804,1447775825,23,19,979,1021,42
"blast500k_test_pub_fileFULL_gr_1915","IS24T-06XX258-DT","Tue 11/17/2015-23:16:30.56","Tue 11/17/2015-23:30:40.86",1447776990,1447777840,20202,1447776965,1447777855,25,15,850,890,40
"blast500k_test_pub_fileFULL_gr_1916","IS24T-06XX288-DT","Tue 11/17/2015-23:08:18.42","Tue 11/17/2015-23:32:32.49",1447776498,1447777952,20203,1447776463,1447777963,35,11,1454,1500,46
"blast500k_test_pub_fileFULL_gr_1917","IS24T-06XX271-DT","Tue 11/17/2015-22:39:56.20","Tue 11/17/2015-22:58:21.73",1447774796,1447775901,20204,1447774784,1447775919,12,18,1105,1135,30
"blast500k_test_pub_fileFULL_gr_1918","IS24T-06XX253-DT","Tue 11/17/2015-22:39:04.70","Tue 11/17/2015-22:53:06.49",1447774744,1447775586,20205,1447774720,1447775603,24,17,842,883,41
"blast500k_test_pub_fileFULL_gr_1919","IS24T-06XX289-DT","Tue 11/17/2015-23:01:11.81","Tue 11/17/2015-23:16:23.31",1447776071,1447776983,20206,1447776062,1447777017,9,34,912,955,43
"blast500k_test_pub_fileFULL_gr_192","IS24T-06XX209-DT","Tue 11/17/2015-18:06:16.91","Tue 11/17/2015-18:27:10.75",1447758376,1447759630,18479,1447758403,1447759697,-27,67,1254,1294,40
"blast500k_test_pub_fileFULL_gr_1920","IS24T-06XX273-DT","Tue 11/17/2015-22:41:16.11","Tue 11/17/2015-22:55:24.28",1447774876,1447775724,20207,1447774864,1447775739,12,15,848,875,27
"blast500k_test_pub_fileFULL_gr_1921","IS24T-06XX287-DT","Tue 11/17/2015-22:42:51.95","Tue 11/17/2015-22:59:09.91",1447774971,1447775949,20208,1447774973,1447775983,-2,34,978,1010,32
"blast500k_test_pub_fileFULL_gr_1922","IS24T-06XX260-DT","Tue 11/17/2015-22:40:36.81","Tue 11/17/2015-22:57:46.40",1447774836,1447775866,20209,1447774825,1447775882,11,16,1030,1057,27
"blast500k_test_pub_fileFULL_gr_1923","IS24T-06XX259-DT","Tue 11/17/2015-22:45:05.71","Tue 11/17/2015-23:08:47.62",1447775105,1447776527,20210,1447775085,1447776542,20,15,1422,1457,35
"blast500k_test_pub_fileFULL_gr_1924","IS24T-06XX281-DT","Tue 11/17/2015-23:49:33.77","Wed 11/18/2015- 0:06:44.06",1447778973,1447780004,20211,1447778953,1447780031,20,27,1031,1078,47
"blast500k_test_pub_fileFULL_gr_1925","IS24T-06XX262-DT","Tue 11/17/2015-23:14:10.03","Tue 11/17/2015-23:44:04.27",1447776850,1447778644,20212,1447776826,1447778669,24,25,1794,1843,49
"blast500k_test_pub_fileFULL_gr_1926","IS24T-06XX271-DT","Tue 11/17/2015-22:58:49.73","Tue 11/17/2015-23:13:10.87",1447775929,1447776790,20213,1447775907,1447776808,22,18,861,901,40
"blast500k_test_pub_fileFULL_gr_1927","IS24T-06XX261-DT","Tue 11/17/2015-22:48:08.90","Tue 11/17/2015-23:03:39.96",1447775288,1447776219,20214,1447775265,1447776235,23,16,931,970,39
"blast500k_test_pub_fileFULL_gr_1928","IS24T-06XX297-DT","Tue 11/17/2015-22:41:32.62","Tue 11/17/2015-22:58:12.56",1447774892,1447775892,20215,1447774878,1447775927,14,35,1000,1049,49
"blast500k_test_pub_fileFULL_gr_1929","IS24T-06XX266-DT","Tue 11/17/2015-23:08:02.08","Tue 11/17/2015-23:22:26.04",1447776482,1447777346,20216,1447776459,1447777364,23,18,864,905,41
"blast500k_test_pub_fileFULL_gr_193","IS24T-06XX257-DT","Tue 11/17/2015-17:55:56.80","Tue 11/17/2015-18:19:10.98",1447757756,1447759150,18480,1447757731,1447759167,25,17,1394,1436,42
"blast500k_test_pub_fileFULL_gr_1930","IS24T-06XX288-DT","Tue 11/17/2015-22:47:50.48","Tue 11/17/2015-23:04:16.44",1447775270,1447776256,20217,1447775236,1447776267,34,11,986,1031,45
"blast500k_test_pub_fileFULL_gr_1931","IS24T-06XX283-DT","Tue 11/17/2015-22:56:41.38","Tue 11/17/2015-23:16:45.06",1447775801,1447777005,20218,1447775798,1447777035,3,30,1204,1237,33
"blast500k_test_pub_fileFULL_gr_1932","IS24T-06XX282-DT","Tue 11/17/2015-23:03:02.57","Tue 11/17/2015-23:13:34.29",1447776182,1447776814,20219,1447776179,1447776839,3,25,632,660,28
"blast500k_test_pub_fileFULL_gr_1933","IS24T-06XX281-DT","Tue 11/17/2015-22:48:12.17","Tue 11/17/2015-23:02:08.09",1447775292,1447776128,20220,1447775278,1447776154,14,26,836,876,40
"blast500k_test_pub_fileFULL_gr_1934","IS24T-06XX262-DT","Wed 11/18/2015- 0:35:59.99","Wed 11/18/2015- 0:56:49.67",1447781759,1447783009,20221,1447781732,1447783034,27,25,1250,1302,52
"blast500k_test_pub_fileFULL_gr_1935","IS24T-06XX264-DT","Tue 11/17/2015-22:40:44.34","Tue 11/17/2015-23:01:33.79",1447774844,1447776093,20222,1447774817,1447776108,27,15,1249,1291,42
"blast500k_test_pub_fileFULL_gr_1936","IS24T-06XX259-DT","Tue 11/17/2015-23:09:14.63","Tue 11/17/2015-23:31:13.24",1447776554,1447777873,20223,1447776531,1447777888,23,15,1319,1357,38
"blast500k_test_pub_fileFULL_gr_1937","IS24T-06XX300-DT","Tue 11/17/2015-23:32:13.59","Tue 11/17/2015-23:51:53.48",1447777933,1447779113,20224,1447777929,1447779137,4,24,1180,1208,28
"blast500k_test_pub_fileFULL_gr_1938","IS24T-06XX299-DT","Tue 11/17/2015-22:56:59.14","Tue 11/17/2015-23:15:03.84",1447775819,1447776903,20225,1447775846,1447776949,-27,46,1084,1103,19
"blast500k_test_pub_fileFULL_gr_1939","IS24T-06XX263-DT","Tue 11/17/2015-23:02:17.00","Tue 11/17/2015-23:18:15.71",1447776137,1447777095,20226,1447776111,1447777110,26,15,958,999,41
"blast500k_test_pub_fileFULL_gr_194","IS24T-06XX300-DT","Tue 11/17/2015-17:48:56.74","Tue 11/17/2015-18:00:39.60",1447757336,1447758039,18481,1447757300,1447758061,36,22,703,761,58
"blast500k_test_pub_fileFULL_gr_1940","IS24T-06XX296-DT","Tue 11/17/2015-23:00:40.60","Tue 11/17/2015-23:14:41.17",1447776040,1447776881,20227,1447776027,1447776908,13,27,841,881,40
"blast500k_test_pub_fileFULL_gr_1941","IS24T-06XX282-DT","Tue 11/17/2015-23:18:07.71","Tue 11/17/2015-23:29:15.00",1447777087,1447777755,20228,1447777073,1447777782,14,27,668,709,41
"blast500k_test_pub_fileFULL_gr_1942","IS24T-06XX294-DT","Tue 11/17/2015-22:40:39.31","Tue 11/17/2015-23:02:32.44",1447774839,1447776152,20229,1447774826,1447776177,13,25,1313,1351,38
"blast500k_test_pub_fileFULL_gr_1943","IS24T-06XX291-DT","Tue 11/17/2015-22:42:04.77","Tue 11/17/2015-22:55:34.24",1447774924,1447775734,20230,1447774911,1447775761,13,27,810,850,40
"blast500k_test_pub_fileFULL_gr_1944","IS24T-06XX264-DT","Tue 11/17/2015-22:53:38.74","Tue 11/17/2015-23:23:58.29",1447775618,1447777438,20231,1447775593,1447777455,25,17,1820,1862,42
"blast500k_test_pub_fileFULL_gr_1945","IS24T-06XX268-DT","Tue 11/17/2015-22:46:32.96","Tue 11/17/2015-22:57:42.88",1447775192,1447775862,20232,1447775168,1447775878,24,16,670,710,40
"blast500k_test_pub_fileFULL_gr_1946","IS24T-06XX209-DT","Tue 11/17/2015-22:43:17.87","Tue 11/17/2015-22:57:58.34",1447774997,1447775878,20233,1447775001,1447775949,-4,71,881,948,67
"blast500k_test_pub_fileFULL_gr_1947","IS24T-06XX284-DT","Tue 11/17/2015-23:00:43.42","Tue 11/17/2015-23:26:31.97",1447776043,1447777591,20234,1447776055,1447777653,-12,62,1548,1598,50
"blast500k_test_pub_fileFULL_gr_1948","IS24T-06XX291-DT","Tue 11/17/2015-22:56:03.43","Tue 11/17/2015-23:07:23.46",1447775763,1447776443,20235,1447775749,1447776468,14,25,680,719,39
"blast500k_test_pub_fileFULL_gr_1949","IS24T-06XX281-DT","Tue 11/17/2015-22:43:59.85","Tue 11/17/2015-22:57:52.80",1447775039,1447775872,20236,1447775026,1447775903,13,31,833,877,44
"blast500k_test_pub_fileFULL_gr_195","IS24T-06XX261-DT","Tue 11/17/2015-17:55:43.83","Tue 11/17/2015-18:11:43.89",1447757743,1447758703,18482,1447757725,1447758719,18,16,960,994,34
"blast500k_test_pub_fileFULL_gr_1950","IS24T-06XX276-DT","Tue 11/17/2015-22:44:44.30","Tue 11/17/2015-23:00:04.12",1447775084,1447776004,20237,1447775065,1447776020,19,16,920,955,35
"blast500k_test_pub_fileFULL_gr_1951","IS24T-06XX300-DT","Tue 11/17/2015-22:47:31.82","Tue 11/17/2015-23:00:29.70",1447775251,1447776029,20238,1447775235,1447776053,16,24,778,818,40
"blast500k_test_pub_fileFULL_gr_1952","IS24T-06XX292-DT","Tue 11/17/2015-23:02:33.25","Tue 11/17/2015-23:20:01.70",1447776153,1447777201,20239,1447776193,1447777284,-40,83,1048,1091,43
"blast500k_test_pub_fileFULL_gr_1953","IS24T-06XX257-DT","Tue 11/17/2015-22:50:52.73","Tue 11/17/2015-23:03:25.94",1447775452,1447776205,20240,1447775428,1447776222,24,17,753,794,41
"blast500k_test_pub_fileFULL_gr_1954","IS24T-06XX299-DT","Tue 11/17/2015-22:56:06.85","Tue 11/17/2015-23:08:09.74",1447775766,1447776489,20241,1447775780,1447776542,-14,53,723,762,39
"blast500k_test_pub_fileFULL_gr_1955","IS24T-06XX255-DT","Tue 11/17/2015-23:13:26.32","Tue 11/17/2015-23:26:54.14",1447776806,1447777614,20242,1447776778,1447777630,28,16,808,852,44
"blast500k_test_pub_fileFULL_gr_1956","IS24T-06XX274-DT","Tue 11/17/2015-22:54:14.17","Tue 11/17/2015-23:14:28.99",1447775654,1447776868,20243,1447775625,1447776886,29,18,1214,1261,47
"blast500k_test_pub_fileFULL_gr_1957","IS24T-06XX266-DT","Tue 11/17/2015-23:02:44.54","Tue 11/17/2015-23:15:30.77",1447776164,1447776930,20244,1447776152,1447776947,12,17,766,795,29
"blast500k_test_pub_fileFULL_gr_1958","IS24T-06XX286-DT","Tue 11/17/2015-22:48:11.52","Tue 11/17/2015-23:05:29.06",1447775291,1447776329,20245,1447775281,1447776358,10,29,1038,1077,39
"blast500k_test_pub_fileFULL_gr_1959","IS24T-06XX253-DT","Tue 11/17/2015-22:53:38.08","Tue 11/17/2015-23:10:21.18",1447775618,1447776621,20246,1447775592,1447776638,26,17,1003,1046,43
"blast500k_test_pub_fileFULL_gr_196","IS24T-06XX254-DT","Tue 11/17/2015-18:11:40.24","Tue 11/17/2015-18:37:51.52",1447758700,1447760271,18483,1447758671,1447760287,29,16,1571,1616,45
"blast500k_test_pub_fileFULL_gr_1960","IS24T-06XX257-DT","Tue 11/17/2015-23:03:55.27","Tue 11/17/2015-23:19:19.57",1447776235,1447777159,20247,1447776210,1447777176,25,17,924,966,42
"blast500k_test_pub_fileFULL_gr_1961","IS24T-06XX278-DT","Tue 11/17/2015-22:54:55.68","Tue 11/17/2015-23:06:39.53",1447775695,1447776399,20248,1447775683,1447776434,12,35,704,751,47
"blast500k_test_pub_fileFULL_gr_1962","IS24T-06XX259-DT","Tue 11/17/2015-23:16:01.82","Tue 11/17/2015-23:33:10.96",1447776961,1447777990,20249,1447776938,1447778009,23,19,1029,1071,42
"blast500k_test_pub_fileFULL_gr_1963","IS24T-06XX286-DT","Tue 11/17/2015-22:54:47.07","Tue 11/17/2015-23:08:47.69",1447775687,1447776527,20250,1447775679,1447776559,8,32,840,880,40
"blast500k_test_pub_fileFULL_gr_1964","IS24T-06XX209-DT","Tue 11/17/2015-22:44:00.53","Tue 11/17/2015-23:05:13.19",1447775040,1447776313,20251,1447775054,1447776380,-14,67,1273,1326,53
"blast500k_test_pub_fileFULL_gr_1965","IS24T-06XX294-DT","Tue 11/17/2015-22:44:30.95","Tue 11/17/2015-23:02:34.70",1447775070,1447776154,20252,1447775064,1447776177,6,23,1084,1113,29
"blast500k_test_pub_fileFULL_gr_1966","IS24T-06XX265-DT","Tue 11/17/2015-22:53:35.68","Tue 11/17/2015-23:02:30.49",1447775615,1447776150,20253,1447775597,1447776166,18,16,535,569,34
"blast500k_test_pub_fileFULL_gr_1967","IS24T-06XX268-DT","Tue 11/17/2015-22:58:09.92","Tue 11/17/2015-23:12:38.15",1447775889,1447776758,20254,1447775867,1447776777,22,19,869,910,41
"blast500k_test_pub_fileFULL_gr_1968","IS24T-06XX257-DT","Tue 11/17/2015-23:07:26.22","Tue 11/17/2015-23:22:34.28",1447776446,1447777354,20255,1447776422,1447777372,24,18,908,950,42
"blast500k_test_pub_fileFULL_gr_1969","IS24T-06XX291-DT","Tue 11/17/2015-23:05:05.21","Tue 11/17/2015-23:19:30.31",1447776305,1447777170,20256,1447776291,1447777195,14,25,865,904,39
"blast500k_test_pub_fileFULL_gr_197","IS24T-06XX300-DT","Tue 11/17/2015-18:01:08.12","Tue 11/17/2015-18:25:30.89",1447758068,1447759530,18484,1447758049,1447759556,19,26,1462,1507,45
"blast500k_test_pub_fileFULL_gr_1970","IS24T-06XX264-DT","Tue 11/17/2015-23:02:04.29","Tue 11/17/2015-23:21:15.03",1447776124,1447777275,20257,1447776097,1447777288,27,13,1151,1191,40
"blast500k_test_pub_fileFULL_gr_1971","IS24T-06XX277-DT","Tue 11/17/2015-22:53:17.33","Tue 11/17/2015-23:07:34.92",1447775597,1447776454,20258,1447775585,1447776473,12,19,857,888,31
"blast500k_test_pub_fileFULL_gr_1972","IS24T-06XX261-DT","Tue 11/17/2015-23:03:54.28","Tue 11/17/2015-23:21:24.10",1447776234,1447777284,20259,1447776222,1447777298,12,14,1050,1076,26
"blast500k_test_pub_fileFULL_gr_1973","IS24T-06XX279-DT","Tue 11/17/2015-23:20:11.94","Tue 11/17/2015-23:34:35.52",1447777211,1447778075,20260,1447777219,1447778119,-8,44,864,900,36
"blast500k_test_pub_fileFULL_gr_1974","IS24T-06XX263-DT","Tue 11/17/2015-22:48:56.92","Tue 11/17/2015-23:04:17.68",1447775336,1447776257,20261,1447775312,1447776274,24,17,921,962,41
"blast500k_test_pub_fileFULL_gr_1975","IS24T-06XX266-DT","Tue 11/17/2015-22:48:04.83","Tue 11/17/2015-23:02:29.17",1447775284,1447776149,20262,1447775257,1447776164,27,15,865,907,42
"blast500k_test_pub_fileFULL_gr_1976","IS24T-06XX254-DT","Tue 11/17/2015-22:47:28.26","Tue 11/17/2015-23:12:27.00",1447775248,1447776747,20263,1447775208,1447776761,40,14,1499,1553,54
"blast500k_test_pub_fileFULL_gr_1977","IS24T-06XX267-DT","Tue 11/17/2015-22:55:26.93","Tue 11/17/2015-23:15:51.55",1447775726,1447776951,20264,1447775704,1447776967,22,16,1225,1263,38
"blast500k_test_pub_fileFULL_gr_1978","IS24T-06XX269-DT","Tue 11/17/2015-22:51:39.03","Tue 11/17/2015-23:08:22.04",1447775499,1447776502,20265,1447775474,1447776533,25,31,1003,1059,56
"blast500k_test_pub_fileFULL_gr_1979","IS24T-06XX286-DT","Tue 11/17/2015-23:34:47.15","Tue 11/17/2015-23:54:51.93",1447778087,1447779291,20266,1447778077,1447779320,10,29,1204,1243,39
"blast500k_test_pub_fileFULL_gr_198","IS24T-06XX274-DT","Tue 11/17/2015-18:02:43.58","Tue 11/17/2015-18:17:01.03",1447758163,1447759021,18485,1447758138,1447759038,25,17,858,900,42
"blast500k_test_pub_fileFULL_gr_1980","IS24T-06XX258-DT","Tue 11/17/2015-22:58:00.09","Tue 11/17/2015-23:15:59.46",1447775880,1447776959,20267,1447775867,1447776977,13,18,1079,1110,31
"blast500k_test_pub_fileFULL_gr_1981","IS24T-06XX255-DT","Tue 11/17/2015-22:58:55.52","Tue 11/17/2015-23:15:49.88",1447775935,1447776949,20268,1447775920,1447776966,15,17,1014,1046,32
"blast500k_test_pub_fileFULL_gr_1982","IS24T-06XX289-DT","Tue 11/17/2015-22:49:51.19","Tue 11/17/2015-23:00:17.14",1447775391,1447776017,20269,1447775383,1447776051,8,34,626,668,42
"blast500k_test_pub_fileFULL_gr_1983","IS24T-06XX300-DT","Tue 11/17/2015-22:49:49.27","Tue 11/17/2015-23:02:11.68",1447775389,1447776131,20270,1447775387,1447776147,2,16,742,760,18
"blast500k_test_pub_fileFULL_gr_1984","IS24T-06XX295-DT","Tue 11/17/2015-23:16:11.90","Tue 11/17/2015-23:30:02.00",1447776971,1447777802,20271,1447776992,1447777863,-21,61,831,871,40
"blast500k_test_pub_fileFULL_gr_1985","IS24T-06XX258-DT","Tue 11/17/2015-22:54:32.13","Tue 11/17/2015-23:17:52.15",1447775672,1447777072,20272,1447775648,1447777088,24,16,1400,1440,40
"blast500k_test_pub_fileFULL_gr_1986","IS24T-06XX296-DT","Tue 11/17/2015-22:54:31.66","Tue 11/17/2015-23:05:42.28",1447775671,1447776342,20273,1447775654,1447776370,17,28,671,716,45
"blast500k_test_pub_fileFULL_gr_1987","IS24T-06XX275-DT","Tue 11/17/2015-23:04:08.88","Tue 11/17/2015-23:14:11.81",1447776248,1447776851,20274,1447776245,1447776879,3,28,603,634,31
"blast500k_test_pub_fileFULL_gr_1988","IS24T-06XX252-DT","Tue 11/17/2015-22:55:37.16","Tue 11/17/2015-23:12:06.50",1447775737,1447776726,20275,1447775715,1447776745,22,19,989,1030,41
"blast500k_test_pub_fileFULL_gr_1989","IS24T-06XX275-DT","Tue 11/17/2015-23:17:18.88","Tue 11/17/2015-23:35:14.71",1447777038,1447778114,20276,1447777039,1447778144,-1,30,1076,1105,29
"blast500k_test_pub_fileFULL_gr_199","IS24T-06XX296-DT","Tue 11/17/2015-19:07:50.04","Tue 11/17/2015-19:20:38.01",1447762070,1447762838,18486,1447762057,1447762866,13,28,768,809,41
"blast500k_test_pub_fileFULL_gr_1990","IS24T-06XX291-DT","Tue 11/17/2015-23:29:39.53","Tue 11/17/2015-23:45:47.08",1447777779,1447778747,20277,1447777764,1447778775,15,28,968,1011,43
"blast500k_test_pub_fileFULL_gr_1991","IS24T-06XX257-DT","Tue 11/17/2015-22:52:55.96","Tue 11/17/2015-23:06:59.60",1447775575,1447776419,20278,1447775563,1447776434,12,15,844,871,27
"blast500k_test_pub_fileFULL_gr_1992","IS24T-06XX272-DT","Tue 11/17/2015-22:53:30.65","Tue 11/17/2015-23:17:28.91",1447775610,1447777048,20279,1447775594,1447777066,16,18,1438,1472,34
"blast500k_test_pub_fileFULL_gr_1993","IS24T-06XX256-DT","Tue 11/17/2015-22:50:12.22","Tue 11/17/2015-23:01:23.77",1447775412,1447776083,20280,1447775387,1447776102,25,19,671,715,44
"blast500k_test_pub_fileFULL_gr_1994","IS24T-06XX268-DT","Tue 11/17/2015-23:18:13.34","Tue 11/17/2015-23:28:57.20",1447777093,1447777737,20281,1447777068,1447777752,25,15,644,684,40
"blast500k_test_pub_fileFULL_gr_1995","IS24T-06XX296-DT","Tue 11/17/2015-23:14:55.86","Tue 11/17/2015-23:31:52.41",1447776895,1447777912,20282,1447776895,1447777940,0,28,1017,1045,28
"blast500k_test_pub_fileFULL_gr_1996","IS24T-06XX287-DT","Tue 11/17/2015-22:59:35.16","Tue 11/17/2015-23:16:34.81",1447775975,1447776994,20283,1447775970,1447777030,5,36,1019,1060,41
"blast500k_test_pub_fileFULL_gr_1997","IS24T-06XX279-DT","Tue 11/17/2015-22:53:41.57","Tue 11/17/2015-23:02:06.50",1447775621,1447776126,20284,1447775622,1447776172,-1,46,505,550,45
"blast500k_test_pub_fileFULL_gr_1998","IS24T-06XX294-DT","Tue 11/17/2015-23:03:20.35","Tue 11/17/2015-23:19:28.50",1447776200,1447777168,20285,1447776189,1447777194,11,26,968,1005,37
"blast500k_test_pub_fileFULL_gr_1999","IS24T-06XX283-DT","Tue 11/17/2015-22:56:20.90","Tue 11/17/2015-23:07:25.78",1447775780,1447776445,20286,1447775769,1447776472,11,27,665,703,38
"blast500k_test_pub_fileFULL_gr_2","IS24T-06XX257-DT","Tue 11/17/2015-17:44:30.77","Tue 11/17/2015-17:55:29.31",1447757070,1447757729,18289,1447757055,1447757742,15,13,659,687,28
"blast500k_test_pub_fileFULL_gr_20","IS24T-06XX281-DT","Tue 11/17/2015-17:45:44.35","Tue 11/17/2015-18:00:20.03",1447757144,1447758020,18307,1447757126,1447758042,18,22,876,916,40
"blast500k_test_pub_fileFULL_gr_200","IS24T-06XX272-DT","Tue 11/17/2015-18:29:21.51","Tue 11/17/2015-18:55:58.34",1447759761,1447761358,18487,1447759737,1447761376,24,18,1597,1639,42
"blast500k_test_pub_fileFULL_gr_2000","IS24T-06XX255-DT","Tue 11/17/2015-22:57:40.65","Tue 11/17/2015-23:12:54.64",1447775860,1447776774,20287,1447775834,1447776789,26,15,914,955,41
"blast500k_test_pub_fileFULL_gr_2001","IS24T-06XX269-DT","Tue 11/17/2015-23:14:53.84","Tue 11/17/2015-23:26:02.03",1447776893,1447777562,20288,1447776883,1447777590,10,28,669,707,38
"blast500k_test_pub_fileFULL_gr_2002","IS24T-06XX277-DT","Tue 11/17/2015-23:07:53.39","Tue 11/17/2015-23:25:23.98",1447776473,1447777523,20289,1447776461,1447777542,12,19,1050,1081,31
"blast500k_test_pub_fileFULL_gr_2003","IS24T-06XX280-DT","Tue 11/17/2015-23:13:01.90","Tue 11/17/2015-23:24:30.34",1447776781,1447777470,20290,1447776919,1447777649,-138,179,689,730,41
"blast500k_test_pub_fileFULL_gr_2004","IS24T-06XX280-DT","Tue 11/17/2015-22:53:54.28","Tue 11/17/2015-23:09:27.66",1447775634,1447776567,20291,1447775774,1447776749,-140,182,933,975,42
"blast500k_test_pub_fileFULL_gr_2005","IS24T-06XX281-DT","Tue 11/17/2015-23:02:32.21","Tue 11/17/2015-23:20:52.24",1447776152,1447777252,20292,1447776142,1447777278,10,26,1100,1136,36
"blast500k_test_pub_fileFULL_gr_2006","IS24T-06XX263-DT","Tue 11/17/2015-23:30:03.01","Tue 11/17/2015-23:49:34.47",1447777803,1447778974,20293,1447777776,1447778989,27,15,1171,1213,42
"blast500k_test_pub_fileFULL_gr_2007","IS24T-06XX266-DT","Tue 11/17/2015-22:57:47.92","Tue 11/17/2015-23:07:23.69",1447775867,1447776443,20294,1447775845,1447776459,22,16,576,614,38
"blast500k_test_pub_fileFULL_gr_2008","IS24T-06XX276-DT","Tue 11/17/2015-22:54:30.20","Tue 11/17/2015-23:13:52.07",1447775670,1447776832,20295,1447775657,1447776852,13,20,1162,1195,33
"blast500k_test_pub_fileFULL_gr_2009","IS24T-06XX297-DT","Tue 11/17/2015-23:13:29.75","Tue 11/17/2015-23:38:33.61",1447776809,1447778313,20296,1447776791,1447778347,18,34,1504,1556,52
"blast500k_test_pub_fileFULL_gr_201","IS24T-06XX262-DT","Tue 11/17/2015-18:14:50.92","Tue 11/17/2015-18:43:22.09",1447758890,1447760602,18488,1447758870,1447760629,20,27,1712,1759,47
"blast500k_test_pub_fileFULL_gr_2010","IS24T-06XX293-DT","Tue 11/17/2015-22:56:16.64","Tue 11/17/2015-23:11:06.92",1447775776,1447776666,20297,1447775769,1447776704,7,38,890,935,45
"blast500k_test_pub_fileFULL_gr_2011","IS24T-06XX271-DT","Tue 11/17/2015-23:09:11.09","Tue 11/17/2015-23:27:35.08",1447776551,1447777655,20298,1447776530,1447777672,21,17,1104,1142,38
"blast500k_test_pub_fileFULL_gr_2012","IS24T-06XX254-DT","Tue 11/17/2015-23:01:11.38","Tue 11/17/2015-23:18:54.66",1447776071,1447777134,20299,1447776032,1447777152,39,18,1063,1120,57
"blast500k_test_pub_fileFULL_gr_2013","IS24T-06XX285-DT","Tue 11/17/2015-23:12:34.09","Tue 11/17/2015-23:26:56.28",1447776754,1447777616,20300,1447776750,1447777643,4,27,862,893,31
"blast500k_test_pub_fileFULL_gr_2014","IS24T-06XX297-DT","Tue 11/17/2015-23:36:31.43","Tue 11/17/2015-23:53:00.17",1447778191,1447779180,20301,1447778172,1447779213,19,33,989,1041,52
"blast500k_test_pub_fileFULL_gr_2015","IS24T-06XX293-DT","Tue 11/17/2015-23:03:03.30","Tue 11/17/2015-23:22:43.86",1447776183,1447777363,20302,1447776190,1447777398,-7,35,1180,1208,28
"blast500k_test_pub_fileFULL_gr_2016","IS24T-06XX300-DT","Tue 11/17/2015-23:00:58.64","Tue 11/17/2015-23:20:34.46",1447776058,1447777234,20303,1447776041,1447777251,17,17,1176,1210,34
"blast500k_test_pub_fileFULL_gr_2017","IS24T-06XX280-DT","Tue 11/17/2015-22:55:45.04","Tue 11/17/2015-23:12:27.86",1447775745,1447776747,20304,1447775885,1447776932,-140,185,1002,1047,45
"blast500k_test_pub_fileFULL_gr_2018","IS24T-06XX260-DT","Tue 11/17/2015-22:58:03.63","Tue 11/17/2015-23:15:37.70",1447775883,1447776937,20305,1447775870,1447776954,13,17,1054,1084,30
"blast500k_test_pub_fileFULL_gr_2019","IS24T-06XX261-DT","Tue 11/17/2015-22:57:02.04","Tue 11/17/2015-23:12:14.64",1447775822,1447776734,20306,1447775798,1447776752,24,18,912,954,42
"blast500k_test_pub_fileFULL_gr_202","IS24T-06XX266-DT","Tue 11/17/2015-18:22:14.88","Tue 11/17/2015-18:36:37.35",1447759334,1447760197,18489,1447759322,1447760214,12,17,863,892,29
"blast500k_test_pub_fileFULL_gr_2020","IS24T-06XX289-DT","Wed 11/18/2015- 0:00:22.63","Wed 11/18/2015- 0:13:11.84",1447779622,1447780391,20307,1447779618,1447780423,4,32,769,805,36
"blast500k_test_pub_fileFULL_gr_2021","IS24T-06XX282-DT","Tue 11/17/2015-23:00:54.93","Tue 11/17/2015-23:17:39.78",1447776054,1447777059,20308,1447776029,1447777084,25,25,1005,1055,50
"blast500k_test_pub_fileFULL_gr_2022","IS24T-06XX273-DT","Tue 11/17/2015-23:13:19.30","Tue 11/17/2015-23:27:34.90",1447776799,1447777654,20309,1447776788,1447777661,11,7,855,873,18
"blast500k_test_pub_fileFULL_gr_2023","IS24T-06XX254-DT","Tue 11/17/2015-23:05:57.13","Tue 11/17/2015-23:28:40.14",1447776357,1447777720,20310,1447776314,1447777735,43,15,1363,1421,58
"blast500k_test_pub_fileFULL_gr_2024","IS24T-06XX281-DT","Tue 11/17/2015-22:58:23.36","Tue 11/17/2015-23:21:28.40",1447775903,1447777288,20311,1447775891,1447777312,12,24,1385,1421,36
"blast500k_test_pub_fileFULL_gr_2025","IS24T-06XX257-DT","Tue 11/17/2015-23:35:31.67","Tue 11/17/2015-23:52:44.20",1447778131,1447779164,20312,1447778104,1447779180,27,16,1033,1076,43
"blast500k_test_pub_fileFULL_gr_2026","IS24T-06XX283-DT","Tue 11/17/2015-23:07:51.38","Tue 11/17/2015-23:21:43.93",1447776471,1447777303,20313,1447776460,1447777330,11,27,832,870,38
"blast500k_test_pub_fileFULL_gr_2027","IS24T-06XX286-DT","Tue 11/17/2015-23:05:54.70","Tue 11/17/2015-23:20:42.50",1447776354,1447777242,20314,1447776346,1447777271,8,29,888,925,37
"blast500k_test_pub_fileFULL_gr_2028","IS24T-06XX299-DT","Tue 11/17/2015-23:43:57.33","Wed 11/18/2015- 0:05:30.57",1447778637,1447779930,20315,1447778663,1447779976,-26,46,1293,1313,20
"blast500k_test_pub_fileFULL_gr_2029","IS24T-06XX294-DT","Tue 11/17/2015-23:03:20.37","Tue 11/17/2015-23:24:44.75",1447776200,1447777484,20316,1447776177,1447777511,23,27,1284,1334,50
"blast500k_test_pub_fileFULL_gr_203","IS24T-06XX256-DT","Tue 11/17/2015-18:02:28.74","Tue 11/17/2015-18:18:07.17",1447758148,1447759087,18490,1447758129,1447759104,19,17,939,975,36
"blast500k_test_pub_fileFULL_gr_2030","IS24T-06XX274-DT","Tue 11/17/2015-23:10:37.97","Tue 11/17/2015-23:27:19.99",1447776637,1447777639,20317,1447776612,1447777654,25,15,1002,1042,40
"blast500k_test_pub_fileFULL_gr_2031","IS24T-06XX277-DT","Tue 11/17/2015-23:05:16.24","Tue 11/17/2015-23:18:04.96",1447776316,1447777084,20318,1447776288,1447777099,28,15,768,811,43
"blast500k_test_pub_fileFULL_gr_2032","IS24T-06XX297-DT","Tue 11/17/2015-23:20:05.80","Tue 11/17/2015-23:35:48.12",1447777205,1447778148,20319,1447777195,1447778183,10,35,943,988,45
"blast500k_test_pub_fileFULL_gr_2033","IS24T-06XX272-DT","Tue 11/17/2015-23:04:28.53","Tue 11/17/2015-23:25:31.23",1447776268,1447777531,20320,1447776246,1447777550,22,19,1263,1304,41
"blast500k_test_pub_fileFULL_gr_2034","IS24T-06XX262-DT","Tue 11/17/2015-23:08:10.11","Tue 11/17/2015-23:29:36.22",1447776490,1447777776,20321,1447776464,1447777802,26,26,1286,1338,52
"blast500k_test_pub_fileFULL_gr_2035","IS24T-06XX297-DT","Tue 11/17/2015-22:59:01.87","Tue 11/17/2015-23:19:32.31",1447775941,1447777172,20322,1447775915,1447777207,26,35,1231,1292,61
"blast500k_test_pub_fileFULL_gr_2036","IS24T-06XX209-DT","Tue 11/17/2015-22:58:38.99","Tue 11/17/2015-23:17:45.81",1447775918,1447777065,20323,1447775938,1447777136,-20,71,1147,1198,51
"blast500k_test_pub_fileFULL_gr_2037","IS24T-06XX284-DT","Tue 11/17/2015-23:27:25.35","Tue 11/17/2015-23:57:26.69",1447777645,1447779446,20324,1447777640,1447779510,5,64,1801,1870,69
"blast500k_test_pub_fileFULL_gr_2038","IS24T-06XX300-DT","Tue 11/17/2015-23:20:55.77","Tue 11/17/2015-23:31:56.71",1447777255,1447777916,20325,1447777251,1447777941,4,25,661,690,29
"blast500k_test_pub_fileFULL_gr_2039","IS24T-06XX252-DT","Tue 11/17/2015-22:58:27.01","Tue 11/17/2015-23:17:56.72",1447775907,1447777076,20326,1447775896,1447777094,11,18,1169,1198,29
"blast500k_test_pub_fileFULL_gr_204","IS24T-06XX278-DT","Tue 11/17/2015-18:55:26.78","Tue 11/17/2015-19:14:55.78",1447761326,1447762495,18491,1447761316,1447762528,10,33,1169,1212,43
"blast500k_test_pub_fileFULL_gr_2040","IS24T-06XX254-DT","Tue 11/17/2015-23:06:33.09","Tue 11/17/2015-23:30:18.11",1447776393,1447777818,20327,1447776362,1447777834,31,16,1425,1472,47
"blast500k_test_pub_fileFULL_gr_2041","IS24T-06XX278-DT","Tue 11/17/2015-23:03:21.53","Tue 11/17/2015-23:17:38.50",1447776201,1447777058,20328,1447776206,1447777094,-5,36,857,888,31
"blast500k_test_pub_fileFULL_gr_2042","IS24T-06XX273-DT","Tue 11/17/2015-22:57:31.96","Tue 11/17/2015-23:13:06.35",1447775851,1447776786,20329,1447775842,1447776800,9,14,935,958,23
"blast500k_test_pub_fileFULL_gr_2043","IS24T-06XX286-DT","Tue 11/17/2015-23:20:57.56","Tue 11/17/2015-23:32:19.11",1447777257,1447777939,20330,1447777259,1447777968,-2,29,682,709,27
"blast500k_test_pub_fileFULL_gr_2044","IS24T-06XX275-DT","Tue 11/17/2015-22:58:00.63","Tue 11/17/2015-23:17:00.38",1447775880,1447777020,20331,1447775868,1447777051,12,31,1140,1183,43
"blast500k_test_pub_fileFULL_gr_2045","IS24T-06XX265-DT","Tue 11/17/2015-23:20:12.23","Tue 11/17/2015-23:33:32.80",1447777212,1447778012,20332,1447777198,1447778027,14,15,800,829,29
"blast500k_test_pub_fileFULL_gr_2046","IS24T-06XX298-DT","Tue 11/17/2015-22:58:52.58","Tue 11/17/2015-23:13:43.06",1447775932,1447776823,20333,1447775967,1447776892,-35,69,891,925,34
"blast500k_test_pub_fileFULL_gr_2047","IS24T-06XX253-DT","Tue 11/17/2015-23:10:39.21","Tue 11/17/2015-23:27:40.89",1447776639,1447777660,20334,1447776625,1447777678,14,18,1021,1053,32
"blast500k_test_pub_fileFULL_gr_2048","IS24T-06XX288-DT","Tue 11/17/2015-23:01:30.40","Tue 11/17/2015-23:29:11.46",1447776090,1447777751,20335,1447776048,1447777767,42,16,1661,1719,58
"blast500k_test_pub_fileFULL_gr_2049","IS24T-06XX263-DT","Tue 11/17/2015-23:18:00.65","Tue 11/17/2015-23:31:36.34",1447777080,1447777896,20336,1447777059,1447777910,21,14,816,851,35
"blast500k_test_pub_fileFULL_gr_205","IS24T-06XX265-DT","Tue 11/17/2015-18:10:00.75","Tue 11/17/2015-18:28:13.05",1447758600,1447759693,18492,1447758577,1447759709,23,16,1093,1132,39
"blast500k_test_pub_fileFULL_gr_2050","IS24T-06XX284-DT","Tue 11/17/2015-23:02:52.17","Tue 11/17/2015-23:29:40.46",1447776172,1447777780,20337,1447776180,1447777842,-8,62,1608,1662,54
"blast500k_test_pub_fileFULL_gr_2051","IS24T-06XX289-DT","Tue 11/17/2015-23:10:57.65","Tue 11/17/2015-23:28:22.66",1447776657,1447777702,20338,1447776653,1447777735,4,33,1045,1082,37
"blast500k_test_pub_fileFULL_gr_2052","IS24T-06XX292-DT","Tue 11/17/2015-23:10:57.68","Tue 11/17/2015-23:27:23.05",1447776657,1447777643,20339,1447776701,1447777728,-44,85,986,1027,41
"blast500k_test_pub_fileFULL_gr_2053","IS24T-06XX287-DT","Tue 11/17/2015-23:04:05.11","Tue 11/17/2015-23:19:15.99",1447776245,1447777155,20340,1447776247,1447777191,-2,36,910,944,34
"blast500k_test_pub_fileFULL_gr_2054","IS24T-06XX285-DT","Tue 11/17/2015-23:36:49.18","Tue 11/17/2015-23:50:15.63",1447778209,1447779015,20341,1447778197,1447779043,12,28,806,846,40
"blast500k_test_pub_fileFULL_gr_2055","IS24T-06XX284-DT","Tue 11/17/2015-23:15:23.52","Tue 11/17/2015-23:29:52.77",1447776923,1447777792,20342,1447776912,1447777855,11,63,869,943,74
"blast500k_test_pub_fileFULL_gr_2056","IS24T-06XX295-DT","Tue 11/17/2015-23:08:55.69","Tue 11/17/2015-23:22:58.67",1447776535,1447777378,20343,1447776555,1447777440,-20,62,843,885,42
"blast500k_test_pub_fileFULL_gr_2057","IS24T-06XX280-DT","Tue 11/17/2015-23:24:47.33","Tue 11/17/2015-23:36:42.16",1447777487,1447778202,20344,1447777638,1447778386,-151,184,715,748,33
"blast500k_test_pub_fileFULL_gr_2058","IS24T-06XX299-DT","Wed 11/18/2015- 0:04:22.79","Wed 11/18/2015- 0:30:41.69",1447779862,1447781441,20345,1447779886,1447781496,-24,55,1579,1610,31
"blast500k_test_pub_fileFULL_gr_2059","IS24T-06XX263-DT","Tue 11/17/2015-23:04:40.26","Tue 11/17/2015-23:17:31.71",1447776280,1447777051,20346,1447776262,1447777071,18,20,771,809,38
"blast500k_test_pub_fileFULL_gr_206","IS24T-06XX275-DT","Tue 11/17/2015-17:59:22.77","Tue 11/17/2015-18:17:30.29",1447757962,1447759050,18493,1447757961,1447759078,1,28,1088,1117,29
"blast500k_test_pub_fileFULL_gr_2060","IS24T-06XX276-DT","Tue 11/17/2015-23:00:24.99","Tue 11/17/2015-23:17:01.42",1447776024,1447777021,20347,1447776007,1447777037,17,16,997,1030,33
"blast500k_test_pub_fileFULL_gr_2061","IS24T-06XX300-DT","Tue 11/17/2015-23:02:29.27","Tue 11/17/2015-23:15:46.45",1447776149,1447776946,20348,1447776147,1447776963,2,17,797,816,19
"blast500k_test_pub_fileFULL_gr_2062","IS24T-06XX275-DT","Tue 11/17/2015-23:14:39.65","Tue 11/17/2015-23:28:37.72",1447776879,1447777717,20349,1447776867,1447777747,12,30,838,880,42
"blast500k_test_pub_fileFULL_gr_2063","IS24T-06XX285-DT","Tue 11/17/2015-23:11:03.89","Tue 11/17/2015-23:25:13.40",1447776663,1447777513,20350,1447776649,1447777536,14,23,850,887,37
"blast500k_test_pub_fileFULL_gr_2064","IS24T-06XX284-DT","Tue 11/17/2015-23:02:52.17","Tue 11/17/2015-23:25:50.86",1447776172,1447777550,20351,1447776168,1447777612,4,62,1378,1444,66
"blast500k_test_pub_fileFULL_gr_2065","IS24T-06XX265-DT","Tue 11/17/2015-23:02:57.61","Tue 11/17/2015-23:19:31.45",1447776177,1447777171,20352,1447776153,1447777184,24,13,994,1031,37
"blast500k_test_pub_fileFULL_gr_2066","IS24T-06XX254-DT","Tue 11/17/2015-23:19:34.92","Tue 11/17/2015-23:36:15.94",1447777174,1447778175,20353,1447777140,1447778192,34,17,1001,1052,51
"blast500k_test_pub_fileFULL_gr_2067","IS24T-06XX261-DT","Tue 11/17/2015-23:22:00.79","Tue 11/17/2015-23:34:24.49",1447777320,1447778064,20354,1447777298,1447778077,22,13,744,779,35
"blast500k_test_pub_fileFULL_gr_2068","IS24T-06XX252-DT","Tue 11/17/2015-23:47:05.93","Wed 11/18/2015- 0:06:26.92",1447778825,1447779986,20355,1447778802,1447780005,23,19,1161,1203,42
"blast500k_test_pub_fileFULL_gr_2069","IS24T-06XX294-DT","Tue 11/17/2015-23:57:21.12","Wed 11/18/2015- 0:14:11.66",1447779441,1447780451,20356,1447779415,1447780477,26,26,1010,1062,52
"blast500k_test_pub_fileFULL_gr_207","IS24T-06XX262-DT","Tue 11/17/2015-18:07:26.55","Tue 11/17/2015-18:34:23.43",1447758446,1447760063,18494,1447758420,1447760088,26,25,1617,1668,51
"blast500k_test_pub_fileFULL_gr_2070","IS24T-06XX258-DT","Tue 11/17/2015-23:32:10.27","Tue 11/17/2015-23:41:54.98",1447777930,1447778514,20357,1447777919,1447778532,11,18,584,613,29
"blast500k_test_pub_fileFULL_gr_2071","IS24T-06XX291-DT","Tue 11/17/2015-23:07:39.91","Tue 11/17/2015-23:16:13.20",1447776459,1447776973,20358,1447776456,1447777000,3,27,514,544,30
"blast500k_test_pub_fileFULL_gr_2072","IS24T-06XX267-DT","Tue 11/17/2015-23:50:49.88","Wed 11/18/2015- 0:04:45.36",1447779049,1447779885,20359,1447779031,1447779899,18,14,836,868,32
"blast500k_test_pub_fileFULL_gr_2073","IS24T-06XX283-DT","Tue 11/17/2015-23:17:13.97","Tue 11/17/2015-23:28:36.80",1447777033,1447777716,20360,1447777023,1447777747,10,31,683,724,41
"blast500k_test_pub_fileFULL_gr_2074","IS24T-06XX256-DT","Tue 11/17/2015-23:35:47.96","Tue 11/17/2015-23:51:52.91",1447778147,1447779112,20361,1447778119,1447779130,28,18,965,1011,46
"blast500k_test_pub_fileFULL_gr_2075","IS24T-06XX271-DT","Tue 11/17/2015-23:13:26.74","Tue 11/17/2015-23:27:38.49",1447776806,1447777658,20362,1447776795,1447777672,11,14,852,877,25
"blast500k_test_pub_fileFULL_gr_2076","IS24T-06XX276-DT","Wed 11/18/2015- 0:12:28.69","Wed 11/18/2015- 0:21:41.97",1447780348,1447780901,20363,1447780333,1447780914,15,13,553,581,28
"blast500k_test_pub_fileFULL_gr_2077","IS24T-06XX252-DT","Tue 11/17/2015-23:18:26.90","Tue 11/17/2015-23:29:12.42",1447777106,1447777752,20364,1447777081,1447777766,25,14,646,685,39
"blast500k_test_pub_fileFULL_gr_2078","IS24T-06XX298-DT","Tue 11/17/2015-23:14:08.83","Tue 11/17/2015-23:38:30.68",1447776848,1447778310,20365,1447776881,1447778381,-33,71,1462,1500,38
"blast500k_test_pub_fileFULL_gr_2079","IS24T-06XX268-DT","Tue 11/17/2015-23:07:11.46","Tue 11/17/2015-23:17:32.12",1447776431,1447777052,20366,1447776408,1447777068,23,16,621,660,39
"blast500k_test_pub_fileFULL_gr_208","IS24T-06XX276-DT","Tue 11/17/2015-18:06:43.19","Tue 11/17/2015-18:22:26.34",1447758403,1447759346,18495,1447758388,1447759363,15,17,943,975,32
"blast500k_test_pub_fileFULL_gr_2080","IS24T-06XX274-DT","Tue 11/17/2015-23:30:38.05","Tue 11/17/2015-23:41:45.35",1447777838,1447778505,20367,1447777814,1447778523,24,18,667,709,42
"blast500k_test_pub_fileFULL_gr_2081","IS24T-06XX256-DT","Tue 11/17/2015-23:12:56.07","Tue 11/17/2015-23:23:51.40",1447776776,1447777431,20368,1447776753,1447777447,23,16,655,694,39
"blast500k_test_pub_fileFULL_gr_2082","IS24T-06XX265-DT","Tue 11/17/2015-23:04:44.83","Tue 11/17/2015-23:19:30.67",1447776284,1447777170,20369,1447776265,1447777184,19,14,886,919,33
"blast500k_test_pub_fileFULL_gr_2083","IS24T-06XX280-DT","Tue 11/17/2015-23:09:58.90","Tue 11/17/2015-23:22:48.03",1447776598,1447777368,20370,1447776738,1447777549,-140,181,770,811,41
"blast500k_test_pub_fileFULL_gr_2084","IS24T-06XX261-DT","Tue 11/17/2015-23:12:45.54","Tue 11/17/2015-23:21:53.43",1447776765,1447777313,20371,1447776740,1447777328,25,15,548,588,40
"blast500k_test_pub_fileFULL_gr_2085","IS24T-06XX264-DT","Tue 11/17/2015-23:46:56.90","Wed 11/18/2015- 0:12:06.46",1447778816,1447780326,20372,1447778786,1447780339,30,13,1510,1553,43
"blast500k_test_pub_fileFULL_gr_2086","IS24T-06XX278-DT","Tue 11/17/2015-23:07:12.89","Tue 11/17/2015-23:23:45.82",1447776432,1447777425,20373,1447776422,1447777461,10,36,993,1039,46
"blast500k_test_pub_fileFULL_gr_2087","IS24T-06XX280-DT","Tue 11/17/2015-23:37:17.17","Tue 11/17/2015-23:51:44.14",1447778237,1447779104,20374,1447778374,1447779286,-137,182,867,912,45
"blast500k_test_pub_fileFULL_gr_2088","IS24T-06XX288-DT","Tue 11/17/2015-23:30:36.73","Tue 11/17/2015-23:56:53.96",1447777836,1447779413,20375,1447777754,1447779424,82,11,1577,1670,93
"blast500k_test_pub_fileFULL_gr_2089","IS24T-06XX286-DT","Tue 11/17/2015-23:09:06.20","Tue 11/17/2015-23:16:16.09",1447776546,1447776976,20376,1447776546,1447777006,0,30,430,460,30
"blast500k_test_pub_fileFULL_gr_209","IS24T-06XX264-DT","Tue 11/17/2015-18:08:55.45","Tue 11/17/2015-18:30:24.30",1447758535,1447759824,18496,1447758510,1447759839,25,15,1289,1329,40
"blast500k_test_pub_fileFULL_gr_2090","IS24T-06XX273-DT","Tue 11/17/2015-23:10:47.80","Tue 11/17/2015-23:26:27.01",1447776647,1447777587,20377,1447776618,1447777603,29,16,940,985,45
"blast500k_test_pub_fileFULL_gr_2091","IS24T-06XX269-DT","Tue 11/17/2015-23:08:52.74","Tue 11/17/2015-23:21:15.37",1447776532,1447777275,20378,1447776520,1447777307,12,32,743,787,44
"blast500k_test_pub_fileFULL_gr_2092","IS24T-06XX264-DT","Tue 11/17/2015-23:19:58.89","Tue 11/17/2015-23:44:10.98",1447777198,1447778650,20379,1447777170,1447778665,28,15,1452,1495,43
"blast500k_test_pub_fileFULL_gr_2093","IS24T-06XX299-DT","Tue 11/17/2015-23:21:22.24","Tue 11/17/2015-23:36:57.04",1447777282,1447778217,20380,1447777307,1447778273,-25,56,935,966,31
"blast500k_test_pub_fileFULL_gr_2094","IS24T-06XX256-DT","Tue 11/17/2015-23:23:04.93","Tue 11/17/2015-23:35:14.93",1447777384,1447778114,20381,1447777360,1447778131,24,17,730,771,41
"blast500k_test_pub_fileFULL_gr_2095","IS24T-06XX278-DT","Tue 11/17/2015-23:24:06.79","Tue 11/17/2015-23:38:21.62",1447777446,1447778301,20382,1447777448,1447778332,-2,31,855,884,29
"blast500k_test_pub_fileFULL_gr_2096","IS24T-06XX266-DT","Tue 11/17/2015-23:15:53.77","Tue 11/17/2015-23:35:22.27",1447776953,1447778122,20383,1447776935,1447778137,18,15,1169,1202,33
"blast500k_test_pub_fileFULL_gr_2097","IS24T-06XX293-DT","Tue 11/17/2015-23:23:23.65","Tue 11/17/2015-23:37:02.81",1447777403,1447778222,20384,1447777398,1447778259,5,37,819,861,42
"blast500k_test_pub_fileFULL_gr_2098","IS24T-06XX295-DT","Tue 11/17/2015-23:44:05.59","Tue 11/17/2015-23:57:02.75",1447778645,1447779422,20385,1447778664,1447779481,-19,59,777,817,40
"blast500k_test_pub_fileFULL_gr_2099","IS24T-06XX297-DT","Tue 11/17/2015-23:12:42.61","Tue 11/17/2015-23:36:50.00",1447776762,1447778210,20386,1447776750,1447778244,12,34,1448,1494,46
"blast500k_test_pub_fileFULL_gr_21","IS24T-06XX299-DT","Tue 11/17/2015-17:41:44.51","Tue 11/17/2015-17:57:12.46",1447756904,1447757832,18308,1447756910,1447757886,-6,54,928,976,48
"blast500k_test_pub_fileFULL_gr_210","IS24T-06XX288-DT","Tue 11/17/2015-18:01:10.68","Tue 11/17/2015-18:29:29.00",1447758070,1447759769,18497,1447758034,1447759781,36,12,1699,1747,48
"blast500k_test_pub_fileFULL_gr_2100","IS24T-06XX264-DT","Tue 11/17/2015-23:10:08.70","Tue 11/17/2015-23:44:56.55",1447776608,1447778696,20387,1447776577,1447778711,31,15,2088,2134,46
"blast500k_test_pub_fileFULL_gr_2101","IS24T-06XX293-DT","Tue 11/17/2015-23:11:53.04","Tue 11/17/2015-23:27:11.68",1447776713,1447777631,20388,1447776704,1447777666,9,35,918,962,44
"blast500k_test_pub_fileFULL_gr_2102","IS24T-06XX271-DT","Tue 11/17/2015-23:28:16.61","Tue 11/17/2015-23:43:55.61",1447777696,1447778635,20389,1447777659,1447778650,37,15,939,991,52
"blast500k_test_pub_fileFULL_gr_2103","IS24T-06XX253-DT","Tue 11/17/2015-23:22:56.27","Tue 11/17/2015-23:38:19.83",1447777376,1447778299,20390,1447777349,1447778315,27,16,923,966,43
"blast500k_test_pub_fileFULL_gr_2104","IS24T-06XX273-DT","Tue 11/17/2015-23:27:53.28","Tue 11/17/2015-23:44:18.25",1447777673,1447778658,20391,1447777661,1447778674,12,16,985,1013,28
"blast500k_test_pub_fileFULL_gr_2105","IS24T-06XX252-DT","Tue 11/17/2015-23:42:45.12","Wed 11/18/2015- 0:00:16.17",1447778565,1447779616,20392,1447778539,1447779633,26,17,1051,1094,43
"blast500k_test_pub_fileFULL_gr_2106","IS24T-06XX254-DT","Tue 11/17/2015-23:30:57.76","Tue 11/17/2015-23:47:43.34",1447777857,1447778863,20393,1447777822,1447778880,35,17,1006,1058,52
"blast500k_test_pub_fileFULL_gr_2107","IS24T-06XX266-DT","Tue 11/17/2015-23:35:52.49","Tue 11/17/2015-23:45:18.75",1447778152,1447778718,20394,1447778126,1447778735,26,17,566,609,43
"blast500k_test_pub_fileFULL_gr_2108","IS24T-06XX253-DT","Tue 11/17/2015-23:09:10.03","Tue 11/17/2015-23:22:12.89",1447776550,1447777332,20395,1447776525,1447777349,25,17,782,824,42
"blast500k_test_pub_fileFULL_gr_2109","IS24T-06XX254-DT","Tue 11/17/2015-23:48:15.24","Wed 11/18/2015- 0:19:44.00",1447778895,1447780784,20396,1447778869,1447780800,26,16,1889,1931,42
"blast500k_test_pub_fileFULL_gr_211","IS24T-06XX283-DT","Tue 11/17/2015-18:02:09.95","Tue 11/17/2015-18:18:40.83",1447758129,1447759120,18498,1447758122,1447759147,7,27,991,1025,34
"blast500k_test_pub_fileFULL_gr_2110","IS24T-06XX267-DT","Tue 11/17/2015-23:16:22.25","Tue 11/17/2015-23:32:20.49",1447776982,1447777940,20397,1447776955,1447777956,27,16,958,1001,43
"blast500k_test_pub_fileFULL_gr_2111","IS24T-06XX297-DT","Tue 11/17/2015-23:32:47.07","Tue 11/17/2015-23:47:07.18",1447777967,1447778827,20398,1447777949,1447778860,18,33,860,911,51
"blast500k_test_pub_fileFULL_gr_2112","IS24T-06XX276-DT","Tue 11/17/2015-23:14:23.61","Tue 11/17/2015-23:29:50.72",1447776863,1447777790,20399,1447776840,1447777806,23,16,927,966,39
"blast500k_test_pub_fileFULL_gr_2113","IS24T-06XX291-DT","Tue 11/17/2015-23:16:39.63","Tue 11/17/2015-23:29:07.41",1447776999,1447777747,20400,1447776987,1447777776,12,29,748,789,41
"blast500k_test_pub_fileFULL_gr_2114","IS24T-06XX282-DT","Wed 11/18/2015- 0:04:44.87","Wed 11/18/2015- 0:25:23.03",1447779884,1447781123,20401,1447779875,1447781147,9,24,1239,1272,33
"blast500k_test_pub_fileFULL_gr_2115","IS24T-06XX267-DT","Tue 11/17/2015-23:22:40.34","Tue 11/17/2015-23:46:26.53",1447777360,1447778786,20402,1447777341,1447778806,19,20,1426,1465,39
"blast500k_test_pub_fileFULL_gr_2116","IS24T-06XX255-DT","Tue 11/17/2015-23:16:20.57","Tue 11/17/2015-23:36:07.03",1447776980,1447778167,20403,1447776954,1447778183,26,16,1187,1229,42
"blast500k_test_pub_fileFULL_gr_2117","IS24T-06XX252-DT","Tue 11/17/2015-23:29:39.08","Tue 11/17/2015-23:42:15.11",1447777779,1447778535,20404,1447777755,1447778552,24,17,756,797,41
"blast500k_test_pub_fileFULL_gr_2118","IS24T-06XX286-DT","Tue 11/17/2015-23:32:46.71","Tue 11/17/2015-23:46:46.28",1447777966,1447778806,20405,1447777956,1447778834,10,28,840,878,38
"blast500k_test_pub_fileFULL_gr_2119","IS24T-06XX252-DT","Tue 11/17/2015-23:12:38.70","Tue 11/17/2015-23:32:32.34",1447776758,1447777952,20406,1447776733,1447777970,25,18,1194,1237,43
"blast500k_test_pub_fileFULL_gr_212","IS24T-06XX294-DT","Tue 11/17/2015-18:14:49.03","Tue 11/17/2015-18:33:42.00",1447758889,1447760022,18499,1447758877,1447760051,12,29,1133,1174,41
"blast500k_test_pub_fileFULL_gr_2120","IS24T-06XX253-DT","Tue 11/17/2015-23:28:12.23","Tue 11/17/2015-23:44:20.21",1447777692,1447778660,20407,1447777667,1447778676,25,16,968,1009,41
"blast500k_test_pub_fileFULL_gr_2121","IS24T-06XX280-DT","Tue 11/17/2015-23:23:15.37","Tue 11/17/2015-23:41:14.15",1447777395,1447778474,20408,1447777537,1447778654,-142,180,1079,1117,38
"blast500k_test_pub_fileFULL_gr_2122","IS24T-06XX279-DT","Tue 11/17/2015-23:14:35.17","Tue 11/17/2015-23:28:38.29",1447776875,1447777718,20409,1447776878,1447777763,-3,45,843,885,42
"blast500k_test_pub_fileFULL_gr_2123","IS24T-06XX278-DT","Tue 11/17/2015-23:18:11.12","Tue 11/17/2015-23:32:58.12",1447777091,1447777978,20410,1447777081,1447778012,10,34,887,931,44
"blast500k_test_pub_fileFULL_gr_2124","IS24T-06XX267-DT","Tue 11/17/2015-23:11:46.58","Tue 11/17/2015-23:22:18.53",1447776706,1447777338,20411,1447776683,1447777353,23,15,632,670,38
"blast500k_test_pub_fileFULL_gr_2125","IS24T-06XX273-DT","Wed 11/18/2015- 0:02:00.74","Wed 11/18/2015- 0:22:42.77",1447779720,1447780962,20412,1447779709,1447780979,11,17,1242,1270,28
"blast500k_test_pub_fileFULL_gr_2126","IS24T-06XX277-DT","Tue 11/17/2015-23:18:32.48","Tue 11/17/2015-23:37:38.00",1447777112,1447778258,20413,1447777086,1447778275,26,17,1146,1189,43
"blast500k_test_pub_fileFULL_gr_2127","IS24T-06XX285-DT","Tue 11/17/2015-23:27:14.77","Tue 11/17/2015-23:38:23.06",1447777634,1447778303,20414,1447777631,1447778330,3,27,669,699,30
"blast500k_test_pub_fileFULL_gr_2128","IS24T-06XX263-DT","Tue 11/17/2015-23:18:32.00","Tue 11/17/2015-23:29:32.99",1447777112,1447777772,20415,1447777099,1447777789,13,17,660,690,30
"blast500k_test_pub_fileFULL_gr_2129","IS24T-06XX288-DT","Tue 11/17/2015-23:30:37.40","Wed 11/18/2015- 0:00:36.64",1447777837,1447779636,20416,1447777767,1447779648,70,12,1799,1881,82
"blast500k_test_pub_fileFULL_gr_213","IS24T-06XX260-DT","Tue 11/17/2015-18:07:35.17","Tue 11/17/2015-18:19:23.57",1447758455,1447759163,18500,1447758439,1447759179,16,16,708,740,32
"blast500k_test_pub_fileFULL_gr_2130","IS24T-06XX276-DT","Tue 11/17/2015-23:17:21.61","Tue 11/17/2015-23:36:28.76",1447777041,1447778188,20417,1447777025,1447778210,16,22,1147,1185,38
"blast500k_test_pub_fileFULL_gr_2131","IS24T-06XX300-DT","Tue 11/17/2015-23:16:18.09","Tue 11/17/2015-23:28:02.86",1447776978,1447777682,20418,1447776963,1447777708,15,26,704,745,41
"blast500k_test_pub_fileFULL_gr_2132","IS24T-06XX268-DT","Tue 11/17/2015-23:13:03.05","Tue 11/17/2015-23:33:49.20",1447776783,1447778029,20419,1447776765,1447778048,18,19,1246,1283,37
"blast500k_test_pub_fileFULL_gr_2133","IS24T-06XX256-DT","Tue 11/17/2015-23:24:15.99","Tue 11/17/2015-23:37:36.89",1447777455,1447778256,20420,1447777436,1447778277,19,21,801,841,40
"blast500k_test_pub_fileFULL_gr_2134","IS24T-06XX272-DT","Tue 11/17/2015-23:18:20.38","Tue 11/17/2015-23:37:11.73",1447777100,1447778231,20421,1447777078,1447778249,22,18,1131,1171,40
"blast500k_test_pub_fileFULL_gr_2135","IS24T-06XX289-DT","Tue 11/17/2015-23:16:51.27","Tue 11/17/2015-23:33:41.10",1447777011,1447778021,20422,1447777005,1447778051,6,30,1010,1046,36
"blast500k_test_pub_fileFULL_gr_2136","IS24T-06XX260-DT","Tue 11/17/2015-23:29:48.97","Tue 11/17/2015-23:50:34.58",1447777788,1447779034,20423,1447777776,1447779052,12,18,1246,1276,30
"blast500k_test_pub_fileFULL_gr_2137","IS24T-06XX281-DT","Tue 11/17/2015-23:21:23.38","Tue 11/17/2015-23:32:12.75",1447777283,1447777932,20424,1447777267,1447777960,16,28,649,693,44
"blast500k_test_pub_fileFULL_gr_2138","IS24T-06XX268-DT","Wed 11/18/2015- 0:23:04.14","Wed 11/18/2015- 0:34:34.98",1447780984,1447781674,20425,1447780971,1447781690,13,16,690,719,29
"blast500k_test_pub_fileFULL_gr_2139","IS24T-06XX299-DT","Tue 11/17/2015-23:15:33.14","Tue 11/17/2015-23:43:38.27",1447776933,1447778618,20426,1447776949,1447778675,-16,57,1685,1726,41
"blast500k_test_pub_fileFULL_gr_214","IS24T-06XX280-DT","Tue 11/17/2015-18:14:54.58","Tue 11/17/2015-18:32:02.26",1447758894,1447759922,18501,1447759048,1447760106,-154,184,1028,1058,30
"blast500k_test_pub_fileFULL_gr_2140","IS24T-06XX286-DT","Tue 11/17/2015-23:16:42.95","Tue 11/17/2015-23:34:17.70",1447777002,1447778057,20427,1447776993,1447778088,9,31,1055,1095,40
"blast500k_test_pub_fileFULL_gr_2141","IS24T-06XX261-DT","Tue 11/17/2015-23:34:50.68","Tue 11/17/2015-23:48:26.98",1447778090,1447778906,20428,1447778065,1447778925,25,19,816,860,44
"blast500k_test_pub_fileFULL_gr_2142","IS24T-06XX265-DT","Tue 11/17/2015-23:30:59.77","Tue 11/17/2015-23:44:47.72",1447777859,1447778687,20429,1447777834,1447778707,25,20,828,873,45
"blast500k_test_pub_fileFULL_gr_2143","IS24T-06XX300-DT","Tue 11/17/2015-23:28:31.04","Tue 11/17/2015-23:48:43.71",1447777711,1447778923,20430,1447777696,1447778950,15,27,1212,1254,42
"blast500k_test_pub_fileFULL_gr_2144","IS24T-06XX286-DT","Wed 11/18/2015- 0:07:34.61","Wed 11/18/2015- 0:24:58.45",1447780054,1447781098,20431,1447780045,1447781127,9,29,1044,1082,38
"blast500k_test_pub_fileFULL_gr_2145","IS24T-06XX258-DT","Tue 11/17/2015-23:18:07.63","Tue 11/17/2015-23:31:55.40",1447777087,1447777915,20432,1447777076,1447777932,11,17,828,856,28
"blast500k_test_pub_fileFULL_gr_2146","IS24T-06XX260-DT","Tue 11/17/2015-23:16:02.19","Tue 11/17/2015-23:27:37.05",1447776962,1447777657,20433,1447776942,1447777672,20,15,695,730,35
"blast500k_test_pub_fileFULL_gr_2147","IS24T-06XX254-DT","Wed 11/18/2015- 0:13:32.72","Wed 11/18/2015- 0:45:23.41",1447780412,1447782323,20434,1447780377,1447782341,35,18,1911,1964,53
"blast500k_test_pub_fileFULL_gr_2148","IS24T-06XX259-DT","Tue 11/17/2015-23:31:41.33","Tue 11/17/2015-23:44:05.64",1447777901,1447778645,20435,1447777877,1447778660,24,15,744,783,39
"blast500k_test_pub_fileFULL_gr_2149","IS24T-06XX262-DT","Tue 11/17/2015-23:39:45.22","Wed 11/18/2015- 0:01:28.03",1447778385,1447779688,20436,1447778363,1447779708,22,20,1303,1345,42
"blast500k_test_pub_fileFULL_gr_215","IS24T-06XX286-DT","Tue 11/17/2015-18:15:55.30","Tue 11/17/2015-18:30:44.80",1447758955,1447759844,18502,1447758944,1447759872,11,28,889,928,39
"blast500k_test_pub_fileFULL_gr_2150","IS24T-06XX291-DT","Tue 11/17/2015-23:19:43.67","Tue 11/17/2015-23:32:02.90",1447777183,1447777922,20437,1447777183,1447777948,0,26,739,765,26
"blast500k_test_pub_fileFULL_gr_2151","IS24T-06XX281-DT","Tue 11/17/2015-23:32:44.23","Tue 11/17/2015-23:48:55.06",1447777964,1447778935,20438,1447777949,1447778953,15,18,971,1004,33
"blast500k_test_pub_fileFULL_gr_2152","IS24T-06XX269-DT","Tue 11/17/2015-23:45:34.49","Tue 11/17/2015-23:57:08.59",1447778734,1447779428,20439,1447778722,1447779457,12,29,694,735,41
"blast500k_test_pub_fileFULL_gr_2153","IS24T-06XX283-DT","Tue 11/17/2015-23:21:59.01","Tue 11/17/2015-23:36:13.92",1447777319,1447778173,20440,1447777318,1447778204,1,31,854,886,32
"blast500k_test_pub_fileFULL_gr_2154","IS24T-06XX265-DT","Tue 11/17/2015-23:45:19.84","Wed 11/18/2015- 0:01:57.81",1447778719,1447779717,20441,1447778694,1447779735,25,18,998,1041,43
"blast500k_test_pub_fileFULL_gr_2155","IS24T-06XX274-DT","Tue 11/17/2015-23:27:49.87","Tue 11/17/2015-23:45:20.51",1447777669,1447778720,20442,1447777643,1447778735,26,15,1051,1092,41
"blast500k_test_pub_fileFULL_gr_2156","IS24T-06XX294-DT","Tue 11/17/2015-23:19:50.89","Tue 11/17/2015-23:29:13.56",1447777190,1447777753,20443,1447777182,1447777779,8,26,563,597,34
"blast500k_test_pub_fileFULL_gr_2157","IS24T-06XX280-DT","Tue 11/17/2015-23:41:29.64","Tue 11/17/2015-23:55:40.16",1447778489,1447779340,20444,1447778641,1447779524,-152,184,851,883,32
"blast500k_test_pub_fileFULL_gr_2158","IS24T-06XX295-DT","Tue 11/17/2015-23:30:45.71","Tue 11/17/2015-23:50:21.26",1447777845,1447779021,20445,1447777863,1447779074,-18,53,1176,1211,35
"blast500k_test_pub_fileFULL_gr_2159","IS24T-06XX261-DT","Tue 11/17/2015-23:39:03.13","Tue 11/17/2015-23:56:10.83",1447778343,1447779370,20446,1447778331,1447779387,12,17,1027,1056,29
"blast500k_test_pub_fileFULL_gr_216","IS24T-06XX272-DT","Tue 11/17/2015-17:59:08.07","Tue 11/17/2015-18:15:58.80",1447757948,1447758958,18503,1447757935,1447758977,13,19,1010,1042,32
"blast500k_test_pub_fileFULL_gr_2160","IS24T-06XX281-DT","Tue 11/17/2015-23:21:55.03","Tue 11/17/2015-23:34:43.54",1447777315,1447778083,20447,1447777312,1447778107,3,24,768,795,27
"blast500k_test_pub_fileFULL_gr_2161","IS24T-06XX277-DT","Tue 11/17/2015-23:26:08.25","Tue 11/17/2015-23:41:53.55",1447777568,1447778513,20448,1447777542,1447778531,26,18,945,989,44
"blast500k_test_pub_fileFULL_gr_2162","IS24T-06XX285-DT","Tue 11/17/2015-23:25:46.19","Tue 11/17/2015-23:36:23.09",1447777546,1447778183,20449,1447777525,1447778210,21,27,637,685,48
"blast500k_test_pub_fileFULL_gr_2163","IS24T-06XX262-DT","Tue 11/17/2015-23:18:39.92","Tue 11/17/2015-23:47:48.36",1447777119,1447778868,20450,1447777101,1447778898,18,30,1749,1797,48
"blast500k_test_pub_fileFULL_gr_2164","IS24T-06XX209-DT","Tue 11/17/2015-23:21:25.86","Tue 11/17/2015-23:44:30.20",1447777285,1447778670,20451,1447777300,1447778741,-15,71,1385,1441,56
"blast500k_test_pub_fileFULL_gr_2165","IS24T-06XX286-DT","Wed 11/18/2015- 0:28:21.54","Wed 11/18/2015- 0:39:22.86",1447781301,1447781962,20452,1447781301,1447781994,0,32,661,693,32
"blast500k_test_pub_fileFULL_gr_2166","IS24T-06XX282-DT","Tue 11/17/2015-23:40:49.48","Wed 11/18/2015- 0:03:52.48",1447778449,1447779832,20453,1447778433,1447779857,16,25,1383,1424,41
"blast500k_test_pub_fileFULL_gr_2167","IS24T-06XX298-DT","Tue 11/17/2015-23:17:10.40","Tue 11/17/2015-23:30:53.04",1447777030,1447777853,20454,1447777063,1447777924,-33,71,823,861,38
"blast500k_test_pub_fileFULL_gr_2168","IS24T-06XX265-DT","Tue 11/17/2015-23:19:57.33","Tue 11/17/2015-23:30:29.80",1447777197,1447777829,20455,1447777172,1447777846,25,17,632,674,42
"blast500k_test_pub_fileFULL_gr_2169","IS24T-06XX272-DT","Tue 11/17/2015-23:26:01.92","Tue 11/17/2015-23:42:35.54",1447777561,1447778555,20456,1447777539,1447778575,22,20,994,1036,42
"blast500k_test_pub_fileFULL_gr_217","IS24T-06XX289-DT","Tue 11/17/2015-18:33:24.65","Tue 11/17/2015-18:57:08.30",1447760004,1447761428,18504,1447760008,1447761459,-4,31,1424,1451,27
"blast500k_test_pub_fileFULL_gr_2170","IS24T-06XX257-DT","Tue 11/17/2015-23:23:09.07","Tue 11/17/2015-23:40:15.75",1447777389,1447778415,20457,1447777372,1447778433,17,18,1026,1061,35
"blast500k_test_pub_fileFULL_gr_2171","IS24T-06XX255-DT","Tue 11/17/2015-23:52:33.65","Wed 11/18/2015- 0:16:26.91",1447779153,1447780586,20458,1447779129,1447780603,24,17,1433,1474,41
"blast500k_test_pub_fileFULL_gr_2172","IS24T-06XX257-DT","Tue 11/17/2015-23:19:43.58","Tue 11/17/2015-23:35:02.99",1447777183,1447778102,20459,1447777164,1447778116,19,14,919,952,33
"blast500k_test_pub_fileFULL_gr_2173","IS24T-06XX277-DT","Tue 11/17/2015-23:38:09.03","Tue 11/17/2015-23:58:24.19",1447778289,1447779504,20460,1447778263,1447779521,26,17,1215,1258,43
"blast500k_test_pub_fileFULL_gr_2174","IS24T-06XX283-DT","Tue 11/17/2015-23:29:09.75","Tue 11/17/2015-23:40:31.73",1447777749,1447778431,20461,1447777735,1447778460,14,29,682,725,43
"blast500k_test_pub_fileFULL_gr_2175","IS24T-06XX262-DT","Tue 11/17/2015-23:21:01.80","Tue 11/17/2015-23:39:09.78",1447777261,1447778349,20462,1447777242,1447778375,19,26,1088,1133,45
"blast500k_test_pub_fileFULL_gr_2176","IS24T-06XX279-DT","Tue 11/17/2015-23:29:06.98","Tue 11/17/2015-23:43:55.36",1447777746,1447778635,20463,1447777751,1447778669,-5,34,889,918,29
"blast500k_test_pub_fileFULL_gr_2177","IS24T-06XX269-DT","Tue 11/17/2015-23:26:28.61","Tue 11/17/2015-23:47:59.93",1447777588,1447778879,20464,1447777578,1447778911,10,32,1291,1333,42
"blast500k_test_pub_fileFULL_gr_2178","IS24T-06XX295-DT","Tue 11/17/2015-23:57:28.73","Wed 11/18/2015- 0:17:34.68",1447779448,1447780654,20465,1447779470,1447780715,-22,61,1206,1245,39
"blast500k_test_pub_fileFULL_gr_2179","IS24T-06XX261-DT","Tue 11/17/2015-23:22:20.66","Tue 11/17/2015-23:38:47.97",1447777340,1447778327,20466,1447777316,1447778344,24,17,987,1028,41
"blast500k_test_pub_fileFULL_gr_218","IS24T-06XX255-DT","Tue 11/17/2015-18:04:34.37","Tue 11/17/2015-18:19:33.37",1447758274,1447759173,18505,1447758247,1447759188,27,15,899,941,42
"blast500k_test_pub_fileFULL_gr_2180","IS24T-06XX293-DT","Tue 11/17/2015-23:27:43.47","Tue 11/17/2015-23:42:10.17",1447777663,1447778530,20467,1447777654,1447778566,9,36,867,912,45
"blast500k_test_pub_fileFULL_gr_2181","IS24T-06XX278-DT","Tue 11/17/2015-23:48:47.51","Wed 11/18/2015- 0:11:28.07",1447778927,1447780288,20468,1447778918,1447780320,9,32,1361,1402,41
"blast500k_test_pub_fileFULL_gr_2182","IS24T-06XX266-DT","Tue 11/17/2015-23:22:44.43","Tue 11/17/2015-23:40:10.71",1447777364,1447778410,20469,1447777351,1447778429,13,19,1046,1078,32
"blast500k_test_pub_fileFULL_gr_2183","IS24T-06XX273-DT","Tue 11/17/2015-23:26:51.65","Tue 11/17/2015-23:40:47.18",1447777611,1447778447,20470,1447777591,1447778463,20,16,836,872,36
"blast500k_test_pub_fileFULL_gr_2184","IS24T-06XX298-DT","Tue 11/17/2015-23:51:05.78","Wed 11/18/2015- 0:09:22.54",1447779065,1447780162,20471,1447779105,1447780224,-40,62,1097,1119,22
"blast500k_test_pub_fileFULL_gr_2185","IS24T-06XX262-DT","Tue 11/17/2015-23:50:20.50","Wed 11/18/2015- 0:21:35.96",1447779020,1447780895,20472,1447778989,1447780923,31,28,1875,1934,59
"blast500k_test_pub_fileFULL_gr_2186","IS24T-06XX292-DT","Tue 11/17/2015-23:20:42.67","Tue 11/17/2015-23:30:44.98",1447777242,1447777844,20473,1447777284,1447777928,-42,84,602,644,42
"blast500k_test_pub_fileFULL_gr_2187","IS24T-06XX271-DT","Tue 11/17/2015-23:28:16.12","Tue 11/17/2015-23:52:08.02",1447777696,1447779128,20474,1447777672,1447779142,24,14,1432,1470,38
"blast500k_test_pub_fileFULL_gr_2188","IS24T-06XX262-DT","Tue 11/17/2015-23:30:29.73","Tue 11/17/2015-23:49:32.03",1447777829,1447778972,20475,1447777790,1447779001,39,29,1143,1211,68
"blast500k_test_pub_fileFULL_gr_2189","IS24T-06XX209-DT","Tue 11/17/2015-23:53:43.38","Wed 11/18/2015- 0:15:30.54",1447779223,1447780530,20476,1447779243,1447780598,-20,68,1307,1355,48
"blast500k_test_pub_fileFULL_gr_219","IS24T-06XX298-DT","Tue 11/17/2015-17:58:31.32","Tue 11/17/2015-18:15:07.01",1447757911,1447758907,18506,1447757944,1447758979,-33,72,996,1035,39
"blast500k_test_pub_fileFULL_gr_2190","IS24T-06XX296-DT","Tue 11/17/2015-23:32:22.80","Tue 11/17/2015-23:43:03.73",1447777942,1447778583,20477,1447777929,1447778614,13,31,641,685,44
"blast500k_test_pub_fileFULL_gr_2191","IS24T-06XX264-DT","Tue 11/17/2015-23:24:38.60","Tue 11/17/2015-23:47:27.55",1447777478,1447778847,20478,1447777443,1447778863,35,16,1369,1420,51
"blast500k_test_pub_fileFULL_gr_2192","IS24T-06XX283-DT","Tue 11/17/2015-23:40:48.44","Tue 11/17/2015-23:57:41.43",1447778448,1447779461,20479,1447778448,1447779488,0,27,1013,1040,27
"blast500k_test_pub_fileFULL_gr_2193","IS24T-06XX277-DT","Wed 11/18/2015- 0:50:41.12","Wed 11/18/2015- 1:11:57.93",1447782641,1447783917,20480,1447782629,1447783932,12,15,1276,1303,27
"blast500k_test_pub_fileFULL_gr_2194","IS24T-06XX289-DT","Tue 11/17/2015-23:33:57.49","Tue 11/17/2015-23:46:28.36",1447778037,1447778788,20481,1447778040,1447778821,-3,33,751,781,30
"blast500k_test_pub_fileFULL_gr_2195","IS24T-06XX260-DT","Tue 11/17/2015-23:28:16.13","Tue 11/17/2015-23:37:40.09",1447777696,1447778260,20482,1447777672,1447778279,24,19,564,607,43
"blast500k_test_pub_fileFULL_gr_2196","IS24T-06XX295-DT","Tue 11/17/2015-23:23:15.66","Tue 11/17/2015-23:43:38.63",1447777395,1447778618,20483,1447777428,1447778675,-33,57,1223,1247,24
"blast500k_test_pub_fileFULL_gr_2197","IS24T-06XX253-DT","Tue 11/17/2015-23:44:57.20","Tue 11/17/2015-23:56:22.50",1447778697,1447779382,20484,1447778676,1447779398,21,16,685,722,37
"blast500k_test_pub_fileFULL_gr_2198","IS24T-06XX281-DT","Tue 11/17/2015-23:35:08.77","Tue 11/17/2015-23:48:44.61",1447778108,1447778924,20485,1447778095,1447778953,13,29,816,858,42
"blast500k_test_pub_fileFULL_gr_2199","IS24T-06XX255-DT","Tue 11/17/2015-23:41:56.67","Tue 11/17/2015-23:52:05.05",1447778516,1447779125,20486,1447778494,1447779141,22,16,609,647,38
"blast500k_test_pub_fileFULL_gr_22","IS24T-06XX283-DT","Tue 11/17/2015-17:45:28.11","Tue 11/17/2015-18:00:23.93",1447757128,1447758023,18309,1447757095,1447758050,33,27,895,955,60
"blast500k_test_pub_fileFULL_gr_220","IS24T-06XX281-DT","Tue 11/17/2015-19:20:37.95","Tue 11/17/2015-19:35:36.69",1447762837,1447763736,18507,1447762822,1447763763,15,27,899,941,42
"blast500k_test_pub_fileFULL_gr_2200","IS24T-06XX283-DT","Wed 11/18/2015- 0:33:21.89","Wed 11/18/2015- 0:53:12.51",1447781601,1447782792,20487,1447781558,1447782823,43,31,1191,1265,74
"blast500k_test_pub_fileFULL_gr_2201","IS24T-06XX296-DT","Tue 11/17/2015-23:22:20.99","Tue 11/17/2015-23:36:27.59",1447777340,1447778187,20488,1447777331,1447778205,9,18,847,874,27
"blast500k_test_pub_fileFULL_gr_2202","IS24T-06XX289-DT","Tue 11/17/2015-23:47:10.63","Tue 11/17/2015-23:59:59.22",1447778830,1447779599,20489,1447778821,1447779630,9,31,769,809,40
"blast500k_test_pub_fileFULL_gr_2203","IS24T-06XX263-DT","Wed 11/18/2015- 0:01:09.40","Wed 11/18/2015- 0:20:53.07",1447779669,1447780853,20490,1447779644,1447780870,25,17,1184,1226,42
"blast500k_test_pub_fileFULL_gr_2204","IS24T-06XX282-DT","Tue 11/17/2015-23:29:45.38","Tue 11/17/2015-23:40:18.84",1447777785,1447778418,20491,1447777770,1447778446,15,28,633,676,43
"blast500k_test_pub_fileFULL_gr_2205","IS24T-06XX260-DT","Tue 11/17/2015-23:52:42.93","Wed 11/18/2015- 0:11:33.36",1447779162,1447780293,20492,1447779151,1447780311,11,18,1131,1160,29
"blast500k_test_pub_fileFULL_gr_2206","IS24T-06XX272-DT","Tue 11/17/2015-23:42:54.79","Tue 11/17/2015-23:57:37.12",1447778574,1447779457,20493,1447778563,1447779472,11,15,883,909,26
"blast500k_test_pub_fileFULL_gr_2207","IS24T-06XX296-DT","Wed 11/18/2015- 0:10:08.29","Wed 11/18/2015- 0:20:07.36",1447780208,1447780807,20494,1447780193,1447780838,15,31,599,645,46
"blast500k_test_pub_fileFULL_gr_2208","IS24T-06XX267-DT","Wed 11/18/2015- 0:05:14.50","Wed 11/18/2015- 0:18:18.09",1447779914,1447780698,20495,1447779888,1447780713,26,15,784,825,41
"blast500k_test_pub_fileFULL_gr_2209","IS24T-06XX285-DT","Tue 11/17/2015-23:50:31.93","Wed 11/18/2015- 0:09:59.42",1447779031,1447780199,20496,1447779030,1447780227,1,28,1168,1197,29
"blast500k_test_pub_fileFULL_gr_221","IS24T-06XX209-DT","Tue 11/17/2015-18:40:08.48","Tue 11/17/2015-19:11:05.54",1447760408,1447762265,18508,1447760432,1447762326,-24,61,1857,1894,37
"blast500k_test_pub_fileFULL_gr_2210","IS24T-06XX255-DT","Tue 11/17/2015-23:27:24.31","Tue 11/17/2015-23:41:22.17",1447777644,1447778482,20497,1447777619,1447778494,25,12,838,875,37
"blast500k_test_pub_fileFULL_gr_2211","IS24T-06XX258-DT","Wed 11/18/2015- 0:04:07.50","Wed 11/18/2015- 0:22:00.10",1447779847,1447780920,20498,1447779835,1447780935,12,15,1073,1100,27
"blast500k_test_pub_fileFULL_gr_2212","IS24T-06XX259-DT","Tue 11/17/2015-23:33:28.18","Tue 11/17/2015-23:51:47.07",1447778008,1447779107,20499,1447777997,1447779123,11,16,1099,1126,27
"blast500k_test_pub_fileFULL_gr_2213","IS24T-06XX275-DT","Tue 11/17/2015-23:29:09.58","Tue 11/17/2015-23:54:56.52",1447777749,1447779296,20500,1447777735,1447779324,14,28,1547,1589,42
"blast500k_test_pub_fileFULL_gr_2214","IS24T-06XX287-DT","Tue 11/17/2015-23:30:07.64","Tue 11/17/2015-23:50:38.60",1447777807,1447779038,20501,1447777802,1447779072,5,34,1231,1270,39
"blast500k_test_pub_fileFULL_gr_2215","IS24T-06XX284-DT","Tue 11/17/2015-23:26:35.94","Tue 11/17/2015-23:43:20.40",1447777595,1447778600,20502,1447777600,1447778663,-5,63,1005,1063,58
"blast500k_test_pub_fileFULL_gr_2216","IS24T-06XX268-DT","Tue 11/17/2015-23:29:24.18","Tue 11/17/2015-23:47:01.20",1447777764,1447778821,20503,1447777741,1447778835,23,14,1057,1094,37
"blast500k_test_pub_fileFULL_gr_2217","IS24T-06XX278-DT","Tue 11/17/2015-23:38:51.32","Tue 11/17/2015-23:48:18.11",1447778331,1447778898,20504,1447778320,1447778930,11,32,567,610,43
"blast500k_test_pub_fileFULL_gr_2218","IS24T-06XX292-DT","Tue 11/17/2015-23:27:53.12","Tue 11/17/2015-23:43:54.38",1447777673,1447778634,20505,1447777716,1447778720,-43,86,961,1004,43
"blast500k_test_pub_fileFULL_gr_2219","IS24T-06XX292-DT","Tue 11/17/2015-23:31:14.33","Tue 11/17/2015-23:50:30.53",1447777874,1447779030,20506,1447777928,1447779115,-54,85,1156,1187,31
"blast500k_test_pub_fileFULL_gr_222","IS24T-06XX269-DT","Tue 11/17/2015-18:37:22.67","Tue 11/17/2015-18:50:44.18",1447760242,1447761044,18509,1447760232,1447761072,10,28,802,840,38
"blast500k_test_pub_fileFULL_gr_2220","IS24T-06XX263-DT","Tue 11/17/2015-23:31:51.34","Tue 11/17/2015-23:48:36.94",1447777911,1447778916,20507,1447777899,1447778932,12,16,1005,1033,28
"blast500k_test_pub_fileFULL_gr_2221","IS24T-06XX289-DT","Tue 11/17/2015-23:28:50.42","Tue 11/17/2015-23:46:30.91",1447777730,1447778790,20508,1447777723,1447778821,7,31,1060,1098,38
"blast500k_test_pub_fileFULL_gr_2222","IS24T-06XX298-DT","Tue 11/17/2015-23:31:23.55","Tue 11/17/2015-23:50:32.96",1447777883,1447779032,20509,1447777912,1447779105,-29,73,1149,1193,44
"blast500k_test_pub_fileFULL_gr_2223","IS24T-06XX284-DT","Tue 11/17/2015-23:30:14.09","Tue 11/17/2015-23:55:26.03",1447777814,1447779326,20510,1447777830,1447779386,-16,60,1512,1556,44
"blast500k_test_pub_fileFULL_gr_2224","IS24T-06XX209-DT","Tue 11/17/2015-23:34:20.94","Wed 11/18/2015- 0:02:25.25",1447778060,1447779745,20511,1447778044,1447779816,16,71,1685,1772,87
"blast500k_test_pub_fileFULL_gr_2225","IS24T-06XX269-DT","Wed 11/18/2015- 0:31:41.95","Wed 11/18/2015- 0:39:44.14",1447781501,1447781984,20512,1447781454,1447782014,47,30,483,560,77
"blast500k_test_pub_fileFULL_gr_2226","IS24T-06XX266-DT","Tue 11/17/2015-23:58:43.52","Wed 11/18/2015- 0:17:07.96",1447779523,1447780627,20513,1447779511,1447780647,12,20,1104,1136,32
"blast500k_test_pub_fileFULL_gr_2227","IS24T-06XX254-DT","Tue 11/17/2015-23:36:55.64","Wed 11/18/2015- 0:05:53.02",1447778215,1447779953,20514,1447778181,1447779969,34,16,1738,1788,50
"blast500k_test_pub_fileFULL_gr_2228","IS24T-06XX276-DT","Tue 11/17/2015-23:30:16.43","Tue 11/17/2015-23:44:28.80",1447777816,1447778668,20515,1447777794,1447778687,22,19,852,893,41
"blast500k_test_pub_fileFULL_gr_2229","IS24T-06XX282-DT","Tue 11/17/2015-23:30:09.61","Tue 11/17/2015-23:47:41.23",1447777809,1447778861,20516,1447777806,1447778889,3,28,1052,1083,31
"blast500k_test_pub_fileFULL_gr_223","IS24T-06XX264-DT","Tue 11/17/2015-18:15:47.33","Tue 11/17/2015-18:41:37.38",1447758947,1447760497,18510,1447758915,1447760515,32,18,1550,1600,50
"blast500k_test_pub_fileFULL_gr_2230","IS24T-06XX280-DT","Tue 11/17/2015-23:55:59.76","Wed 11/18/2015- 0:13:53.00",1447779359,1447780433,20517,1447779511,1447780614,-152,181,1074,1103,29
"blast500k_test_pub_fileFULL_gr_2231","IS24T-06XX293-DT","Tue 11/17/2015-23:42:29.43","Tue 11/17/2015-23:56:52.31",1447778549,1447779412,20518,1447778554,1447779449,-5,37,863,895,32
"blast500k_test_pub_fileFULL_gr_2232","IS24T-06XX257-DT","Wed 11/18/2015- 0:44:08.48","Wed 11/18/2015- 0:54:37.86",1447782248,1447782877,20519,1447782223,1447782895,25,18,629,672,43
"blast500k_test_pub_fileFULL_gr_2233","IS24T-06XX258-DT","Tue 11/17/2015-23:42:26.40","Tue 11/17/2015-23:57:13.47",1447778546,1447779433,20520,1447778521,1447779446,25,13,887,925,38
"blast500k_test_pub_fileFULL_gr_2234","IS24T-06XX272-DT","Tue 11/17/2015-23:37:39.81","Wed 11/18/2015- 0:00:03.22",1447778259,1447779603,20521,1447778237,1447779617,22,14,1344,1380,36
"blast500k_test_pub_fileFULL_gr_2235","IS24T-06XX294-DT","Tue 11/17/2015-23:29:26.52","Tue 11/17/2015-23:41:10.17",1447777766,1447778470,20522,1447777766,1447778496,0,26,704,730,26
"blast500k_test_pub_fileFULL_gr_2236","IS24T-06XX260-DT","Tue 11/17/2015-23:38:09.19","Tue 11/17/2015-23:52:25.34",1447778289,1447779145,20523,1447778266,1447779163,23,18,856,897,41
"blast500k_test_pub_fileFULL_gr_2237","IS24T-06XX298-DT","Tue 11/17/2015-23:38:58.78","Tue 11/17/2015-23:46:14.92",1447778338,1447778774,20524,1447778369,1447778837,-31,63,436,468,32
"blast500k_test_pub_fileFULL_gr_2238","IS24T-06XX288-DT","Tue 11/17/2015-23:49:53.25","Wed 11/18/2015- 0:13:00.52",1447778993,1447780380,20525,1447778953,1447780394,40,14,1387,1441,54
"blast500k_test_pub_fileFULL_gr_2239","IS24T-06XX292-DT","Tue 11/17/2015-23:44:25.05","Tue 11/17/2015-23:59:34.11",1447778665,1447779574,20526,1447778708,1447779657,-43,83,909,949,40
"blast500k_test_pub_fileFULL_gr_224","IS24T-06XX209-DT","Tue 11/17/2015-18:20:11.82","Tue 11/17/2015-18:40:04.44",1447759211,1447760404,18511,1447759210,1447760475,1,71,1193,1265,72
"blast500k_test_pub_fileFULL_gr_2240","IS24T-06XX297-DT","Tue 11/17/2015-23:39:05.12","Wed 11/18/2015- 0:04:34.41",1447778345,1447779874,20527,1447778336,1447779906,9,32,1529,1570,41
"blast500k_test_pub_fileFULL_gr_2241","IS24T-06XX254-DT","Tue 11/17/2015-23:56:42.85","Wed 11/18/2015- 0:15:47.95",1447779402,1447780547,20528,1447779370,1447780567,32,20,1145,1197,52
"blast500k_test_pub_fileFULL_gr_2242","IS24T-06XX273-DT","Tue 11/17/2015-23:44:39.35","Tue 11/17/2015-23:58:00.79",1447778679,1447779480,20529,1447778662,1447779495,17,15,801,833,32
"blast500k_test_pub_fileFULL_gr_2243","IS24T-06XX252-DT","Tue 11/17/2015-23:32:48.22","Tue 11/17/2015-23:46:36.18",1447777968,1447778796,20530,1447777956,1447778814,12,18,828,858,30
"blast500k_test_pub_fileFULL_gr_2244","IS24T-06XX279-DT","Tue 11/17/2015-23:44:31.27","Tue 11/17/2015-23:59:14.47",1447778671,1447779554,20531,1447778680,1447779598,-9,44,883,918,35
"blast500k_test_pub_fileFULL_gr_2245","IS24T-06XX263-DT","Tue 11/17/2015-23:49:48.71","Wed 11/18/2015- 0:03:05.51",1447778988,1447779785,20532,1447778976,1447779801,12,16,797,825,28
"blast500k_test_pub_fileFULL_gr_2246","IS24T-06XX287-DT","Tue 11/17/2015-23:49:48.64","Wed 11/18/2015- 0:08:39.44",1447778988,1447780119,20533,1447778985,1447780149,3,30,1131,1164,33
"blast500k_test_pub_fileFULL_gr_2247","IS24T-06XX286-DT","Tue 11/17/2015-23:55:17.12","Wed 11/18/2015- 0:17:11.85",1447779317,1447780631,20534,1447779308,1447780660,9,29,1314,1352,38
"blast500k_test_pub_fileFULL_gr_2248","IS24T-06XX209-DT","Tue 11/17/2015-23:34:20.95","Tue 11/17/2015-23:53:02.73",1447778060,1447779182,20535,1447778032,1447779254,28,72,1122,1222,100
"blast500k_test_pub_fileFULL_gr_2249","IS24T-06XX288-DT","Tue 11/17/2015-23:36:14.99","Tue 11/17/2015-23:59:02.89",1447778174,1447779542,20536,1447778135,1447779556,39,14,1368,1421,53
"blast500k_test_pub_fileFULL_gr_225","IS24T-06XX282-DT","Tue 11/17/2015-18:15:42.14","Tue 11/17/2015-18:26:36.39",1447758942,1447759596,18512,1447758924,1447759618,18,22,654,694,40
"blast500k_test_pub_fileFULL_gr_2250","IS24T-06XX273-DT","Wed 11/18/2015- 0:42:57.94","Wed 11/18/2015- 1:03:11.55",1447782177,1447783391,20537,1447782158,1447783407,19,16,1214,1249,35
"blast500k_test_pub_fileFULL_gr_2251","IS24T-06XX284-DT","Tue 11/17/2015-23:30:45.40","Wed 11/18/2015- 0:01:40.80",1447777845,1447779700,20538,1447777867,1447779765,-22,65,1855,1898,43
"blast500k_test_pub_fileFULL_gr_2252","IS24T-06XX262-DT","Tue 11/17/2015-23:44:39.07","Wed 11/18/2015- 0:01:18.93",1447778679,1447779678,20539,1447778657,1447779708,22,30,999,1051,52
"blast500k_test_pub_fileFULL_gr_2253","IS24T-06XX267-DT","Tue 11/17/2015-23:33:02.42","Tue 11/17/2015-23:50:14.18",1447777982,1447779014,20540,1447777956,1447779031,26,17,1032,1075,43
"blast500k_test_pub_fileFULL_gr_2254","IS24T-06XX258-DT","Tue 11/17/2015-23:31:07.37","Tue 11/17/2015-23:51:44.12",1447777867,1447779104,20541,1447777843,1447779119,24,15,1237,1276,39
"blast500k_test_pub_fileFULL_gr_2255","IS24T-06XX288-DT","Tue 11/17/2015-23:33:08.68","Tue 11/17/2015-23:49:13.35",1447777988,1447778953,20542,1447777952,1447778964,36,11,965,1012,47
"blast500k_test_pub_fileFULL_gr_2256","IS24T-06XX269-DT","Tue 11/17/2015-23:48:22.49","Wed 11/18/2015- 0:00:39.18",1447778902,1447779639,20543,1447778898,1447779669,4,30,737,771,34
"blast500k_test_pub_fileFULL_gr_2257","IS24T-06XX297-DT","Tue 11/17/2015-23:37:38.15","Wed 11/18/2015- 0:11:03.57",1447778258,1447780263,20544,1447778244,1447780298,14,35,2005,2054,49
"blast500k_test_pub_fileFULL_gr_2258","IS24T-06XX253-DT","Tue 11/17/2015-23:54:14.87","Wed 11/18/2015- 0:09:53.39",1447779254,1447780193,20545,1447779240,1447780207,14,14,939,967,28
"blast500k_test_pub_fileFULL_gr_2259","IS24T-06XX296-DT","Tue 11/17/2015-23:37:02.14","Tue 11/17/2015-23:54:04.65",1447778222,1447779244,20546,1447778205,1447779271,17,27,1022,1066,44
"blast500k_test_pub_fileFULL_gr_226","IS24T-06XX269-DT","Tue 11/17/2015-17:59:23.82","Tue 11/17/2015-18:14:57.30",1447757963,1447758897,18513,1447757963,1447758927,0,30,934,964,30
"blast500k_test_pub_fileFULL_gr_2260","IS24T-06XX253-DT","Wed 11/18/2015- 0:10:59.54","Wed 11/18/2015- 0:26:26.69",1447780259,1447781186,20547,1447780230,1447781201,29,15,927,971,44
"blast500k_test_pub_fileFULL_gr_2261","IS24T-06XX253-DT","Tue 11/17/2015-23:38:48.53","Tue 11/17/2015-23:53:56.00",1447778328,1447779236,20548,1447778303,1447779253,25,17,908,950,42
"blast500k_test_pub_fileFULL_gr_2262","IS24T-06XX291-DT","Tue 11/17/2015-23:46:18.69","Tue 11/17/2015-23:57:40.15",1447778778,1447779460,20549,1447778763,1447779487,15,27,682,724,42
"blast500k_test_pub_fileFULL_gr_2263","IS24T-06XX254-DT","Tue 11/17/2015-23:35:53.74","Tue 11/17/2015-23:56:05.19",1447778153,1447779365,20550,1447778120,1447779381,33,16,1212,1261,49
"blast500k_test_pub_fileFULL_gr_2264","IS24T-06XX291-DT","Tue 11/17/2015-23:32:17.23","Tue 11/17/2015-23:49:04.19",1447777937,1447778944,20551,1447777935,1447778972,2,28,1007,1037,30
"blast500k_test_pub_fileFULL_gr_2265","IS24T-06XX275-DT","Tue 11/17/2015-23:35:43.52","Tue 11/17/2015-23:56:50.09",1447778143,1447779410,20552,1447778133,1447779441,10,31,1267,1308,41
"blast500k_test_pub_fileFULL_gr_2266","IS24T-06XX268-DT","Tue 11/17/2015-23:34:10.37","Tue 11/17/2015-23:54:04.30",1447778050,1447779244,20553,1447778037,1447779262,13,18,1194,1225,31
"blast500k_test_pub_fileFULL_gr_2267","IS24T-06XX285-DT","Wed 11/18/2015- 0:25:11.56","Wed 11/18/2015- 0:41:26.25",1447781111,1447782086,20554,1447781087,1447782111,24,25,975,1024,49
"blast500k_test_pub_fileFULL_gr_2268","IS24T-06XX293-DT","Tue 11/17/2015-23:57:25.89","Wed 11/18/2015- 0:13:36.39",1447779445,1447780416,20555,1447779437,1447780453,8,37,971,1016,45
"blast500k_test_pub_fileFULL_gr_2269","IS24T-06XX274-DT","Wed 11/18/2015- 0:05:46.50","Wed 11/18/2015- 0:19:36.00",1447779946,1447780776,20556,1447779920,1447780794,26,18,830,874,44
"blast500k_test_pub_fileFULL_gr_227","IS24T-06XX254-DT","Tue 11/17/2015-18:10:09.35","Tue 11/17/2015-18:33:37.06",1447758609,1447760017,18514,1447758579,1447760034,30,17,1408,1455,47
"blast500k_test_pub_fileFULL_gr_2270","IS24T-06XX268-DT","Wed 11/18/2015- 0:08:01.50","Wed 11/18/2015- 0:22:48.76",1447780081,1447780968,20557,1447780059,1447780984,22,16,887,925,38
"blast500k_test_pub_fileFULL_gr_2271","IS24T-06XX265-DT","Tue 11/17/2015-23:34:01.27","Tue 11/17/2015-23:52:52.85",1447778041,1447779172,20558,1447778027,1447779188,14,16,1131,1161,30
"blast500k_test_pub_fileFULL_gr_2272","IS24T-06XX278-DT","Tue 11/17/2015-23:33:28.55","Tue 11/17/2015-23:51:12.02",1447778008,1447779072,20559,1447778012,1447779104,-4,32,1064,1092,28
"blast500k_test_pub_fileFULL_gr_2273","IS24T-06XX266-DT","Tue 11/17/2015-23:45:49.42","Tue 11/17/2015-23:58:28.31",1447778749,1447779508,20560,1447778723,1447779523,26,15,759,800,41
"blast500k_test_pub_fileFULL_gr_2274","IS24T-06XX266-DT","Tue 11/17/2015-23:40:39.11","Tue 11/17/2015-23:57:03.68",1447778439,1447779423,20561,1447778417,1447779437,22,14,984,1020,36
"blast500k_test_pub_fileFULL_gr_2275","IS24T-06XX297-DT","Wed 11/18/2015- 0:55:51.54","Wed 11/18/2015- 1:14:43.69",1447782951,1447784083,20562,1447782931,1447784117,20,34,1132,1186,54
"blast500k_test_pub_fileFULL_gr_2276","IS24T-06XX255-DT","Tue 11/17/2015-23:36:38.71","Tue 11/17/2015-23:52:27.37",1447778198,1447779147,20563,1447778171,1447779166,27,19,949,995,46
"blast500k_test_pub_fileFULL_gr_2277","IS24T-06XX279-DT","Tue 11/17/2015-23:35:07.05","Tue 11/17/2015-23:52:58.96",1447778107,1447779178,20564,1447778107,1447779222,0,44,1071,1115,44
"blast500k_test_pub_fileFULL_gr_2278","IS24T-06XX283-DT","Tue 11/17/2015-23:36:43.11","Tue 11/17/2015-23:55:01.63",1447778203,1447779301,20565,1447778192,1447779327,11,26,1098,1135,37
"blast500k_test_pub_fileFULL_gr_2279","IS24T-06XX288-DT","Wed 11/18/2015- 0:01:34.24","Wed 11/18/2015- 0:36:21.09",1447779694,1447781781,20566,1447779659,1447781791,35,10,2087,2132,45
"blast500k_test_pub_fileFULL_gr_228","IS24T-06XX253-DT","Tue 11/17/2015-18:47:04.98","Tue 11/17/2015-19:02:31.55",1447760824,1447761751,18515,1447760798,1447761767,26,16,927,969,42
"blast500k_test_pub_fileFULL_gr_2280","IS24T-06XX276-DT","Tue 11/17/2015-23:37:01.46","Tue 11/17/2015-23:51:49.05",1447778221,1447779109,20567,1447778197,1447779127,24,18,888,930,42
"blast500k_test_pub_fileFULL_gr_2281","IS24T-06XX285-DT","Tue 11/17/2015-23:38:41.65","Tue 11/17/2015-23:49:07.71",1447778321,1447778947,20568,1447778318,1447778977,3,30,626,659,33
"blast500k_test_pub_fileFULL_gr_2282","IS24T-06XX262-DT","Tue 11/17/2015-23:48:30.63","Wed 11/18/2015- 0:05:33.63",1447778910,1447779933,20569,1447778886,1447779960,24,27,1023,1074,51
"blast500k_test_pub_fileFULL_gr_2283","IS24T-06XX279-DT","Wed 11/18/2015- 0:08:00.17","Wed 11/18/2015- 0:20:51.73",1447780080,1447780851,20570,1447780084,1447780894,-4,43,771,810,39
"blast500k_test_pub_fileFULL_gr_2284","IS24T-06XX267-DT","Wed 11/18/2015- 0:05:37.88","Wed 11/18/2015- 0:16:33.82",1447779937,1447780593,20571,1447779925,1447780613,12,20,656,688,32
"blast500k_test_pub_fileFULL_gr_2285","IS24T-06XX209-DT","Wed 11/18/2015- 0:03:13.73","Wed 11/18/2015- 0:23:40.29",1447779793,1447781020,20572,1447779805,1447781092,-12,72,1227,1287,60
"blast500k_test_pub_fileFULL_gr_2286","IS24T-06XX299-DT","Tue 11/17/2015-23:37:42.15","Tue 11/17/2015-23:55:16.20",1447778262,1447779316,20573,1447778273,1447779369,-11,53,1054,1096,42
"blast500k_test_pub_fileFULL_gr_2287","IS24T-06XX209-DT","Tue 11/17/2015-23:37:43.79","Tue 11/17/2015-23:57:57.36",1447778263,1447779477,20574,1447778286,1447779547,-23,70,1214,1261,47
"blast500k_test_pub_fileFULL_gr_2288","IS24T-06XX297-DT","Wed 11/18/2015- 0:05:30.28","Wed 11/18/2015- 0:27:22.90",1447779930,1447781242,20575,1447779918,1447781275,12,33,1312,1357,45
"blast500k_test_pub_fileFULL_gr_2289","IS24T-06XX294-DT","Tue 11/17/2015-23:41:31.85","Wed 11/18/2015- 0:13:44.93",1447778491,1447780424,20576,1447778484,1447780452,7,28,1933,1968,35
"blast500k_test_pub_fileFULL_gr_229","IS24T-06XX296-DT","Tue 11/17/2015-18:02:59.78","Tue 11/17/2015-18:22:04.47",1447758179,1447759324,18516,1447758172,1447759342,7,18,1145,1170,25
"blast500k_test_pub_fileFULL_gr_2290","IS24T-06XX263-DT","Tue 11/17/2015-23:49:05.84","Wed 11/18/2015- 0:00:38.22",1447778945,1447779638,20577,1447778921,1447779655,24,17,693,734,41
"blast500k_test_pub_fileFULL_gr_2291","IS24T-06XX286-DT","Tue 11/17/2015-23:47:10.48","Wed 11/18/2015- 0:07:07.39",1447778830,1447780027,20578,1447778822,1447780057,8,30,1197,1235,38
"blast500k_test_pub_fileFULL_gr_2292","IS24T-06XX264-DT","Tue 11/17/2015-23:45:32.31","Wed 11/18/2015- 0:04:09.16",1447778732,1447779849,20579,1447778699,1447779861,33,12,1117,1162,45
"blast500k_test_pub_fileFULL_gr_2293","IS24T-06XX256-DT","Tue 11/17/2015-23:37:57.54","Tue 11/17/2015-23:48:48.43",1447778277,1447778928,20580,1447778265,1447778944,12,16,651,679,28
"blast500k_test_pub_fileFULL_gr_2294","IS24T-06XX253-DT","Tue 11/17/2015-23:56:51.86","Wed 11/18/2015- 0:10:16.20",1447779411,1447780216,20581,1447779386,1447780230,25,14,805,844,39
"blast500k_test_pub_fileFULL_gr_2295","IS24T-06XX264-DT","Tue 11/17/2015-23:44:53.12","Wed 11/18/2015- 0:07:39.81",1447778693,1447780059,20582,1447778653,1447780073,40,14,1366,1420,54
"blast500k_test_pub_fileFULL_gr_2296","IS24T-06XX293-DT","Tue 11/17/2015-23:37:31.55","Wed 11/18/2015- 0:01:22.28",1447778251,1447779682,20583,1447778247,1447779717,4,35,1431,1470,39
"blast500k_test_pub_fileFULL_gr_2297","IS24T-06XX273-DT","Tue 11/17/2015-23:41:11.77","Wed 11/18/2015- 0:01:42.88",1447778471,1447779702,20584,1447778451,1447779721,20,19,1231,1270,39
"blast500k_test_pub_fileFULL_gr_2298","IS24T-06XX253-DT","Wed 11/18/2015- 0:10:59.52","Wed 11/18/2015- 0:36:16.78",1447780259,1447781776,20585,1447780218,1447781790,41,14,1517,1572,55
"blast500k_test_pub_fileFULL_gr_2299","IS24T-06XX294-DT","Tue 11/17/2015-23:44:27.97","Tue 11/17/2015-23:56:40.36",1447778667,1447779400,20586,1447778659,1447779427,8,27,733,768,35
"blast500k_test_pub_fileFULL_gr_23","IS24T-06XX274-DT","Tue 11/17/2015-17:49:39.00","Tue 11/17/2015-18:13:42.53",1447757379,1447758822,18310,1447757175,1447758837,204,15,1443,1662,219
"blast500k_test_pub_fileFULL_gr_230","IS24T-06XX300-DT","Tue 11/17/2015-18:26:01.96","Tue 11/17/2015-18:41:35.92",1447759561,1447760495,18517,1447759545,1447760521,16,26,934,976,42
"blast500k_test_pub_fileFULL_gr_2300","IS24T-06XX292-DT","Tue 11/17/2015-23:50:50.58","Wed 11/18/2015- 0:05:01.63",1447779050,1447779901,20587,1447779104,1447779984,-54,83,851,880,29
"blast500k_test_pub_fileFULL_gr_2301","IS24T-06XX256-DT","Tue 11/17/2015-23:52:23.40","Wed 11/18/2015- 0:10:11.33",1447779143,1447780211,20588,1447779130,1447780226,13,15,1068,1096,28
"blast500k_test_pub_fileFULL_gr_2302","IS24T-06XX265-DT","Tue 11/17/2015-23:53:14.82","Wed 11/18/2015- 0:13:46.87",1447779194,1447780426,20589,1447779176,1447780443,18,17,1232,1267,35
"blast500k_test_pub_fileFULL_gr_2303","IS24T-06XX257-DT","Tue 11/17/2015-23:40:33.08","Tue 11/17/2015-23:50:37.76",1447778433,1447779037,20590,1447778421,1447779054,12,17,604,633,29
"blast500k_test_pub_fileFULL_gr_2304","IS24T-06XX267-DT","Tue 11/17/2015-23:46:58.38","Wed 11/18/2015- 0:05:11.33",1447778818,1447779911,20591,1447778794,1447779925,24,14,1093,1131,38
"blast500k_test_pub_fileFULL_gr_2305","IS24T-06XX297-DT","Tue 11/17/2015-23:53:43.48","Wed 11/18/2015- 0:18:14.04",1447779223,1447780694,20592,1447779213,1447780720,10,26,1471,1507,36
"blast500k_test_pub_fileFULL_gr_2306","IS24T-06XX287-DT","Tue 11/17/2015-23:50:57.49","Wed 11/18/2015- 0:10:11.25",1447779057,1447780211,20593,1447779060,1447780244,-3,33,1154,1184,30
"blast500k_test_pub_fileFULL_gr_2307","IS24T-06XX275-DT","Tue 11/17/2015-23:55:25.07","Wed 11/18/2015- 0:10:58.29",1447779325,1447780258,20594,1447779312,1447780289,13,31,933,977,44
"blast500k_test_pub_fileFULL_gr_2308","IS24T-06XX209-DT","Tue 11/17/2015-23:45:18.85","Wed 11/18/2015- 0:10:02.59",1447778718,1447780202,20595,1447778729,1447780271,-11,69,1484,1542,58
"blast500k_test_pub_fileFULL_gr_2309","IS24T-06XX257-DT","Tue 11/17/2015-23:51:06.98","Wed 11/18/2015- 0:04:12.34",1447779066,1447779852,20596,1447779042,1447779867,24,15,786,825,39
"blast500k_test_pub_fileFULL_gr_231","IS24T-06XX271-DT","Tue 11/17/2015-18:40:01.58","Tue 11/17/2015-18:59:59.92",1447760401,1447761599,18518,1447760379,1447761614,22,15,1198,1235,37
"blast500k_test_pub_fileFULL_gr_2310","IS24T-06XX268-DT","Tue 11/17/2015-23:47:27.85","Wed 11/18/2015- 0:07:31.52",1447778847,1447780051,20597,1447778824,1447780070,23,19,1204,1246,42
"blast500k_test_pub_fileFULL_gr_2311","IS24T-06XX282-DT","Wed 11/18/2015- 0:04:33.64","Wed 11/18/2015- 0:18:07.33",1447779873,1447780687,20598,1447779857,1447780710,16,23,814,853,39
"blast500k_test_pub_fileFULL_gr_2312","IS24T-06XX282-DT","Tue 11/17/2015-23:48:12.44","Wed 11/18/2015- 0:04:22.42",1447778892,1447779862,20599,1447778877,1447779888,15,26,970,1011,41
"blast500k_test_pub_fileFULL_gr_2313","IS24T-06XX279-DT","Wed 11/18/2015- 0:58:16.72","Wed 11/18/2015- 1:21:43.38",1447783096,1447784503,20600,1447783101,1447784545,-5,42,1407,1444,37
"blast500k_test_pub_fileFULL_gr_2314","IS24T-06XX274-DT","Tue 11/17/2015-23:45:51.91","Wed 11/18/2015- 0:05:15.81",1447778751,1447779915,20601,1447778723,1447779932,28,17,1164,1209,45
"blast500k_test_pub_fileFULL_gr_2315","IS24T-06XX260-DT","Wed 11/18/2015- 0:12:03.17","Wed 11/18/2015- 0:25:23.54",1447780323,1447781123,20602,1447780299,1447781137,24,14,800,838,38
"blast500k_test_pub_fileFULL_gr_2316","IS24T-06XX298-DT","Tue 11/17/2015-23:46:43.87","Wed 11/18/2015- 0:01:36.98",1447778803,1447779696,20603,1447778837,1447779759,-34,63,893,922,29
"blast500k_test_pub_fileFULL_gr_2317","IS24T-06XX257-DT","Wed 11/18/2015- 0:04:53.61","Wed 11/18/2015- 0:23:42.31",1447779893,1447781022,20604,1447779867,1447781036,26,14,1129,1169,40
"blast500k_test_pub_fileFULL_gr_2318","IS24T-06XX274-DT","Tue 11/17/2015-23:42:21.24","Tue 11/17/2015-23:55:17.86",1447778541,1447779317,20605,1447778511,1447779332,30,15,776,821,45
"blast500k_test_pub_fileFULL_gr_2319","IS24T-06XX271-DT","Tue 11/17/2015-23:44:23.04","Tue 11/17/2015-23:59:58.18",1447778663,1447779598,20606,1447778639,1447779614,24,16,935,975,40
"blast500k_test_pub_fileFULL_gr_232","IS24T-06XX273-DT","Tue 11/17/2015-18:23:54.30","Tue 11/17/2015-18:41:44.91",1447759434,1447760504,18519,1447759418,1447760522,16,18,1070,1104,34
"blast500k_test_pub_fileFULL_gr_2320","IS24T-06XX288-DT","Tue 11/17/2015-23:59:46.64","Wed 11/18/2015- 0:32:02.43",1447779586,1447781522,20607,1447779544,1447781536,42,14,1936,1992,56
"blast500k_test_pub_fileFULL_gr_2321","IS24T-06XX279-DT","Tue 11/17/2015-23:53:22.04","Wed 11/18/2015- 0:07:29.38",1447779202,1447780049,20608,1447779211,1447780095,-9,46,847,884,37
"blast500k_test_pub_fileFULL_gr_2322","IS24T-06XX277-DT","Tue 11/17/2015-23:42:12.39","Tue 11/17/2015-23:54:08.73",1447778532,1447779248,20609,1447778519,1447779263,13,15,716,744,28
"blast500k_test_pub_fileFULL_gr_2323","IS24T-06XX258-DT","Tue 11/17/2015-23:57:38.52","Wed 11/18/2015- 0:12:02.57",1447779458,1447780322,20610,1447779433,1447780338,25,16,864,905,41
"blast500k_test_pub_fileFULL_gr_2324","IS24T-06XX276-DT","Tue 11/17/2015-23:44:54.07","Tue 11/17/2015-23:59:39.70",1447778694,1447779579,20611,1447778675,1447779594,19,15,885,919,34
"blast500k_test_pub_fileFULL_gr_2325","IS24T-06XX260-DT","Wed 11/18/2015- 0:25:58.41","Wed 11/18/2015- 0:42:00.20",1447781158,1447782120,20612,1447781137,1447782138,21,18,962,1001,39
"blast500k_test_pub_fileFULL_gr_2326","IS24T-06XX296-DT","Tue 11/17/2015-23:43:22.44","Tue 11/17/2015-23:55:25.28",1447778602,1447779325,20613,1447778602,1447779352,0,27,723,750,27
"blast500k_test_pub_fileFULL_gr_2327","IS24T-06XX297-DT","Tue 11/17/2015-23:47:39.28","Wed 11/18/2015- 0:30:10.83",1447778859,1447781410,20614,1447778848,1447781436,11,26,2551,2588,37
"blast500k_test_pub_fileFULL_gr_2328","IS24T-06XX284-DT","Tue 11/17/2015-23:44:15.49","Wed 11/18/2015- 0:04:55.77",1447778655,1447779895,20615,1447778652,1447779959,3,64,1240,1307,67
"blast500k_test_pub_fileFULL_gr_2329","IS24T-06XX283-DT","Wed 11/18/2015- 0:14:35.31","Wed 11/18/2015- 0:32:09.62",1447780475,1447781529,20616,1447780474,1447781558,1,29,1054,1084,30
"blast500k_test_pub_fileFULL_gr_233","IS24T-06XX294-DT","Tue 11/17/2015-18:04:10.52","Tue 11/17/2015-18:17:51.96",1447758250,1447759071,18520,1447758241,1447759094,9,23,821,853,32
"blast500k_test_pub_fileFULL_gr_2330","IS24T-06XX259-DT","Tue 11/17/2015-23:44:32.57","Tue 11/17/2015-23:54:44.95",1447778672,1447779284,20617,1447778648,1447779304,24,20,612,656,44
"blast500k_test_pub_fileFULL_gr_2331","IS24T-06XX257-DT","Wed 11/18/2015- 0:24:10.53","Wed 11/18/2015- 0:43:40.00",1447781050,1447782220,20618,1447781023,1447782235,27,15,1170,1212,42
"blast500k_test_pub_fileFULL_gr_2332","IS24T-06XX260-DT","Wed 11/18/2015- 0:01:08.43","Wed 11/18/2015- 0:16:58.23",1447779668,1447780618,20619,1447779642,1447780635,26,17,950,993,43
"blast500k_test_pub_fileFULL_gr_2333","IS24T-06XX300-DT","Tue 11/17/2015-23:49:14.77","Wed 11/18/2015- 0:07:45.02",1447778954,1447780065,20620,1447778939,1447780091,15,26,1111,1152,41
"blast500k_test_pub_fileFULL_gr_2334","IS24T-06XX286-DT","Wed 11/18/2015- 0:17:39.46","Wed 11/18/2015- 0:28:04.99",1447780659,1447781284,20621,1447780648,1447781313,11,29,625,665,40
"blast500k_test_pub_fileFULL_gr_2335","IS24T-06XX254-DT","Tue 11/17/2015-23:54:04.98","Wed 11/18/2015- 0:12:54.89",1447779244,1447780374,20622,1447779212,1447780389,32,15,1130,1177,47
"blast500k_test_pub_fileFULL_gr_2336","IS24T-06XX296-DT","Tue 11/17/2015-23:55:53.87","Wed 11/18/2015- 0:19:32.21",1447779353,1447780772,20623,1447779341,1447780798,12,26,1419,1457,38
"blast500k_test_pub_fileFULL_gr_2337","IS24T-06XX281-DT","Wed 11/18/2015- 0:24:00.34","Wed 11/18/2015- 0:36:20.86",1447781040,1447781780,20624,1447781030,1447781808,10,28,740,778,38
"blast500k_test_pub_fileFULL_gr_2338","IS24T-06XX258-DT","Tue 11/17/2015-23:52:11.72","Wed 11/18/2015- 0:03:52.03",1447779131,1447779832,20625,1447779107,1447779847,24,15,701,740,39
"blast500k_test_pub_fileFULL_gr_2339","IS24T-06XX277-DT","Wed 11/18/2015- 0:26:16.95","Wed 11/18/2015- 0:49:37.74",1447781176,1447782577,20626,1447781151,1447782596,25,19,1401,1445,44
"blast500k_test_pub_fileFULL_gr_234","IS24T-06XX293-DT","Tue 11/17/2015-18:15:31.09","Tue 11/17/2015-18:34:34.09",1447758931,1447760074,18521,1447758922,1447760112,9,38,1143,1190,47
"blast500k_test_pub_fileFULL_gr_2340","IS24T-06XX276-DT","Wed 11/18/2015- 0:07:50.46","Wed 11/18/2015- 0:24:25.40",1447780070,1447781065,20627,1447780046,1447781080,24,15,995,1034,39
"blast500k_test_pub_fileFULL_gr_2341","IS24T-06XX296-DT","Wed 11/18/2015- 0:20:29.71","Wed 11/18/2015- 0:34:26.89",1447780829,1447781666,20628,1447780826,1447781685,3,19,837,859,22
"blast500k_test_pub_fileFULL_gr_2342","IS24T-06XX291-DT","Tue 11/17/2015-23:49:20.12","Wed 11/18/2015- 0:04:50.54",1447778960,1447779890,20629,1447778958,1447779918,2,28,930,960,30
"blast500k_test_pub_fileFULL_gr_2343","IS24T-06XX255-DT","Tue 11/17/2015-23:53:01.37","Wed 11/18/2015- 0:12:47.69",1447779181,1447780367,20630,1447779166,1447780381,15,14,1186,1215,29
"blast500k_test_pub_fileFULL_gr_2344","IS24T-06XX263-DT","Wed 11/18/2015- 0:22:05.62","Wed 11/18/2015- 0:36:07.29",1447780925,1447781767,20631,1447780913,1447781783,12,16,842,870,28
"blast500k_test_pub_fileFULL_gr_2345","IS24T-06XX279-DT","Wed 11/18/2015- 0:26:36.25","Wed 11/18/2015- 0:40:56.58",1447781196,1447782056,20632,1447781200,1447782098,-4,42,860,898,38
"blast500k_test_pub_fileFULL_gr_2346","IS24T-06XX260-DT","Tue 11/17/2015-23:51:03.60","Wed 11/18/2015- 0:00:37.34",1447779063,1447779637,20633,1447779040,1447779654,23,17,574,614,40
"blast500k_test_pub_fileFULL_gr_2347","IS24T-06XX264-DT","Tue 11/17/2015-23:47:48.55","Wed 11/18/2015- 0:14:03.80",1447778868,1447780443,20634,1447778851,1447780462,17,19,1575,1611,36
"blast500k_test_pub_fileFULL_gr_2348","IS24T-06XX257-DT","Tue 11/17/2015-23:53:14.33","Wed 11/18/2015- 0:09:23.21",1447779194,1447780163,20635,1447779180,1447780179,14,16,969,999,30
"blast500k_test_pub_fileFULL_gr_2349","IS24T-06XX258-DT","Wed 11/18/2015- 0:27:13.34","Wed 11/18/2015- 0:46:54.08",1447781233,1447782414,20636,1447781208,1447782429,25,15,1181,1221,40
"blast500k_test_pub_fileFULL_gr_235","IS24T-06XX272-DT","Tue 11/17/2015-18:16:29.91","Tue 11/17/2015-18:28:50.90",1447758989,1447759730,18522,1447758965,1447759749,24,19,741,784,43
"blast500k_test_pub_fileFULL_gr_2350","IS24T-06XX277-DT","Tue 11/17/2015-23:58:40.14","Wed 11/18/2015- 0:20:37.33",1447779520,1447780837,20637,1447779508,1447780854,12,17,1317,1346,29
"blast500k_test_pub_fileFULL_gr_2351","IS24T-06XX281-DT","Tue 11/17/2015-23:49:33.77","Wed 11/18/2015- 0:01:39.53",1447778973,1447779699,20638,1447778942,1447779729,31,30,726,787,61
"blast500k_test_pub_fileFULL_gr_2352","IS24T-06XX278-DT","Tue 11/17/2015-23:51:40.50","Wed 11/18/2015- 0:03:25.66",1447779100,1447779805,20639,1447779104,1447779836,-4,31,705,732,27
"blast500k_test_pub_fileFULL_gr_2353","IS24T-06XX272-DT","Wed 11/18/2015- 0:11:06.12","Wed 11/18/2015- 0:26:46.24",1447780266,1447781206,20640,1447780242,1447781224,24,18,940,982,42
"blast500k_test_pub_fileFULL_gr_2354","IS24T-06XX256-DT","Tue 11/17/2015-23:49:16.75","Wed 11/18/2015- 0:03:41.77",1447778956,1447779821,20641,1447778932,1447779838,24,17,865,906,41
"blast500k_test_pub_fileFULL_gr_2355","IS24T-06XX261-DT","Tue 11/17/2015-23:48:57.22","Wed 11/18/2015- 0:01:58.55",1447778937,1447779718,20642,1447778914,1447779737,23,19,781,823,42
"blast500k_test_pub_fileFULL_gr_2356","IS24T-06XX293-DT","Wed 11/18/2015- 0:01:37.08","Wed 11/18/2015- 0:22:05.96",1447779697,1447780925,20643,1447779703,1447780960,-6,35,1228,1257,29
"blast500k_test_pub_fileFULL_gr_2357","IS24T-06XX264-DT","Wed 11/18/2015- 0:04:38.81","Wed 11/18/2015- 0:28:46.90",1447779878,1447781326,20644,1447779849,1447781340,29,14,1448,1491,43
"blast500k_test_pub_fileFULL_gr_2358","IS24T-06XX295-DT","Tue 11/17/2015-23:50:45.74","Wed 11/18/2015- 0:03:05.69",1447779045,1447779785,20645,1447779075,1447779847,-30,62,740,772,32
"blast500k_test_pub_fileFULL_gr_2359","IS24T-06XX255-DT","Wed 11/18/2015- 0:13:16.97","Wed 11/18/2015- 0:29:38.43",1447780396,1447781378,20646,1447780370,1447781392,26,14,982,1022,40
"blast500k_test_pub_fileFULL_gr_236","IS24T-06XX285-DT","Tue 11/17/2015-18:11:09.37","Tue 11/17/2015-18:28:50.03",1447758669,1447759730,18523,1447758653,1447759758,16,28,1061,1105,44
"blast500k_test_pub_fileFULL_gr_2360","IS24T-06XX285-DT","Tue 11/17/2015-23:49:38.39","Wed 11/18/2015- 0:08:51.51",1447778978,1447780131,20647,1447778964,1447780154,14,23,1153,1190,37
"blast500k_test_pub_fileFULL_gr_2361","IS24T-06XX259-DT","Tue 11/17/2015-23:52:01.68","Wed 11/18/2015- 0:07:11.50",1447779121,1447780031,20648,1447779110,1447780048,11,17,910,938,28
"blast500k_test_pub_fileFULL_gr_2362","IS24T-06XX280-DT","Wed 11/18/2015- 0:07:40.56","Wed 11/18/2015- 0:21:39.34",1447780060,1447780899,20649,1447780198,1447781081,-138,182,839,883,44
"blast500k_test_pub_fileFULL_gr_2363","IS24T-06XX254-DT","Wed 11/18/2015- 0:06:27.00","Wed 11/18/2015- 0:34:00.16",1447779987,1447781640,20650,1447779958,1447781655,29,15,1653,1697,44
"blast500k_test_pub_fileFULL_gr_2364","IS24T-06XX259-DT","Tue 11/17/2015-23:55:11.54","Wed 11/18/2015- 0:05:42.12",1447779311,1447779942,20651,1447779291,1447779961,20,19,631,670,39
"blast500k_test_pub_fileFULL_gr_2365","IS24T-06XX276-DT","Tue 11/17/2015-23:52:23.38","Wed 11/18/2015- 0:07:09.17",1447779143,1447780029,20652,1447779127,1447780046,16,17,886,919,33
"blast500k_test_pub_fileFULL_gr_2366","IS24T-06XX261-DT","Tue 11/17/2015-23:57:04.01","Wed 11/18/2015- 0:15:52.48",1447779424,1447780552,20653,1447779398,1447780569,26,17,1128,1171,43
"blast500k_test_pub_fileFULL_gr_2367","IS24T-06XX269-DT","Wed 11/18/2015- 0:18:59.78","Wed 11/18/2015- 0:46:15.68",1447780739,1447782375,20654,1447780730,1447782402,9,27,1636,1672,36
"blast500k_test_pub_fileFULL_gr_2368","IS24T-06XX295-DT","Wed 11/18/2015- 0:14:01.03","Wed 11/18/2015- 0:31:24.48",1447780441,1447781484,20655,1447780462,1447781544,-21,60,1043,1082,39
"blast500k_test_pub_fileFULL_gr_2369","IS24T-06XX264-DT","Wed 11/18/2015- 0:29:18.47","Wed 11/18/2015- 0:56:31.60",1447781358,1447782991,20656,1447781328,1447783006,30,15,1633,1678,45
"blast500k_test_pub_fileFULL_gr_237","IS24T-06XX288-DT","Tue 11/17/2015-18:08:28.85","Tue 11/17/2015-18:38:59.89",1447758508,1447760339,18524,1447758464,1447760352,44,13,1831,1888,57
"blast500k_test_pub_fileFULL_gr_2370","IS24T-06XX277-DT","Tue 11/17/2015-23:54:36.47","Wed 11/18/2015- 0:10:58.32",1447779276,1447780258,20657,1447779251,1447780272,25,14,982,1021,39
"blast500k_test_pub_fileFULL_gr_2371","IS24T-06XX296-DT","Wed 11/18/2015- 0:20:00.38","Wed 11/18/2015- 0:33:01.97",1447780800,1447781581,20658,1447780786,1447781601,14,20,781,815,34
"blast500k_test_pub_fileFULL_gr_2372","IS24T-06XX294-DT","Wed 11/18/2015- 0:33:14.30","Wed 11/18/2015- 0:45:35.54",1447781594,1447782335,20659,1447781553,1447782363,41,28,741,810,69
"blast500k_test_pub_fileFULL_gr_2373","IS24T-06XX272-DT","Tue 11/17/2015-23:58:03.31","Wed 11/18/2015- 0:11:08.19",1447779483,1447780268,20660,1447779460,1447780285,23,17,785,825,40
"blast500k_test_pub_fileFULL_gr_2374","IS24T-06XX281-DT","Wed 11/18/2015- 0:02:13.34","Wed 11/18/2015- 0:14:07.12",1447779733,1447780447,20661,1447779716,1447780473,17,26,714,757,43
"blast500k_test_pub_fileFULL_gr_2375","IS24T-06XX275-DT","Wed 11/18/2015- 0:23:16.97","Wed 11/18/2015- 0:41:39.00",1447780996,1447782099,20662,1447780984,1447782126,12,27,1103,1142,39
"blast500k_test_pub_fileFULL_gr_2376","IS24T-06XX273-DT","Wed 11/18/2015- 0:22:58.50","Wed 11/18/2015- 0:42:34.21",1447780978,1447782154,20663,1447780966,1447782170,12,16,1176,1204,28
"blast500k_test_pub_fileFULL_gr_2377","IS24T-06XX300-DT","Tue 11/17/2015-23:52:21.76","Wed 11/18/2015- 0:10:16.31",1447779141,1447780216,20664,1447779137,1447780236,4,20,1075,1099,24
"blast500k_test_pub_fileFULL_gr_2378","IS24T-06XX259-DT","Wed 11/18/2015- 0:06:13.86","Wed 11/18/2015- 0:19:59.64",1447779973,1447780799,20665,1447779949,1447780814,24,15,826,865,39
"blast500k_test_pub_fileFULL_gr_2379","IS24T-06XX269-DT","Wed 11/18/2015- 0:00:57.79","Wed 11/18/2015- 0:18:07.98",1447779657,1447780687,20666,1447779658,1447780717,-1,30,1030,1059,29
"blast500k_test_pub_fileFULL_gr_238","IS24T-06XX257-DT","Tue 11/17/2015-18:19:39.50","Tue 11/17/2015-18:42:32.36",1447759179,1447760552,18525,1447759155,1447760566,24,14,1373,1411,38
"blast500k_test_pub_fileFULL_gr_2380","IS24T-06XX273-DT","Tue 11/17/2015-23:58:23.85","Wed 11/18/2015- 0:16:29.05",1447779503,1447780589,20667,1447779484,1447780602,19,13,1086,1118,32
"blast500k_test_pub_fileFULL_gr_2381","IS24T-06XX287-DT","Wed 11/18/2015- 0:40:36.65","Wed 11/18/2015- 0:54:29.89",1447782036,1447782869,20668,1447782040,1447782905,-4,36,833,865,32
"blast500k_test_pub_fileFULL_gr_2382","IS24T-06XX280-DT","Tue 11/17/2015-23:52:14.37","Wed 11/18/2015- 0:07:08.51",1447779134,1447780028,20669,1447779274,1447780211,-140,183,894,937,43
"blast500k_test_pub_fileFULL_gr_2383","IS24T-06XX295-DT","Wed 11/18/2015- 1:16:26.33","Wed 11/18/2015- 1:25:01.24",1447784186,1447784701,20670,1447784204,1447784760,-18,59,515,556,41
"blast500k_test_pub_fileFULL_gr_2384","IS24T-06XX298-DT","Wed 11/18/2015- 0:14:12.36","Wed 11/18/2015- 0:27:50.25",1447780452,1447781270,20671,1447780494,1447781332,-42,62,818,838,20
"blast500k_test_pub_fileFULL_gr_2385","IS24T-06XX267-DT","Wed 11/18/2015- 0:28:26.15","Wed 11/18/2015- 0:42:49.59",1447781306,1447782169,20672,1447781281,1447782188,25,19,863,907,44
"blast500k_test_pub_fileFULL_gr_2386","IS24T-06XX291-DT","Wed 11/18/2015- 0:13:31.12","Wed 11/18/2015- 0:31:33.47",1447780411,1447781493,20673,1447780407,1447781519,4,26,1082,1112,30
"blast500k_test_pub_fileFULL_gr_2387","IS24T-06XX271-DT","Wed 11/18/2015- 0:38:08.21","Wed 11/18/2015- 0:51:47.92",1447781888,1447782707,20674,1447781863,1447782724,25,17,819,861,42
"blast500k_test_pub_fileFULL_gr_2388","IS24T-06XX271-DT","Tue 11/17/2015-23:52:29.61","Wed 11/18/2015- 0:14:52.28",1447779149,1447780492,20675,1447779130,1447780508,19,16,1343,1378,35
"blast500k_test_pub_fileFULL_gr_2389","IS24T-06XX284-DT","Tue 11/17/2015-23:56:07.61","Wed 11/18/2015- 0:15:51.03",1447779367,1447780551,20676,1447779375,1447780610,-8,59,1184,1235,51
"blast500k_test_pub_fileFULL_gr_239","IS24T-06XX284-DT","Tue 11/17/2015-18:02:56.76","Tue 11/17/2015-18:32:43.63",1447758176,1447759963,18526,1447758190,1447760028,-14,65,1787,1838,51
"blast500k_test_pub_fileFULL_gr_2390","IS24T-06XX284-DT","Tue 11/17/2015-23:58:12.89","Wed 11/18/2015- 0:17:01.34",1447779492,1447780621,20677,1447779497,1447780683,-5,62,1129,1186,57
"blast500k_test_pub_fileFULL_gr_2391","IS24T-06XX257-DT","Wed 11/18/2015- 0:09:39.29","Wed 11/18/2015- 0:30:58.89",1447780179,1447781458,20678,1447780167,1447781474,12,16,1279,1307,28
"blast500k_test_pub_fileFULL_gr_2392","IS24T-06XX283-DT","Tue 11/17/2015-23:57:56.60","Wed 11/18/2015- 0:07:33.70",1447779476,1447780053,20679,1447779476,1447780080,0,27,577,604,27
"blast500k_test_pub_fileFULL_gr_2393","IS24T-06XX263-DT","Wed 11/18/2015- 0:21:24.29","Wed 11/18/2015- 0:34:20.48",1447780884,1447781660,20680,1447780857,1447781677,27,17,776,820,44
"blast500k_test_pub_fileFULL_gr_2394","IS24T-06XX275-DT","Tue 11/17/2015-23:57:07.38","Wed 11/18/2015- 0:09:46.07",1447779427,1447780186,20681,1447779429,1447780212,-2,26,759,783,24
"blast500k_test_pub_fileFULL_gr_2395","IS24T-06XX291-DT","Wed 11/18/2015- 0:05:19.21","Wed 11/18/2015- 0:23:36.56",1447779919,1447781016,20682,1447779906,1447781041,13,25,1097,1135,38
"blast500k_test_pub_fileFULL_gr_2396","IS24T-06XX276-DT","Wed 11/18/2015- 0:00:05.65","Wed 11/18/2015- 0:11:55.59",1447779605,1447780315,20683,1447779583,1447780333,22,18,710,750,40
"blast500k_test_pub_fileFULL_gr_2397","IS24T-06XX283-DT","Tue 11/17/2015-23:55:27.56","Wed 11/18/2015- 0:14:18.92",1447779327,1447780458,20684,1447779315,1447780486,12,28,1131,1171,40
"blast500k_test_pub_fileFULL_gr_2398","IS24T-06XX274-DT","Wed 11/18/2015- 0:15:32.99","Wed 11/18/2015- 0:39:21.39",1447780532,1447781961,20685,1447780508,1447781976,24,15,1429,1468,39
"blast500k_test_pub_fileFULL_gr_2399","IS24T-06XX268-DT","Tue 11/17/2015-23:54:27.07","Wed 11/18/2015- 0:03:52.44",1447779267,1447779832,20686,1447779249,1447779848,18,16,565,599,34
"blast500k_test_pub_fileFULL_gr_24","IS24T-06XX278-DT","Tue 11/17/2015-17:46:27.08","Tue 11/17/2015-18:04:44.63",1447757187,1447758284,18311,1447757169,1447758316,18,32,1097,1147,50
"blast500k_test_pub_fileFULL_gr_240","IS24T-06XX262-DT","Tue 11/17/2015-18:28:12.61","Tue 11/17/2015-18:46:06.40",1447759692,1447760766,18527,1447759672,1447760794,20,28,1074,1122,48
"blast500k_test_pub_fileFULL_gr_2400","IS24T-06XX262-DT","Wed 11/18/2015- 0:02:33.16","Wed 11/18/2015- 0:21:55.80",1447779753,1447780915,20687,1447779708,1447780934,45,19,1162,1226,64
"blast500k_test_pub_fileFULL_gr_2401","IS24T-06XX266-DT","Tue 11/17/2015-23:57:32.30","Wed 11/18/2015- 0:24:54.80",1447779452,1447781094,20688,1447779426,1447781113,26,19,1642,1687,45
"blast500k_test_pub_fileFULL_gr_2402","IS24T-06XX296-DT","Tue 11/17/2015-23:54:35.81","Wed 11/18/2015- 0:09:37.09",1447779275,1447780177,20689,1447779259,1447780205,16,28,902,946,44
"blast500k_test_pub_fileFULL_gr_2403","IS24T-06XX274-DT","Tue 11/17/2015-23:56:07.06","Wed 11/18/2015- 0:14:50.10",1447779367,1447780490,20690,1447779332,1447780508,35,18,1123,1176,53
"blast500k_test_pub_fileFULL_gr_2404","IS24T-06XX299-DT","Tue 11/17/2015-23:55:45.74","Wed 11/18/2015- 0:04:01.53",1447779345,1447779841,20691,1447779357,1447779886,-12,45,496,529,33
"blast500k_test_pub_fileFULL_gr_2405","IS24T-06XX288-DT","Tue 11/17/2015-23:57:26.93","Wed 11/18/2015- 0:18:42.66",1447779446,1447780722,20692,1447779412,1447780738,34,16,1276,1326,50
"blast500k_test_pub_fileFULL_gr_2406","IS24T-06XX269-DT","Tue 11/17/2015-23:57:37.84","Wed 11/18/2015- 0:11:59.95",1447779457,1447780319,20693,1447779446,1447780351,11,32,862,905,43
"blast500k_test_pub_fileFULL_gr_2407","IS24T-06XX252-DT","Wed 11/18/2015- 0:00:44.86","Wed 11/18/2015- 0:10:41.67",1447779644,1447780241,20694,1447779620,1447780257,24,16,597,637,40
"blast500k_test_pub_fileFULL_gr_2408","IS24T-06XX294-DT","Wed 11/18/2015- 0:46:00.79","Wed 11/18/2015- 1:06:37.51",1447782360,1447783597,20695,1447782351,1447783623,9,26,1237,1272,35
"blast500k_test_pub_fileFULL_gr_2409","IS24T-06XX275-DT","Wed 11/18/2015- 0:11:29.00","Wed 11/18/2015- 0:25:36.14",1447780289,1447781136,20696,1447780289,1447781163,0,27,847,874,27
"blast500k_test_pub_fileFULL_gr_241","IS24T-06XX281-DT","Tue 11/17/2015-18:00:59.68","Tue 11/17/2015-18:17:08.49",1447758059,1447759028,18528,1447758054,1447759054,5,26,969,1000,31
"blast500k_test_pub_fileFULL_gr_2410","IS24T-06XX271-DT","Wed 11/18/2015- 0:34:02.18","Wed 11/18/2015- 0:47:12.04",1447781642,1447782432,20697,1447781618,1447782449,24,17,790,831,41
"blast500k_test_pub_fileFULL_gr_2411","IS24T-06XX278-DT","Wed 11/18/2015- 0:18:25.03","Wed 11/18/2015- 0:34:41.93",1447780705,1447781681,20698,1447780696,1447781716,9,35,976,1020,44
"blast500k_test_pub_fileFULL_gr_2412","IS24T-06XX263-DT","Wed 11/18/2015- 0:03:21.84","Wed 11/18/2015- 0:21:49.60",1447779801,1447780909,20699,1447779789,1447780925,12,16,1108,1136,28
"blast500k_test_pub_fileFULL_gr_2413","IS24T-06XX293-DT","Wed 11/18/2015- 0:22:49.86","Wed 11/18/2015- 0:36:04.64",1447780969,1447781764,20700,1447780971,1447781799,-2,35,795,828,33
"blast500k_test_pub_fileFULL_gr_2414","IS24T-06XX271-DT","Wed 11/18/2015- 0:00:23.58","Wed 11/18/2015- 0:13:29.67",1447779623,1447780409,20701,1447779601,1447780421,22,12,786,820,34
"blast500k_test_pub_fileFULL_gr_2415","IS24T-06XX269-DT","Wed 11/18/2015- 0:12:29.03","Wed 11/18/2015- 0:30:21.64",1447780349,1447781421,20702,1447780339,1447781454,10,33,1072,1115,43
"blast500k_test_pub_fileFULL_gr_2416","IS24T-06XX261-DT","Wed 11/18/2015- 0:02:16.19","Wed 11/18/2015- 0:19:43.03",1447779736,1447780783,20703,1447779724,1447780800,12,17,1047,1076,29
"blast500k_test_pub_fileFULL_gr_2417","IS24T-06XX255-DT","Wed 11/18/2015- 0:16:57.57","Wed 11/18/2015- 0:25:08.44",1447780617,1447781108,20704,1447780592,1447781126,25,18,491,534,43
"blast500k_test_pub_fileFULL_gr_2418","IS24T-06XX287-DT","Wed 11/18/2015- 0:10:28.11","Wed 11/18/2015- 0:22:12.15",1447780228,1447780932,20705,1447780232,1447780966,-4,34,704,734,30
"blast500k_test_pub_fileFULL_gr_2419","IS24T-06XX255-DT","Wed 11/18/2015- 0:25:51.91","Wed 11/18/2015- 0:41:12.01",1447781151,1447782072,20706,1447781126,1447782084,25,12,921,958,37
"blast500k_test_pub_fileFULL_gr_242","IS24T-06XX281-DT","Tue 11/17/2015-18:00:44.96","Tue 11/17/2015-18:20:34.29",1447758044,1447759234,18529,1447758042,1447759259,2,25,1190,1217,27
"blast500k_test_pub_fileFULL_gr_2420","IS24T-06XX265-DT","Wed 11/18/2015- 0:02:30.36","Wed 11/18/2015- 0:14:21.65",1447779750,1447780461,20707,1447779724,1447780467,26,6,711,743,32
"blast500k_test_pub_fileFULL_gr_2421","IS24T-06XX291-DT","Tue 11/17/2015-23:58:09.56","Wed 11/18/2015- 0:13:10.50",1447779489,1447780390,20708,1447779475,1447780419,14,29,901,944,43
"blast500k_test_pub_fileFULL_gr_2422","IS24T-06XX275-DT","Wed 11/18/2015- 0:10:11.93","Wed 11/18/2015- 0:22:46.18",1447780211,1447780966,20709,1447780200,1447780996,11,30,755,796,41
"blast500k_test_pub_fileFULL_gr_2423","IS24T-06XX254-DT","Wed 11/18/2015- 0:16:24.20","Wed 11/18/2015- 0:32:36.70",1447780584,1447781556,20710,1447780556,1447781573,28,17,972,1017,45
"blast500k_test_pub_fileFULL_gr_2424","IS24T-06XX209-DT","Tue 11/17/2015-23:58:54.86","Wed 11/18/2015- 0:18:36.08",1447779534,1447780716,20711,1447779535,1447780786,-1,70,1182,1251,69
"blast500k_test_pub_fileFULL_gr_2425","IS24T-06XX262-DT","Wed 11/18/2015- 0:02:33.16","Wed 11/18/2015- 0:35:18.40",1447779753,1447781718,20712,1447779720,1447781743,33,25,1965,2023,58
"blast500k_test_pub_fileFULL_gr_2426","IS24T-06XX264-DT","Wed 11/18/2015- 0:08:06.84","Wed 11/18/2015- 0:27:12.76",1447780086,1447781232,20713,1447780061,1447781248,25,16,1146,1187,41
"blast500k_test_pub_fileFULL_gr_2427","IS24T-06XX272-DT","Wed 11/18/2015- 0:00:23.50","Wed 11/18/2015- 0:10:36.85",1447779623,1447780236,20714,1447779605,1447780254,18,18,613,649,36
"blast500k_test_pub_fileFULL_gr_2428","IS24T-06XX297-DT","Wed 11/18/2015- 0:19:01.45","Wed 11/18/2015- 0:55:08.41",1447780741,1447782908,20715,1447780731,1447782943,10,35,2167,2212,45
"blast500k_test_pub_fileFULL_gr_2429","IS24T-06XX292-DT","Wed 11/18/2015- 0:00:01.28","Wed 11/18/2015- 0:12:05.61",1447779601,1447780325,20716,1447779645,1447780411,-44,86,724,766,42
"blast500k_test_pub_fileFULL_gr_243","IS24T-06XX252-DT","Tue 11/17/2015-18:29:10.77","Tue 11/17/2015-18:47:34.92",1447759750,1447760854,18530,1447759729,1447760872,21,18,1104,1143,39
"blast500k_test_pub_fileFULL_gr_2430","IS24T-06XX300-DT","Wed 11/18/2015- 0:11:10.47","Wed 11/18/2015- 0:30:08.37",1447780270,1447781408,20717,1447780248,1447781433,22,25,1138,1185,47
"blast500k_test_pub_fileFULL_gr_2431","IS24T-06XX264-DT","Wed 11/18/2015- 0:30:05.03","Wed 11/18/2015- 0:44:40.12",1447781405,1447782280,20718,1447781383,1447782295,22,15,875,912,37
"blast500k_test_pub_fileFULL_gr_2432","IS24T-06XX276-DT","Wed 11/18/2015- 0:25:00.10","Wed 11/18/2015- 0:43:28.87",1447781100,1447782208,20719,1447781080,1447782227,20,19,1108,1147,39
"blast500k_test_pub_fileFULL_gr_2433","IS24T-06XX279-DT","Tue 11/17/2015-23:59:54.46","Wed 11/18/2015- 0:26:04.93",1447779594,1447781164,20720,1447779598,1447781212,-4,48,1570,1614,44
"blast500k_test_pub_fileFULL_gr_2434","IS24T-06XX293-DT","Wed 11/18/2015- 0:14:09.23","Wed 11/18/2015- 0:30:27.57",1447780449,1447781427,20721,1447780441,1447781465,8,38,978,1024,46
"blast500k_test_pub_fileFULL_gr_2435","IS24T-06XX298-DT","Wed 11/18/2015- 0:02:09.07","Wed 11/18/2015- 0:13:41.80",1447779729,1447780421,20722,1447779759,1447780494,-30,73,692,735,43
"blast500k_test_pub_fileFULL_gr_2436","IS24T-06XX259-DT","Wed 11/18/2015- 0:18:39.86","Wed 11/18/2015- 0:35:58.59",1447780719,1447781758,20723,1447780698,1447781773,21,15,1039,1075,36
"blast500k_test_pub_fileFULL_gr_2437","IS24T-06XX278-DT","Wed 11/18/2015- 0:11:59.87","Wed 11/18/2015- 0:25:19.66",1447780319,1447781119,20724,1447780308,1447781151,11,32,800,843,43
"blast500k_test_pub_fileFULL_gr_2438","IS24T-06XX275-DT","Wed 11/18/2015- 0:41:53.46","Wed 11/18/2015- 0:58:42.08",1447782113,1447783122,20725,1447782114,1447783148,-1,26,1009,1034,25
"blast500k_test_pub_fileFULL_gr_2439","IS24T-06XX278-DT","Wed 11/18/2015- 0:03:54.18","Wed 11/18/2015- 0:17:59.22",1447779834,1447780679,20726,1447779824,1447780708,10,29,845,884,39
"blast500k_test_pub_fileFULL_gr_244","IS24T-06XX282-DT","Tue 11/17/2015-18:12:13.32","Tue 11/17/2015-18:27:16.05",1447758733,1447759636,18531,1447758718,1447759652,15,16,903,934,31
"blast500k_test_pub_fileFULL_gr_2440","IS24T-06XX265-DT","Wed 11/18/2015- 0:34:09.58","Wed 11/18/2015- 0:54:29.66",1447781649,1447782869,20727,1447781630,1447782887,19,18,1220,1257,37
"blast500k_test_pub_fileFULL_gr_2441","IS24T-06XX282-DT","Wed 11/18/2015- 0:18:34.63","Wed 11/18/2015- 0:34:07.25",1447780714,1447781647,20728,1447780698,1447781672,16,25,933,974,41
"blast500k_test_pub_fileFULL_gr_2442","IS24T-06XX295-DT","Wed 11/18/2015- 0:03:24.86","Wed 11/18/2015- 0:13:38.61",1447779804,1447780418,20729,1447779835,1447780473,-31,55,614,638,24
"blast500k_test_pub_fileFULL_gr_2443","IS24T-06XX268-DT","Wed 11/18/2015- 0:04:14.21","Wed 11/18/2015- 0:21:08.37",1447779854,1447780868,20730,1447779836,1447780883,18,15,1014,1047,33
"blast500k_test_pub_fileFULL_gr_2444","IS24T-06XX267-DT","Wed 11/18/2015- 1:04:24.87","Wed 11/18/2015- 1:17:28.79",1447783464,1447784248,20731,1447783450,1447784265,14,17,784,815,31
"blast500k_test_pub_fileFULL_gr_2445","IS24T-06XX285-DT","Wed 11/18/2015- 0:09:32.38","Wed 11/18/2015- 0:24:33.47",1447780172,1447781073,20732,1447780155,1447781099,17,26,901,944,43
"blast500k_test_pub_fileFULL_gr_2446","IS24T-06XX264-DT","Wed 11/18/2015- 0:14:39.11","Wed 11/18/2015- 0:41:20.70",1447780479,1447782080,20733,1447780450,1447782098,29,18,1601,1648,47
"blast500k_test_pub_fileFULL_gr_2447","IS24T-06XX292-DT","Wed 11/18/2015- 0:22:51.66","Wed 11/18/2015- 0:41:18.16",1447780971,1447782078,20734,1447781015,1447782164,-44,86,1107,1149,42
"blast500k_test_pub_fileFULL_gr_2448","IS24T-06XX254-DT","Wed 11/18/2015- 0:20:21.84","Wed 11/18/2015- 0:54:32.95",1447780821,1447782872,20735,1447780788,1447782888,33,16,2051,2100,49
"blast500k_test_pub_fileFULL_gr_2449","IS24T-06XX292-DT","Wed 11/18/2015- 0:05:29.86","Wed 11/18/2015- 0:22:24.71",1447779929,1447780944,20736,1447779972,1447781027,-43,83,1015,1055,40
"blast500k_test_pub_fileFULL_gr_245","IS24T-06XX253-DT","Tue 11/17/2015-18:01:42.02","Tue 11/17/2015-18:23:34.92",1447758102,1447759414,18532,1447758081,1447759428,21,14,1312,1347,35
"blast500k_test_pub_fileFULL_gr_2450","IS24T-06XX277-DT","Wed 11/18/2015- 0:11:26.41","Wed 11/18/2015- 0:25:34.08",1447780286,1447781134,20737,1447780260,1447781151,26,17,848,891,43
"blast500k_test_pub_fileFULL_gr_2451","IS24T-06XX259-DT","Wed 11/18/2015- 0:20:25.61","Wed 11/18/2015- 0:38:04.72",1447780825,1447781884,20738,1447780814,1447781904,11,20,1059,1090,31
"blast500k_test_pub_fileFULL_gr_2452","IS24T-06XX284-DT","Wed 11/18/2015- 0:02:23.58","Wed 11/18/2015- 0:27:07.90",1447779743,1447781227,20739,1447779753,1447781291,-10,64,1484,1538,54
"blast500k_test_pub_fileFULL_gr_2453","IS24T-06XX284-DT","Wed 11/18/2015- 0:05:43.44","Wed 11/18/2015- 0:28:30.77",1447779943,1447781310,20740,1447779948,1447781374,-5,64,1367,1426,59
"blast500k_test_pub_fileFULL_gr_2454","IS24T-06XX278-DT","Wed 11/18/2015- 0:46:32.57","Wed 11/18/2015- 1:02:16.96",1447782392,1447783336,20741,1447782380,1447783368,12,32,944,988,44
"blast500k_test_pub_fileFULL_gr_2455","IS24T-06XX256-DT","Wed 11/18/2015- 0:04:12.12","Wed 11/18/2015- 0:24:21.34",1447779852,1447781061,20742,1447779826,1447781081,26,20,1209,1255,46
"blast500k_test_pub_fileFULL_gr_2456","IS24T-06XX287-DT","Wed 11/18/2015- 0:09:01.56","Wed 11/18/2015- 0:25:02.69",1447780141,1447781102,20743,1447780137,1447781137,4,35,961,1000,39
"blast500k_test_pub_fileFULL_gr_2457","IS24T-06XX296-DT","Wed 11/18/2015- 0:33:36.11","Wed 11/18/2015- 1:00:45.34",1447781616,1447783245,20744,1447781601,1447783272,15,27,1629,1671,42
"blast500k_test_pub_fileFULL_gr_2458","IS24T-06XX268-DT","Wed 11/18/2015- 0:21:33.88","Wed 11/18/2015- 0:31:37.78",1447780893,1447781497,20745,1447780871,1447781513,22,16,604,642,38
"blast500k_test_pub_fileFULL_gr_2459","IS24T-06XX299-DT","Wed 11/18/2015- 0:06:11.54","Wed 11/18/2015- 0:18:41.29",1447779971,1447780721,20746,1447779988,1447780774,-17,53,750,786,36
"blast500k_test_pub_fileFULL_gr_246","IS24T-06XX281-DT","Tue 11/17/2015-18:32:37.38","Tue 11/17/2015-18:49:15.70",1447759957,1447760955,18533,1447759944,1447760984,13,29,998,1040,42
"blast500k_test_pub_fileFULL_gr_2460","IS24T-06XX271-DT","Wed 11/18/2015- 0:27:10.90","Wed 11/18/2015- 0:37:41.55",1447781230,1447781861,20747,1447781210,1447781876,20,15,631,666,35
"blast500k_test_pub_fileFULL_gr_2461","IS24T-06XX262-DT","Wed 11/18/2015- 0:06:12.80","Wed 11/18/2015- 0:38:25.81",1447779972,1447781905,20748,1447779949,1447781933,23,28,1933,1984,51
"blast500k_test_pub_fileFULL_gr_2462","IS24T-06XX279-DT","Wed 11/18/2015- 0:21:21.28","Wed 11/18/2015- 0:47:15.55",1447780881,1447782435,20749,1447780882,1447782480,-1,45,1554,1598,44
"blast500k_test_pub_fileFULL_gr_2463","IS24T-06XX288-DT","Wed 11/18/2015- 0:13:37.03","Wed 11/18/2015- 0:38:18.46",1447780417,1447781898,20750,1447780382,1447781913,35,15,1481,1531,50
"blast500k_test_pub_fileFULL_gr_2464","IS24T-06XX297-DT","Wed 11/18/2015- 1:14:04.57","Wed 11/18/2015- 1:36:12.88",1447784044,1447785372,20751,1447784027,1447785408,17,36,1328,1381,53
"blast500k_test_pub_fileFULL_gr_2465","IS24T-06XX283-DT","Wed 11/18/2015- 0:07:59.70","Wed 11/18/2015- 0:22:12.30",1447780079,1447780932,20752,1447780068,1447780961,11,29,853,893,40
"blast500k_test_pub_fileFULL_gr_2466","IS24T-06XX259-DT","Wed 11/18/2015- 0:07:25.71","Wed 11/18/2015- 0:18:11.62",1447780045,1447780691,20753,1447780035,1447780709,10,18,646,674,28
"blast500k_test_pub_fileFULL_gr_2467","IS24T-06XX252-DT","Wed 11/18/2015- 0:06:57.54","Wed 11/18/2015- 0:29:56.86",1447780017,1447781396,20754,1447779992,1447781416,25,20,1379,1424,45
"blast500k_test_pub_fileFULL_gr_2468","IS24T-06XX256-DT","Wed 11/18/2015- 0:27:22.69","Wed 11/18/2015- 0:44:08.92",1447781242,1447782248,20755,1447781230,1447782266,12,18,1006,1036,30
"blast500k_test_pub_fileFULL_gr_2469","IS24T-06XX260-DT","Wed 11/18/2015- 0:33:35.98","Wed 11/18/2015- 0:48:21.97",1447781615,1447782501,20756,1447781590,1447782521,25,20,886,931,45
"blast500k_test_pub_fileFULL_gr_247","IS24T-06XX265-DT","Tue 11/17/2015-18:05:17.57","Tue 11/17/2015-18:13:50.86",1447758317,1447758830,18534,1447758297,1447758845,20,15,513,548,35
"blast500k_test_pub_fileFULL_gr_2470","IS24T-06XX297-DT","Wed 11/18/2015- 0:51:05.62","Wed 11/18/2015- 1:13:23.51",1447782665,1447784003,20757,1447782642,1447784039,23,36,1338,1397,59
"blast500k_test_pub_fileFULL_gr_2471","IS24T-06XX284-DT","Wed 11/18/2015- 0:17:53.35","Wed 11/18/2015- 0:33:30.04",1447780673,1447781610,20758,1447780671,1447781673,2,63,937,1002,65
"blast500k_test_pub_fileFULL_gr_2472","IS24T-06XX281-DT","Wed 11/18/2015- 0:07:13.61","Wed 11/18/2015- 0:23:32.74",1447780033,1447781012,20759,1447780020,1447781041,13,29,979,1021,42
"blast500k_test_pub_fileFULL_gr_2473","IS24T-06XX286-DT","Wed 11/18/2015- 0:39:49.41","Wed 11/18/2015- 0:55:49.33",1447781989,1447782949,20760,1447781982,1447782978,7,29,960,996,36
"blast500k_test_pub_fileFULL_gr_2474","IS24T-06XX294-DT","Wed 11/18/2015- 0:30:48.91","Wed 11/18/2015- 0:40:42.37",1447781448,1447782042,20761,1447781414,1447782072,34,30,594,658,64
"blast500k_test_pub_fileFULL_gr_2475","IS24T-06XX271-DT","Wed 11/18/2015- 0:15:16.45","Wed 11/18/2015- 0:33:21.93",1447780516,1447781601,20762,1447780496,1447781618,20,17,1085,1122,37
"blast500k_test_pub_fileFULL_gr_2476","IS24T-06XX258-DT","Wed 11/18/2015- 0:12:29.92","Wed 11/18/2015- 0:26:32.57",1447780349,1447781192,20763,1447780326,1447781208,23,16,843,882,39
"blast500k_test_pub_fileFULL_gr_2477","IS24T-06XX298-DT","Wed 11/18/2015- 0:09:56.49","Wed 11/18/2015- 0:25:08.30",1447780196,1447781108,20764,1447780224,1447781179,-28,71,912,955,43
"blast500k_test_pub_fileFULL_gr_2478","IS24T-06XX287-DT","Wed 11/18/2015- 0:39:00.14","Wed 11/18/2015- 0:52:06.60",1447781940,1447782726,20765,1447781936,1447782758,4,32,786,822,36
"blast500k_test_pub_fileFULL_gr_2479","IS24T-06XX289-DT","Wed 11/18/2015- 0:13:53.79","Wed 11/18/2015- 0:29:30.79",1447780433,1447781370,20766,1447780411,1447781404,22,34,937,993,56
"blast500k_test_pub_fileFULL_gr_248","IS24T-06XX252-DT","Tue 11/17/2015-18:03:16.26","Tue 11/17/2015-18:14:11.55",1447758196,1447758851,18535,1447758176,1447758867,20,16,655,691,36
"blast500k_test_pub_fileFULL_gr_2480","IS24T-06XX252-DT","Wed 11/18/2015- 0:10:55.81","Wed 11/18/2015- 0:30:55.95",1447780255,1447781455,20767,1447780244,1447781475,11,20,1200,1231,31
"blast500k_test_pub_fileFULL_gr_2481","IS24T-06XX284-DT","Wed 11/18/2015- 0:16:23.50","Wed 11/18/2015- 0:38:27.51",1447780583,1447781907,20768,1447780599,1447781968,-16,61,1324,1369,45
"blast500k_test_pub_fileFULL_gr_2482","IS24T-06XX287-DT","Wed 11/18/2015- 0:25:29.10","Wed 11/18/2015- 0:40:22.55",1447781129,1447782022,20769,1447781126,1447782052,3,30,893,926,33
"blast500k_test_pub_fileFULL_gr_2483","IS24T-06XX267-DT","Wed 11/18/2015- 0:18:38.62","Wed 11/18/2015- 0:34:08.48",1447780718,1447781648,20770,1447780701,1447781666,17,18,930,965,35
"blast500k_test_pub_fileFULL_gr_2484","IS24T-06XX274-DT","Wed 11/18/2015- 0:19:58.74","Wed 11/18/2015- 0:35:54.99",1447780798,1447781754,20771,1447780782,1447781770,16,16,956,988,32
"blast500k_test_pub_fileFULL_gr_2485","IS24T-06XX292-DT","Wed 11/18/2015- 0:12:23.81","Wed 11/18/2015- 0:27:02.21",1447780343,1447781222,20772,1447780399,1447781304,-56,82,879,905,26
"blast500k_test_pub_fileFULL_gr_2486","IS24T-06XX285-DT","Wed 11/18/2015- 0:10:16.30","Wed 11/18/2015- 0:27:56.93",1447780216,1447781276,20773,1447780214,1447781301,2,25,1060,1087,27
"blast500k_test_pub_fileFULL_gr_2487","IS24T-06XX264-DT","Wed 11/18/2015- 0:12:36.24","Wed 11/18/2015- 0:29:42.73",1447780356,1447781382,20774,1447780328,1447781395,28,13,1026,1067,41
"blast500k_test_pub_fileFULL_gr_2488","IS24T-06XX273-DT","Wed 11/18/2015- 1:15:31.94","Wed 11/18/2015- 1:35:40.02",1447784131,1447785340,20775,1447784112,1447785357,19,17,1209,1245,36
"blast500k_test_pub_fileFULL_gr_2489","IS24T-06XX272-DT","Wed 11/18/2015- 0:11:25.53","Wed 11/18/2015- 0:26:02.70",1447780285,1447781162,20776,1447780272,1447781177,13,15,877,905,28
"blast500k_test_pub_fileFULL_gr_249","IS24T-06XX259-DT","Tue 11/17/2015-18:09:04.07","Tue 11/17/2015-18:19:42.67",1447758544,1447759182,18536,1447758525,1447759196,19,14,638,671,33
"blast500k_test_pub_fileFULL_gr_2490","IS24T-06XX209-DT","Wed 11/18/2015- 0:10:42.26","Wed 11/18/2015- 0:36:45.47",1447780242,1447781805,20777,1447780260,1447781875,-18,70,1563,1615,52
"blast500k_test_pub_fileFULL_gr_2491","IS24T-06XX272-DT","Wed 11/18/2015- 0:26:30.33","Wed 11/18/2015- 0:40:32.05",1447781190,1447782032,20778,1447781166,1447782050,24,18,842,884,42
"blast500k_test_pub_fileFULL_gr_2492","IS24T-06XX209-DT","Wed 11/18/2015- 0:16:08.05","Wed 11/18/2015- 0:39:16.99",1447780568,1447781956,20779,1447780585,1447782024,-17,68,1388,1439,51
"blast500k_test_pub_fileFULL_gr_2493","IS24T-06XX256-DT","Wed 11/18/2015- 0:10:51.53","Wed 11/18/2015- 0:27:03.76",1447780251,1447781223,20780,1447780226,1447781242,25,19,972,1016,44
"blast500k_test_pub_fileFULL_gr_2494","IS24T-06XX276-DT","Wed 11/18/2015- 0:22:17.78","Wed 11/18/2015- 0:39:30.38",1447780937,1447781970,20781,1447780914,1447781986,23,16,1033,1072,39
"blast500k_test_pub_fileFULL_gr_2495","IS24T-06XX300-DT","Wed 11/18/2015- 0:11:09.97","Wed 11/18/2015- 0:33:04.86",1447780269,1447781584,20782,1447780236,1447781610,33,26,1315,1374,59
"blast500k_test_pub_fileFULL_gr_2496","IS24T-06XX289-DT","Wed 11/18/2015- 0:13:53.77","Wed 11/18/2015- 0:37:44.55",1447780433,1447781864,20783,1447780423,1447781893,10,29,1431,1470,39
"blast500k_test_pub_fileFULL_gr_2497","IS24T-06XX271-DT","Wed 11/18/2015- 0:13:50.91","Wed 11/18/2015- 0:26:33.82",1447780430,1447781193,20784,1447780409,1447781209,21,16,763,800,37
"blast500k_test_pub_fileFULL_gr_2498","IS24T-06XX252-DT","Wed 11/18/2015- 0:30:58.37","Wed 11/18/2015- 0:51:29.54",1447781458,1447782689,20785,1447781404,1447782706,54,17,1231,1302,71
"blast500k_test_pub_fileFULL_gr_2499","IS24T-06XX273-DT","Wed 11/18/2015- 0:16:51.52","Wed 11/18/2015- 0:27:35.06",1447780611,1447781255,20786,1447780590,1447781269,21,14,644,679,35
"blast500k_test_pub_fileFULL_gr_25","IS24T-06XX254-DT","Tue 11/17/2015-18:01:32.57","Tue 11/17/2015-18:28:01.41",1447758092,1447759681,18312,1447758056,1447759700,36,19,1589,1644,55
"blast500k_test_pub_fileFULL_gr_250","IS24T-06XX300-DT","Tue 11/17/2015-18:07:17.11","Tue 11/17/2015-18:15:55.59",1447758437,1447758955,18537,1447758421,1447758979,16,24,518,558,40
"blast500k_test_pub_fileFULL_gr_2500","IS24T-06XX287-DT","Wed 11/18/2015- 0:22:40.88","Wed 11/18/2015- 0:38:39.41",1447780960,1447781919,20787,1447780954,1447781947,6,28,959,993,34
"blast500k_test_pub_fileFULL_gr_2501","IS24T-06XX297-DT","Wed 11/18/2015- 0:11:36.39","Wed 11/18/2015- 0:30:32.43",1447780296,1447781432,20788,1447780286,1447781466,10,34,1136,1180,44
"blast500k_test_pub_fileFULL_gr_2502","IS24T-06XX294-DT","Wed 11/18/2015- 0:14:36.53","Wed 11/18/2015- 0:29:47.21",1447780476,1447781387,20789,1447780452,1447781414,24,27,911,962,51
"blast500k_test_pub_fileFULL_gr_2503","IS24T-06XX260-DT","Wed 11/18/2015- 0:17:26.91","Wed 11/18/2015- 0:32:59.66",1447780646,1447781579,20790,1447780622,1447781590,24,11,933,968,35
"blast500k_test_pub_fileFULL_gr_2504","IS24T-06XX283-DT","Wed 11/18/2015- 0:22:54.67","Wed 11/18/2015- 0:37:23.68",1447780974,1447781843,20791,1447780961,1447781872,13,29,869,911,42
"blast500k_test_pub_fileFULL_gr_2505","IS24T-06XX261-DT","Wed 11/18/2015- 0:16:22.67","Wed 11/18/2015- 0:33:29.19",1447780582,1447781609,20792,1447780557,1447781625,25,16,1027,1068,41
"blast500k_test_pub_fileFULL_gr_2506","IS24T-06XX209-DT","Wed 11/18/2015- 0:19:14.59","Wed 11/18/2015- 0:39:21.87",1447780754,1447781961,20793,1447780775,1447782024,-21,63,1207,1249,42
"blast500k_test_pub_fileFULL_gr_2507","IS24T-06XX294-DT","Wed 11/18/2015- 0:14:36.55","Wed 11/18/2015- 0:32:19.09",1447780476,1447781539,20794,1447780465,1447781566,11,27,1063,1101,38
"blast500k_test_pub_fileFULL_gr_2508","IS24T-06XX258-DT","Wed 11/18/2015- 0:49:45.77","Wed 11/18/2015- 1:04:46.14",1447782585,1447783486,20795,1447782573,1447783502,12,16,901,929,28
"blast500k_test_pub_fileFULL_gr_2509","IS24T-06XX259-DT","Wed 11/18/2015- 0:36:25.72","Wed 11/18/2015- 0:48:38.08",1447781785,1447782518,20796,1447781761,1447782534,24,16,733,773,40
"blast500k_test_pub_fileFULL_gr_251","IS24T-06XX297-DT","Tue 11/17/2015-18:11:08.60","Tue 11/17/2015-18:30:02.95",1447758668,1447759802,18538,1447758658,1447759839,10,37,1134,1181,47
"blast500k_test_pub_fileFULL_gr_2510","IS24T-06XX265-DT","Wed 11/18/2015- 0:26:22.98","Wed 11/18/2015- 0:45:46.55",1447781182,1447782346,20797,1447781158,1447782359,24,13,1164,1201,37
"blast500k_test_pub_fileFULL_gr_2511","IS24T-06XX265-DT","Wed 11/18/2015- 0:14:15.28","Wed 11/18/2015- 0:25:54.52",1447780455,1447781154,20798,1447780431,1447781170,24,16,699,739,40
"blast500k_test_pub_fileFULL_gr_2512","IS24T-06XX280-DT","Wed 11/18/2015- 0:22:08.78","Wed 11/18/2015- 0:36:39.51",1447780928,1447781799,20799,1447781069,1447781983,-141,184,871,914,43
"blast500k_test_pub_fileFULL_gr_2513","IS24T-06XX279-DT","Wed 11/18/2015- 0:41:22.10","Wed 11/18/2015- 0:57:50.45",1447782082,1447783070,20800,1447782086,1447783113,-4,43,988,1027,39
"blast500k_test_pub_fileFULL_gr_2514","IS24T-06XX268-DT","Wed 11/18/2015- 0:33:05.42","Wed 11/18/2015- 0:46:48.20",1447781585,1447782408,20801,1447781524,1447782423,61,15,823,899,76
"blast500k_test_pub_fileFULL_gr_2515","IS24T-06XX299-DT","Wed 11/18/2015- 0:32:08.47","Wed 11/18/2015- 0:52:59.14",1447781528,1447782779,20802,1447781485,1447782832,43,53,1251,1347,96
"blast500k_test_pub_fileFULL_gr_2516","IS24T-06XX297-DT","Wed 11/18/2015- 0:58:32.22","Wed 11/18/2015- 1:17:35.98",1447783112,1447784255,20803,1447783093,1447784290,19,35,1143,1197,54
"blast500k_test_pub_fileFULL_gr_2517","IS24T-06XX296-DT","Wed 11/18/2015- 0:48:48.88","Wed 11/18/2015- 1:07:54.32",1447782528,1447783674,20804,1447782512,1447783700,16,26,1146,1188,42
"blast500k_test_pub_fileFULL_gr_2518","IS24T-06XX277-DT","Wed 11/18/2015- 0:21:18.15","Wed 11/18/2015- 0:32:28.93",1447780878,1447781548,20805,1447780854,1447781567,24,19,670,713,43
"blast500k_test_pub_fileFULL_gr_2519","IS24T-06XX291-DT","Wed 11/18/2015- 0:41:48.03","Wed 11/18/2015- 0:55:03.24",1447782108,1447782903,20806,1447782096,1447782927,12,24,795,831,36
"blast500k_test_pub_fileFULL_gr_252","IS24T-06XX274-DT","Tue 11/17/2015-18:14:16.19","Tue 11/17/2015-18:28:37.49",1447758856,1447759717,18539,1447758825,1447759736,31,19,861,911,50
"blast500k_test_pub_fileFULL_gr_2520","IS24T-06XX273-DT","Wed 11/18/2015- 0:43:19.70","Wed 11/18/2015- 0:55:49.58",1447782199,1447782949,20807,1447782187,1447782967,12,18,750,780,30
"blast500k_test_pub_fileFULL_gr_2521","IS24T-06XX284-DT","Wed 11/18/2015- 0:29:25.03","Wed 11/18/2015- 0:48:51.30",1447781365,1447782531,20808,1447781362,1447782592,3,61,1166,1230,64
"blast500k_test_pub_fileFULL_gr_2522","IS24T-06XX265-DT","Wed 11/18/2015- 0:14:51.19","Wed 11/18/2015- 0:33:44.03",1447780491,1447781624,20809,1447780467,1447781642,24,18,1133,1175,42
"blast500k_test_pub_fileFULL_gr_2523","IS24T-06XX281-DT","Wed 11/18/2015- 0:48:51.59","Wed 11/18/2015- 1:05:12.64",1447782531,1447783512,20810,1447782528,1447783535,3,23,981,1007,26
"blast500k_test_pub_fileFULL_gr_2524","IS24T-06XX266-DT","Wed 11/18/2015- 0:25:33.83","Wed 11/18/2015- 0:41:54.66",1447781133,1447782114,20811,1447781102,1447782134,31,20,981,1032,51
"blast500k_test_pub_fileFULL_gr_2525","IS24T-06XX289-DT","Wed 11/18/2015- 0:38:08.24","Wed 11/18/2015- 1:02:18.97",1447781888,1447783338,20812,1447781882,1447783368,6,30,1450,1486,36
"blast500k_test_pub_fileFULL_gr_2526","IS24T-06XX257-DT","Wed 11/18/2015- 0:55:04.71","Wed 11/18/2015- 1:15:16.18",1447782904,1447784116,20813,1447782882,1447784130,22,14,1212,1248,36
"blast500k_test_pub_fileFULL_gr_2527","IS24T-06XX275-DT","Wed 11/18/2015- 0:26:03.77","Wed 11/18/2015- 0:39:31.76",1447781163,1447781971,20814,1447781151,1447781999,12,28,808,848,40
"blast500k_test_pub_fileFULL_gr_2528","IS24T-06XX281-DT","Wed 11/18/2015- 0:14:47.96","Wed 11/18/2015- 0:34:06.34",1447780487,1447781646,20815,1447780473,1447781671,14,25,1159,1198,39
"blast500k_test_pub_fileFULL_gr_2529","IS24T-06XX299-DT","Wed 11/18/2015- 0:19:09.23","Wed 11/18/2015- 0:39:24.77",1447780749,1447781964,20816,1447780763,1447782020,-14,56,1215,1257,42
"blast500k_test_pub_fileFULL_gr_253","IS24T-06XX297-DT","Tue 11/17/2015-18:06:25.73","Tue 11/17/2015-18:35:07.18",1447758385,1447760107,18540,1447758369,1447760142,16,35,1722,1773,51
"blast500k_test_pub_fileFULL_gr_2530","IS24T-06XX287-DT","Wed 11/18/2015- 1:08:45.22","Wed 11/18/2015- 1:25:22.70",1447783725,1447784722,20817,1447783724,1447784754,1,32,997,1030,33
"blast500k_test_pub_fileFULL_gr_2531","IS24T-06XX267-DT","Wed 11/18/2015- 0:17:07.13","Wed 11/18/2015- 0:27:35.27",1447780627,1447781255,20818,1447780601,1447781270,26,15,628,669,41
"blast500k_test_pub_fileFULL_gr_2532","IS24T-06XX289-DT","Wed 11/18/2015- 0:30:00.56","Wed 11/18/2015- 0:46:02.01",1447781400,1447782362,20819,1447781392,1447782396,8,34,962,1004,42
"blast500k_test_pub_fileFULL_gr_2533","IS24T-06XX280-DT","Wed 11/18/2015- 0:14:20.09","Wed 11/18/2015- 0:30:37.27",1447780460,1447781437,20820,1447780603,1447781620,-143,183,977,1017,40
"blast500k_test_pub_fileFULL_gr_2534","IS24T-06XX262-DT","Wed 11/18/2015- 0:22:30.28","Wed 11/18/2015- 0:48:03.23",1447780950,1447782483,20821,1447780910,1447782507,40,24,1533,1597,64
"blast500k_test_pub_fileFULL_gr_2535","IS24T-06XX258-DT","Wed 11/18/2015- 1:05:16.65","Wed 11/18/2015- 1:21:24.05",1447783516,1447784484,20822,1447783490,1447784501,26,17,968,1011,43
"blast500k_test_pub_fileFULL_gr_2536","IS24T-06XX256-DT","Wed 11/18/2015- 2:03:11.21","Wed 11/18/2015- 2:17:46.60",1447786991,1447787866,20823,1447786961,1447787886,30,20,875,925,50
"blast500k_test_pub_fileFULL_gr_2537","IS24T-06XX264-DT","Wed 11/18/2015- 0:27:46.25","Wed 11/18/2015- 0:53:50.46",1447781266,1447782830,20824,1447781236,1447782845,30,15,1564,1609,45
"blast500k_test_pub_fileFULL_gr_2538","IS24T-06XX300-DT","Wed 11/18/2015- 0:31:16.73","Wed 11/18/2015- 0:49:34.63",1447781476,1447782574,20825,1447781421,1447782602,55,28,1098,1181,83
"blast500k_test_pub_fileFULL_gr_2539","IS24T-06XX261-DT","Wed 11/18/2015- 0:50:23.35","Wed 11/18/2015- 1:11:02.14",1447782623,1447783862,20826,1447782598,1447783881,25,19,1239,1283,44
"blast500k_test_pub_fileFULL_gr_254","IS24T-06XX292-DT","Tue 11/17/2015-18:17:12.29","Tue 11/17/2015-18:34:42.84",1447759032,1447760082,18541,1447759056,1447760165,-24,83,1050,1109,59
"blast500k_test_pub_fileFULL_gr_2540","IS24T-06XX291-DT","Wed 11/18/2015- 0:24:16.70","Wed 11/18/2015- 0:41:08.34",1447781056,1447782068,20827,1447781041,1447782096,15,28,1012,1055,43
"blast500k_test_pub_fileFULL_gr_2541","IS24T-06XX295-DT","Wed 11/18/2015- 0:17:51.39","Wed 11/18/2015- 0:33:12.97",1447780671,1447781592,20828,1447780702,1447781654,-31,62,921,952,31
"blast500k_test_pub_fileFULL_gr_2542","IS24T-06XX266-DT","Wed 11/18/2015- 0:17:45.77","Wed 11/18/2015- 0:38:06.15",1447780665,1447781886,20829,1447780635,1447781902,30,16,1221,1267,46
"blast500k_test_pub_fileFULL_gr_2543","IS24T-06XX255-DT","Wed 11/18/2015- 1:41:21.81","Wed 11/18/2015- 1:57:23.43",1447785681,1447786643,20830,1447785666,1447786661,15,18,962,995,33
"blast500k_test_pub_fileFULL_gr_2544","IS24T-06XX258-DT","Wed 11/18/2015- 0:34:36.09","Wed 11/18/2015- 0:49:31.32",1447781676,1447782571,20831,1447781652,1447782586,24,15,895,934,39
"blast500k_test_pub_fileFULL_gr_2545","IS24T-06XX300-DT","Wed 11/18/2015- 0:34:00.30","Wed 11/18/2015- 0:40:29.85",1447781640,1447782029,20832,1447781599,1447782057,41,28,389,458,69
"blast500k_test_pub_fileFULL_gr_2546","IS24T-06XX288-DT","Wed 11/18/2015- 0:19:22.73","Wed 11/18/2015- 0:48:06.26",1447780762,1447782486,20833,1447780726,1447782498,36,12,1724,1772,48
"blast500k_test_pub_fileFULL_gr_2547","IS24T-06XX294-DT","Wed 11/18/2015- 1:06:05.02","Wed 11/18/2015- 1:24:43.54",1447783565,1447784683,20834,1447783556,1447784710,9,27,1118,1154,36
"blast500k_test_pub_fileFULL_gr_2548","IS24T-06XX261-DT","Wed 11/18/2015- 0:33:58.31","Wed 11/18/2015- 0:49:53.91",1447781638,1447782593,20835,1447781614,1447782610,24,17,955,996,41
"blast500k_test_pub_fileFULL_gr_2549","IS24T-06XX262-DT","Wed 11/18/2015- 0:22:30.31","Wed 11/18/2015- 0:37:15.81",1447780950,1447781835,20836,1447780934,1447781861,16,26,885,927,42
"blast500k_test_pub_fileFULL_gr_255","IS24T-06XX278-DT","Tue 11/17/2015-18:44:50.02","Tue 11/17/2015-18:59:53.28",1447760690,1447761593,18542,1447760678,1447761625,12,32,903,947,44
"blast500k_test_pub_fileFULL_gr_2550","IS24T-06XX261-DT","Wed 11/18/2015- 0:20:11.63","Wed 11/18/2015- 0:37:33.09",1447780811,1447781853,20837,1447780800,1447781872,11,19,1042,1072,30
"blast500k_test_pub_fileFULL_gr_2551","IS24T-06XX253-DT","Wed 11/18/2015- 0:26:55.85","Wed 11/18/2015- 0:42:56.03",1447781215,1447782176,20838,1447781189,1447782193,26,17,961,1004,43
"blast500k_test_pub_fileFULL_gr_2552","IS24T-06XX258-DT","Wed 11/18/2015- 0:22:38.38","Wed 11/18/2015- 0:33:59.18",1447780958,1447781639,20839,1447780935,1447781652,23,13,681,717,36
"blast500k_test_pub_fileFULL_gr_2553","IS24T-06XX291-DT","Wed 11/18/2015- 1:01:33.80","Wed 11/18/2015- 1:17:13.03",1447783293,1447784233,20840,1447783291,1447784257,2,24,940,966,26
"blast500k_test_pub_fileFULL_gr_2554","IS24T-06XX262-DT","Wed 11/18/2015- 1:19:17.10","Wed 11/18/2015- 1:33:50.67",1447784357,1447785230,20841,1447784331,1447785257,26,27,873,926,53
"blast500k_test_pub_fileFULL_gr_2555","IS24T-06XX209-DT","Wed 11/18/2015- 0:24:36.45","Wed 11/18/2015- 0:51:13.28",1447781076,1447782673,20842,1447781080,1447782745,-4,72,1597,1665,68
"blast500k_test_pub_fileFULL_gr_2556","IS24T-06XX284-DT","Wed 11/18/2015- 0:34:13.44","Wed 11/18/2015- 1:03:24.33",1447781653,1447783404,20843,1447781661,1447783465,-8,61,1751,1804,53
"blast500k_test_pub_fileFULL_gr_2557","IS24T-06XX266-DT","Wed 11/18/2015- 0:38:38.70","Wed 11/18/2015- 0:57:19.02",1447781918,1447783039,20844,1447781890,1447783052,28,13,1121,1162,41
"blast500k_test_pub_fileFULL_gr_2558","IS24T-06XX281-DT","Wed 11/18/2015- 1:04:12.11","Wed 11/18/2015- 1:21:46.34",1447783452,1447784506,20845,1447783438,1447784533,14,27,1054,1095,41
"blast500k_test_pub_fileFULL_gr_2559","IS24T-06XX288-DT","Wed 11/18/2015- 0:38:55.13","Wed 11/18/2015- 0:49:54.48",1447781935,1447782594,20846,1447781901,1447782601,34,7,659,700,41
"blast500k_test_pub_fileFULL_gr_256","IS24T-06XX262-DT","Tue 11/17/2015-18:04:28.90","Tue 11/17/2015-18:27:37.30",1447758268,1447759657,18543,1447758230,1447759683,38,26,1389,1453,64
"blast500k_test_pub_fileFULL_gr_2560","IS24T-06XX254-DT","Wed 11/18/2015- 1:05:36.41","Wed 11/18/2015- 1:27:08.53",1447783536,1447784828,20847,1447783504,1447784842,32,14,1292,1338,46
"blast500k_test_pub_fileFULL_gr_2561","IS24T-06XX278-DT","Wed 11/18/2015- 0:25:53.00","Wed 11/18/2015- 0:40:48.27",1447781153,1447782048,20848,1447781139,1447782081,14,33,895,942,47
"blast500k_test_pub_fileFULL_gr_2562","IS24T-06XX281-DT","Wed 11/18/2015- 0:36:40.01","Wed 11/18/2015- 0:48:30.04",1447781800,1447782510,20849,1447781796,1447782541,4,31,710,745,35
"blast500k_test_pub_fileFULL_gr_2563","IS24T-06XX276-DT","Wed 11/18/2015- 0:39:57.48","Wed 11/18/2015- 0:49:08.47",1447781997,1447782548,20850,1447781974,1447782563,23,15,551,589,38
"blast500k_test_pub_fileFULL_gr_2564","IS24T-06XX267-DT","Wed 11/18/2015- 1:17:57.34","Wed 11/18/2015- 1:36:29.70",1447784277,1447785389,20851,1447784253,1447785404,24,15,1112,1151,39
"blast500k_test_pub_fileFULL_gr_2565","IS24T-06XX267-DT","Wed 11/18/2015- 0:34:40.94","Wed 11/18/2015- 0:45:55.80",1447781680,1447782355,20852,1447781654,1447782373,26,18,675,719,44
"blast500k_test_pub_fileFULL_gr_2566","IS24T-06XX282-DT","Wed 11/18/2015- 0:26:04.02","Wed 11/18/2015- 0:44:15.83",1447781164,1447782255,20853,1447781136,1447782280,28,25,1091,1144,53
"blast500k_test_pub_fileFULL_gr_2567","IS24T-06XX256-DT","Wed 11/18/2015- 0:24:55.05","Wed 11/18/2015- 0:41:34.35",1447781095,1447782094,20854,1447781069,1447782114,26,20,999,1045,46
"blast500k_test_pub_fileFULL_gr_2568","IS24T-06XX285-DT","Wed 11/18/2015- 0:28:12.58","Wed 11/18/2015- 0:51:59.30",1447781292,1447782719,20855,1447781289,1447782747,3,28,1427,1458,31
"blast500k_test_pub_fileFULL_gr_2569","IS24T-06XX262-DT","Wed 11/18/2015- 0:37:53.28","Wed 11/18/2015- 0:59:12.41",1447781873,1447783152,20856,1447781850,1447783177,23,25,1279,1327,48
"blast500k_test_pub_fileFULL_gr_257","IS24T-06XX279-DT","Tue 11/17/2015-18:07:25.72","Tue 11/17/2015-18:19:51.58",1447758445,1447759191,18544,1447758451,1447759235,-6,44,746,784,38
"blast500k_test_pub_fileFULL_gr_2570","IS24T-06XX297-DT","Wed 11/18/2015- 0:30:45.14","Wed 11/18/2015- 0:50:17.19",1447781445,1447782617,20857,1447781436,1447782654,9,37,1172,1218,46
"blast500k_test_pub_fileFULL_gr_2571","IS24T-06XX284-DT","Wed 11/18/2015- 0:39:04.64","Wed 11/18/2015- 1:06:59.40",1447781944,1447783619,20858,1447781956,1447783683,-12,64,1675,1727,52
"blast500k_test_pub_fileFULL_gr_2572","IS24T-06XX254-DT","Wed 11/18/2015- 0:33:16.36","Wed 11/18/2015- 0:51:40.19",1447781596,1447782700,20859,1447781562,1447782715,34,15,1104,1153,49
"blast500k_test_pub_fileFULL_gr_2573","IS24T-06XX293-DT","Wed 11/18/2015- 0:36:33.54","Wed 11/18/2015- 0:55:59.10",1447781793,1447782959,20860,1447781787,1447782995,6,36,1166,1208,42
"blast500k_test_pub_fileFULL_gr_2574","IS24T-06XX295-DT","Wed 11/18/2015- 0:32:26.98","Wed 11/18/2015- 0:49:42.89",1447781546,1447782582,20861,1447781532,1447782641,14,59,1036,1109,73
"blast500k_test_pub_fileFULL_gr_2575","IS24T-06XX286-DT","Wed 11/18/2015- 0:25:24.94","Wed 11/18/2015- 0:41:27.67",1447781124,1447782087,20862,1447781115,1447782121,9,34,963,1006,43
"blast500k_test_pub_fileFULL_gr_2576","IS24T-06XX292-DT","Wed 11/18/2015- 0:27:40.53","Wed 11/18/2015- 0:42:31.53",1447781260,1447782151,20863,1447781304,1447782233,-44,82,891,929,38
"blast500k_test_pub_fileFULL_gr_2577","IS24T-06XX295-DT","Wed 11/18/2015- 0:50:10.87","Wed 11/18/2015- 1:04:17.37",1447782610,1447783457,20864,1447782630,1447783519,-20,62,847,889,42
"blast500k_test_pub_fileFULL_gr_2578","IS24T-06XX298-DT","Wed 11/18/2015- 0:28:09.61","Wed 11/18/2015- 0:41:09.71",1447781289,1447782069,20865,1447781332,1447782140,-43,71,780,808,28
"blast500k_test_pub_fileFULL_gr_2579","IS24T-06XX273-DT","Wed 11/18/2015- 2:47:05.43","Wed 11/18/2015- 3:07:03.11",1447789625,1447790823,20866,1447789603,1447790842,22,19,1198,1239,41
"blast500k_test_pub_fileFULL_gr_258","IS24T-06XX289-DT","Tue 11/17/2015-18:51:44.74","Tue 11/17/2015-19:09:02.51",1447761104,1447762142,18545,1447761107,1447762175,-3,33,1038,1068,30
"blast500k_test_pub_fileFULL_gr_2580","IS24T-06XX276-DT","Wed 11/18/2015- 1:17:43.26","Wed 11/18/2015- 1:33:09.40",1447784263,1447785189,20867,1447784240,1447785201,23,12,926,961,35
"blast500k_test_pub_fileFULL_gr_2581","IS24T-06XX282-DT","Wed 11/18/2015- 0:34:34.85","Wed 11/18/2015- 0:45:11.69",1447781674,1447782311,20868,1447781660,1447782339,14,28,637,679,42
"blast500k_test_pub_fileFULL_gr_2582","IS24T-06XX280-DT","Wed 11/18/2015- 0:31:25.51","Wed 11/18/2015- 0:49:40.40",1447781485,1447782580,20869,1447781607,1447782763,-122,183,1095,1156,61
"blast500k_test_pub_fileFULL_gr_2583","IS24T-06XX294-DT","Wed 11/18/2015- 1:48:58.36","Wed 11/18/2015- 2:03:34.96",1447786138,1447787014,20870,1447786137,1447787032,1,18,876,895,19
"blast500k_test_pub_fileFULL_gr_2584","IS24T-06XX277-DT","Wed 11/18/2015- 0:33:46.50","Wed 11/18/2015- 0:50:24.44",1447781626,1447782624,20871,1447781555,1447782642,71,18,998,1087,89
"blast500k_test_pub_fileFULL_gr_2585","IS24T-06XX292-DT","Wed 11/18/2015- 0:41:51.10","Wed 11/18/2015- 0:52:04.90",1447782111,1447782724,20872,1447782152,1447782810,-41,86,613,658,45
"blast500k_test_pub_fileFULL_gr_2586","IS24T-06XX297-DT","Wed 11/18/2015- 0:51:06.49","Wed 11/18/2015- 1:18:57.71",1447782666,1447784337,20873,1447782629,1447784373,37,36,1671,1744,73
"blast500k_test_pub_fileFULL_gr_2587","IS24T-06XX283-DT","Wed 11/18/2015- 0:38:04.86","Wed 11/18/2015- 0:48:56.13",1447781884,1447782536,20874,1447781872,1447782560,12,24,652,688,36
"blast500k_test_pub_fileFULL_gr_2588","IS24T-06XX273-DT","Wed 11/18/2015- 0:27:56.81","Wed 11/18/2015- 0:43:03.80",1447781276,1447782183,20875,1447781257,1447782199,19,16,907,942,35
"blast500k_test_pub_fileFULL_gr_2589","IS24T-06XX278-DT","Wed 11/18/2015- 0:41:07.32","Wed 11/18/2015- 0:54:48.46",1447782067,1447782888,20876,1447782067,1447782921,0,33,821,854,33
"blast500k_test_pub_fileFULL_gr_259","IS24T-06XX258-DT","Tue 11/17/2015-18:18:37.06","Tue 11/17/2015-18:29:43.11",1447759117,1447759783,18546,1447759094,1447759798,23,15,666,704,38
"blast500k_test_pub_fileFULL_gr_2590","IS24T-06XX274-DT","Wed 11/18/2015- 0:36:38.73","Wed 11/18/2015- 0:56:13.26",1447781798,1447782973,20877,1447781770,1447782988,28,15,1175,1218,43
"blast500k_test_pub_fileFULL_gr_2591","IS24T-06XX295-DT","Wed 11/18/2015- 0:33:42.19","Wed 11/18/2015- 0:51:51.02",1447781622,1447782711,20878,1447781642,1447782772,-20,61,1089,1130,41
"blast500k_test_pub_fileFULL_gr_2592","IS24T-06XX293-DT","Wed 11/18/2015- 0:32:05.43","Wed 11/18/2015- 0:52:19.95",1447781525,1447782739,20879,1447781454,1447782778,71,39,1214,1324,110
"blast500k_test_pub_fileFULL_gr_2593","IS24T-06XX264-DT","Wed 11/18/2015- 0:41:55.63","Wed 11/18/2015- 1:08:26.16",1447782115,1447783706,20880,1447782086,1447783720,29,14,1591,1634,43
"blast500k_test_pub_fileFULL_gr_2594","IS24T-06XX299-DT","Wed 11/18/2015- 0:39:55.75","Wed 11/18/2015- 1:01:03.07",1447781995,1447783263,20881,1447782008,1447783308,-13,45,1268,1300,32
"blast500k_test_pub_fileFULL_gr_2595","IS24T-06XX294-DT","Wed 11/18/2015- 0:41:11.13","Wed 11/18/2015- 0:54:14.37",1447782071,1447782854,20882,1447782059,1447782872,12,18,783,813,30
"blast500k_test_pub_fileFULL_gr_2596","IS24T-06XX298-DT","Wed 11/18/2015- 0:25:52.35","Wed 11/18/2015- 0:42:27.51",1447781152,1447782147,20883,1447781179,1447782216,-27,69,995,1037,42
"blast500k_test_pub_fileFULL_gr_2597","IS24T-06XX297-DT","Wed 11/18/2015- 0:27:56.03","Wed 11/18/2015- 0:57:52.44",1447781276,1447783072,20884,1447781264,1447783106,12,34,1796,1842,46
"blast500k_test_pub_fileFULL_gr_2598","IS24T-06XX260-DT","Wed 11/18/2015- 0:42:32.71","Wed 11/18/2015- 0:55:44.72",1447782152,1447782944,20885,1447782127,1447782962,25,18,792,835,43
"blast500k_test_pub_fileFULL_gr_2599","IS24T-06XX284-DT","Wed 11/18/2015- 0:27:47.99","Wed 11/18/2015- 0:52:35.85",1447781267,1447782755,20886,1447781280,1447782816,-13,61,1488,1536,48
"blast500k_test_pub_fileFULL_gr_26","IS24T-06XX253-DT","Tue 11/17/2015-17:42:22.45","Tue 11/17/2015-18:00:38.15",1447756942,1447758038,18313,1447756908,1447758054,34,16,1096,1146,50
"blast500k_test_pub_fileFULL_gr_260","IS24T-06XX296-DT","Tue 11/17/2015-18:22:35.18","Tue 11/17/2015-18:42:46.24",1447759355,1447760566,18547,1447759343,1447760584,12,18,1211,1241,30
"blast500k_test_pub_fileFULL_gr_2600","IS24T-06XX272-DT","Wed 11/18/2015- 0:27:04.06","Wed 11/18/2015- 0:40:42.17",1447781224,1447782042,20887,1447781211,1447782050,13,8,818,839,21
"blast500k_test_pub_fileFULL_gr_2601","IS24T-06XX254-DT","Wed 11/18/2015- 0:34:31.52","Wed 11/18/2015- 0:55:59.06",1447781671,1447782959,20888,1447781644,1447782975,27,16,1288,1331,43
"blast500k_test_pub_fileFULL_gr_2602","IS24T-06XX256-DT","Wed 11/18/2015- 0:44:25.17","Wed 11/18/2015- 1:00:54.60",1447782265,1447783254,20889,1447782253,1447783273,12,19,989,1020,31
"blast500k_test_pub_fileFULL_gr_2603","IS24T-06XX298-DT","Wed 11/18/2015- 0:41:37.60","Wed 11/18/2015- 0:52:14.44",1447782097,1447782734,20890,1447782128,1447782804,-31,70,637,676,39
"blast500k_test_pub_fileFULL_gr_2604","IS24T-06XX276-DT","Wed 11/18/2015- 0:43:50.20","Wed 11/18/2015- 1:00:55.54",1447782230,1447783255,20891,1447782215,1447783273,15,18,1025,1058,33
"blast500k_test_pub_fileFULL_gr_2605","IS24T-06XX288-DT","Wed 11/18/2015- 0:32:54.42","Wed 11/18/2015- 0:56:27.45",1447781574,1447782987,20892,1447781524,1447782997,50,10,1413,1473,60
"blast500k_test_pub_fileFULL_gr_2606","IS24T-06XX255-DT","Wed 11/18/2015- 0:30:03.99","Wed 11/18/2015- 0:46:53.44",1447781403,1447782413,20893,1447781379,1447782431,24,18,1010,1052,42
"blast500k_test_pub_fileFULL_gr_2607","IS24T-06XX291-DT","Wed 11/18/2015- 0:33:05.63","Wed 11/18/2015- 0:43:09.45",1447781585,1447782189,20894,1447781519,1447782216,66,27,604,697,93
"blast500k_test_pub_fileFULL_gr_2608","IS24T-06XX273-DT","Wed 11/18/2015- 0:56:15.61","Wed 11/18/2015- 1:15:09.13",1447782975,1447784109,20895,1447782955,1447784123,20,14,1134,1168,34
"blast500k_test_pub_fileFULL_gr_2609","IS24T-06XX257-DT","Wed 11/18/2015- 0:53:32.09","Wed 11/18/2015- 1:07:46.34",1447782812,1447783666,20896,1447782785,1447783682,27,16,854,897,43
"blast500k_test_pub_fileFULL_gr_261","IS24T-06XX276-DT","Tue 11/17/2015-18:18:18.19","Tue 11/17/2015-18:30:42.65",1447759098,1447759842,18548,1447759077,1447759861,21,19,744,784,40
"blast500k_test_pub_fileFULL_gr_2610","IS24T-06XX258-DT","Wed 11/18/2015- 0:56:28.26","Wed 11/18/2015- 1:16:57.87",1447782988,1447784217,20897,1447782964,1447784234,24,17,1229,1270,41
"blast500k_test_pub_fileFULL_gr_2611","IS24T-06XX267-DT","Wed 11/18/2015- 0:46:27.31","Wed 11/18/2015- 1:04:08.55",1447782387,1447783448,20898,1447782361,1447783463,26,15,1061,1102,41
"blast500k_test_pub_fileFULL_gr_2612","IS24T-06XX279-DT","Wed 11/18/2015- 0:47:46.61","Wed 11/18/2015- 1:07:02.68",1447782466,1447783622,20899,1447782468,1447783666,-2,44,1156,1198,42
"blast500k_test_pub_fileFULL_gr_2613","IS24T-06XX281-DT","Wed 11/18/2015- 0:34:35.36","Wed 11/18/2015- 0:47:14.26",1447781675,1447782434,20900,1447781659,1447782460,16,26,759,801,42
"blast500k_test_pub_fileFULL_gr_2614","IS24T-06XX284-DT","Wed 11/18/2015- 1:22:35.35","Wed 11/18/2015- 1:44:10.54",1447784555,1447785850,20901,1447784563,1447785914,-8,64,1295,1351,56
"blast500k_test_pub_fileFULL_gr_2615","IS24T-06XX268-DT","Wed 11/18/2015- 0:35:01.44","Wed 11/18/2015- 0:47:11.31",1447781701,1447782431,20902,1447781678,1447782450,23,19,730,772,42
"blast500k_test_pub_fileFULL_gr_2616","IS24T-06XX269-DT","Wed 11/18/2015- 1:01:35.18","Wed 11/18/2015- 1:11:23.29",1447783295,1447783883,20903,1447783284,1447783908,11,25,588,624,36
"blast500k_test_pub_fileFULL_gr_2617","IS24T-06XX289-DT","Wed 11/18/2015- 0:46:34.53","Wed 11/18/2015- 1:07:26.98",1447782394,1447783646,20904,1447782384,1447783680,10,34,1252,1296,44
"blast500k_test_pub_fileFULL_gr_2618","IS24T-06XX265-DT","Wed 11/18/2015- 0:54:56.21","Wed 11/18/2015- 1:14:20.10",1447782896,1447784060,20905,1447782874,1447784078,22,18,1164,1204,40
"blast500k_test_pub_fileFULL_gr_2619","IS24T-06XX275-DT","Wed 11/18/2015- 0:40:01.01","Wed 11/18/2015- 1:02:00.01",1447782001,1447783320,20906,1447781987,1447783349,14,29,1319,1362,43
"blast500k_test_pub_fileFULL_gr_262","IS24T-06XX280-DT","Tue 11/17/2015-18:32:33.42","Tue 11/17/2015-18:42:09.78",1447759953,1447760529,18549,1447760094,1447760712,-141,183,576,618,42
"blast500k_test_pub_fileFULL_gr_2620","IS24T-06XX297-DT","Wed 11/18/2015- 0:31:12.96","Wed 11/18/2015- 0:50:06.69",1447781472,1447782606,20907,1447781466,1447782642,6,36,1134,1176,42
"blast500k_test_pub_fileFULL_gr_2621","IS24T-06XX257-DT","Wed 11/18/2015- 0:32:15.48","Wed 11/18/2015- 0:52:57.46",1447781535,1447782777,20908,1447781462,1447782797,73,20,1242,1335,93
"blast500k_test_pub_fileFULL_gr_2622","IS24T-06XX252-DT","Wed 11/18/2015- 0:31:21.10","Wed 11/18/2015- 0:52:59.07",1447781481,1447782779,20909,1447781463,1447782791,18,12,1298,1328,30
"blast500k_test_pub_fileFULL_gr_2623","IS24T-06XX263-DT","Wed 11/18/2015- 0:36:24.39","Wed 11/18/2015- 0:50:29.60",1447781784,1447782629,20910,1447781771,1447782645,13,16,845,874,29
"blast500k_test_pub_fileFULL_gr_2624","IS24T-06XX296-DT","Wed 11/18/2015- 1:01:13.31","Wed 11/18/2015- 1:15:20.09",1447783273,1447784120,20911,1447783261,1447784147,12,27,847,886,39
"blast500k_test_pub_fileFULL_gr_2625","IS24T-06XX209-DT","Wed 11/18/2015- 0:40:14.56","Wed 11/18/2015- 1:06:41.26",1447782014,1447783601,20912,1447782037,1447783672,-23,71,1587,1635,48
"blast500k_test_pub_fileFULL_gr_2626","IS24T-06XX268-DT","Wed 11/18/2015- 1:30:03.39","Wed 11/18/2015- 1:42:13.27",1447785003,1447785733,20913,1447784977,1447785748,26,15,730,771,41
"blast500k_test_pub_fileFULL_gr_2627","IS24T-06XX254-DT","Wed 11/18/2015- 0:56:42.29","Wed 11/18/2015- 1:19:06.49",1447783002,1447784346,20914,1447782975,1447784366,27,20,1344,1391,47
"blast500k_test_pub_fileFULL_gr_2628","IS24T-06XX282-DT","Wed 11/18/2015- 1:04:22.44","Wed 11/18/2015- 1:19:10.50",1447783462,1447784350,20915,1447783445,1447784375,17,25,888,930,42
"blast500k_test_pub_fileFULL_gr_2629","IS24T-06XX253-DT","Wed 11/18/2015- 0:43:18.56","Wed 11/18/2015- 1:04:26.36",1447782198,1447783466,20916,1447782181,1447783485,17,19,1268,1304,36
"blast500k_test_pub_fileFULL_gr_263","IS24T-06XX284-DT","Tue 11/17/2015-18:07:20.95","Tue 11/17/2015-18:41:44.69",1447758440,1447760504,18550,1447758446,1447760570,-6,66,2064,2124,60
"blast500k_test_pub_fileFULL_gr_2630","IS24T-06XX300-DT","Wed 11/18/2015- 0:41:01.25","Wed 11/18/2015- 0:51:22.37",1447782061,1447782682,20917,1447782045,1447782708,16,26,621,663,42
"blast500k_test_pub_fileFULL_gr_2631","IS24T-06XX284-DT","Wed 11/18/2015- 1:04:02.93","Wed 11/18/2015- 1:21:42.24",1447783442,1447784502,20918,1447783453,1447784563,-11,61,1060,1110,50
"blast500k_test_pub_fileFULL_gr_2632","IS24T-06XX263-DT","Wed 11/18/2015- 0:50:57.45","Wed 11/18/2015- 1:06:12.06",1447782657,1447783572,20919,1447782633,1447783586,24,14,915,953,38
"blast500k_test_pub_fileFULL_gr_2633","IS24T-06XX292-DT","Wed 11/18/2015- 0:52:48.26","Wed 11/18/2015- 1:08:41.61",1447782768,1447783721,20920,1447782810,1447783804,-42,83,953,994,41
"blast500k_test_pub_fileFULL_gr_2634","IS24T-06XX285-DT","Wed 11/18/2015- 0:41:57.25","Wed 11/18/2015- 0:57:31.97",1447782117,1447783051,20921,1447782099,1447783075,18,24,934,976,42
"blast500k_test_pub_fileFULL_gr_2635","IS24T-06XX288-DT","Wed 11/18/2015- 0:37:07.73","Wed 11/18/2015- 0:49:49.97",1447781827,1447782589,20922,1447781791,1447782601,36,12,762,810,48
"blast500k_test_pub_fileFULL_gr_2636","IS24T-06XX286-DT","Wed 11/18/2015- 0:41:46.04","Wed 11/18/2015- 0:55:06.74",1447782106,1447782906,20923,1447782108,1447782937,-2,31,800,829,29
"blast500k_test_pub_fileFULL_gr_2637","IS24T-06XX280-DT","Wed 11/18/2015- 0:37:28.26","Wed 11/18/2015- 0:49:48.11",1447781848,1447782588,20924,1447781983,1447782763,-135,175,740,780,40
"blast500k_test_pub_fileFULL_gr_2638","IS24T-06XX253-DT","Wed 11/18/2015- 0:36:44.96","Wed 11/18/2015- 0:52:20.75",1447781804,1447782740,20925,1447781778,1447782755,26,15,936,977,41
"blast500k_test_pub_fileFULL_gr_2639","IS24T-06XX295-DT","Wed 11/18/2015- 0:52:08.27","Wed 11/18/2015- 1:18:14.87",1447782728,1447784294,20926,1447782760,1447784352,-32,58,1566,1592,26
"blast500k_test_pub_fileFULL_gr_264","IS24T-06XX276-DT","Tue 11/17/2015-19:25:24.86","Tue 11/17/2015-19:44:21.82",1447763124,1447764261,18551,1447763112,1447764280,12,19,1137,1168,31
"blast500k_test_pub_fileFULL_gr_2640","IS24T-06XX261-DT","Wed 11/18/2015- 0:38:06.35","Wed 11/18/2015- 0:52:32.02",1447781886,1447782752,20927,1447781860,1447782768,26,16,866,908,42
"blast500k_test_pub_fileFULL_gr_2641","IS24T-06XX263-DT","Wed 11/18/2015- 0:34:51.85","Wed 11/18/2015- 0:51:45.59",1447781691,1447782705,20928,1447781665,1447782722,26,17,1014,1057,43
"blast500k_test_pub_fileFULL_gr_2642","IS24T-06XX256-DT","Wed 11/18/2015- 0:56:21.76","Wed 11/18/2015- 1:07:11.55",1447782981,1447783631,20929,1447782957,1447783646,24,15,650,689,39
"blast500k_test_pub_fileFULL_gr_2643","IS24T-06XX282-DT","Wed 11/18/2015- 0:45:29.54","Wed 11/18/2015- 1:03:53.33",1447782329,1447783433,20930,1447782327,1447783456,2,23,1104,1129,25
"blast500k_test_pub_fileFULL_gr_2644","IS24T-06XX269-DT","Wed 11/18/2015- 0:40:12.88","Wed 11/18/2015- 1:07:20.87",1447782012,1447783640,20931,1447782002,1447783673,10,33,1628,1671,43
"blast500k_test_pub_fileFULL_gr_2645","IS24T-06XX296-DT","Wed 11/18/2015- 0:34:47.58","Wed 11/18/2015- 0:48:18.34",1447781687,1447782498,20932,1447781685,1447782524,2,26,811,839,28
"blast500k_test_pub_fileFULL_gr_2646","IS24T-06XX253-DT","Wed 11/18/2015- 0:52:51.91","Wed 11/18/2015- 1:00:40.55",1447782771,1447783240,20933,1447782744,1447783258,27,18,469,514,45
"blast500k_test_pub_fileFULL_gr_2647","IS24T-06XX267-DT","Wed 11/18/2015- 1:01:08.72","Wed 11/18/2015- 1:17:55.17",1447783268,1447784275,20934,1447783243,1447784291,25,16,1007,1048,41
"blast500k_test_pub_fileFULL_gr_2648","IS24T-06XX272-DT","Wed 11/18/2015- 0:41:16.45","Wed 11/18/2015- 0:54:53.78",1447782076,1447782893,20935,1447782038,1447782910,38,17,817,872,55
"blast500k_test_pub_fileFULL_gr_2649","IS24T-06XX262-DT","Wed 11/18/2015- 0:39:05.05","Wed 11/18/2015- 1:01:09.34",1447781945,1447783269,20936,1447781921,1447783294,24,25,1324,1373,49
"blast500k_test_pub_fileFULL_gr_265","IS24T-06XX273-DT","Tue 11/17/2015-18:18:05.52","Tue 11/17/2015-18:32:50.95",1447759085,1447759970,18552,1447759063,1447759987,22,17,885,924,39
"blast500k_test_pub_fileFULL_gr_2650","IS24T-06XX299-DT","Wed 11/18/2015- 0:53:28.17","Wed 11/18/2015- 1:13:02.34",1447782808,1447783982,20937,1447782820,1447784027,-12,45,1174,1207,33
"blast500k_test_pub_fileFULL_gr_2651","IS24T-06XX278-DT","Wed 11/18/2015- 0:35:25.72","Wed 11/18/2015- 0:46:02.42",1447781725,1447782362,20938,1447781716,1447782392,9,30,637,676,39
"blast500k_test_pub_fileFULL_gr_2652","IS24T-06XX265-DT","Wed 11/18/2015- 1:14:52.61","Wed 11/18/2015- 1:31:36.37",1447784092,1447785096,20939,1447784066,1447785108,26,12,1004,1042,38
"blast500k_test_pub_fileFULL_gr_2653","IS24T-06XX259-DT","Wed 11/18/2015- 0:49:04.36","Wed 11/18/2015- 1:05:26.40",1447782544,1447783526,20940,1447782534,1447783544,10,18,982,1010,28
"blast500k_test_pub_fileFULL_gr_2654","IS24T-06XX286-DT","Wed 11/18/2015- 0:56:06.47","Wed 11/18/2015- 1:11:44.69",1447782966,1447783904,20941,1447782966,1447783936,0,32,938,970,32
"blast500k_test_pub_fileFULL_gr_2655","IS24T-06XX292-DT","Wed 11/18/2015- 1:09:49.51","Wed 11/18/2015- 1:26:22.84",1447783789,1447784782,20942,1447783845,1447784864,-56,82,993,1019,26
"blast500k_test_pub_fileFULL_gr_2656","IS24T-06XX266-DT","Wed 11/18/2015- 0:42:15.06","Wed 11/18/2015- 0:52:49.63",1447782135,1447782769,20943,1447782121,1447782785,14,16,634,664,30
"blast500k_test_pub_fileFULL_gr_2657","IS24T-06XX263-DT","Wed 11/18/2015- 0:52:02.39","Wed 11/18/2015- 1:02:49.90",1447782722,1447783369,20944,1447782709,1447783384,13,15,647,675,28
"blast500k_test_pub_fileFULL_gr_2658","IS24T-06XX292-DT","Wed 11/18/2015- 0:43:08.55","Wed 11/18/2015- 0:55:23.99",1447782188,1447782923,20945,1447782245,1447783007,-57,84,735,762,27
"blast500k_test_pub_fileFULL_gr_2659","IS24T-06XX271-DT","Wed 11/18/2015- 1:03:58.20","Wed 11/18/2015- 1:25:03.69",1447783438,1447784703,20946,1447783414,1447784721,24,18,1265,1307,42
"blast500k_test_pub_fileFULL_gr_266","IS24T-06XX274-DT","Tue 11/17/2015-18:34:25.71","Tue 11/17/2015-18:51:07.85",1447760065,1447761067,18553,1447760029,1447761084,36,17,1002,1055,53
"blast500k_test_pub_fileFULL_gr_2660","IS24T-06XX284-DT","Wed 11/18/2015- 0:53:32.30","Wed 11/18/2015- 1:23:29.73",1447782812,1447784609,20947,1447782828,1447784673,-16,64,1797,1845,48
"blast500k_test_pub_fileFULL_gr_2661","IS24T-06XX209-DT","Wed 11/18/2015- 0:51:49.81","Wed 11/18/2015- 1:27:49.24",1447782709,1447784869,20948,1447782733,1447784937,-24,68,2160,2204,44
"blast500k_test_pub_fileFULL_gr_2662","IS24T-06XX254-DT","Wed 11/18/2015- 0:52:13.24","Wed 11/18/2015- 1:24:36.34",1447782733,1447784676,20949,1447782704,1447784695,29,19,1943,1991,48
"blast500k_test_pub_fileFULL_gr_2663","IS24T-06XX285-DT","Wed 11/18/2015- 1:11:01.79","Wed 11/18/2015- 1:29:17.34",1447783861,1447784957,20950,1447783846,1447784983,15,26,1096,1137,41
"blast500k_test_pub_fileFULL_gr_2664","IS24T-06XX259-DT","Wed 11/18/2015- 0:38:22.07","Wed 11/18/2015- 0:47:12.11",1447781902,1447782432,20951,1447781891,1447782449,11,17,530,558,28
"blast500k_test_pub_fileFULL_gr_2665","IS24T-06XX291-DT","Wed 11/18/2015- 0:43:26.37","Wed 11/18/2015- 1:01:16.87",1447782206,1447783276,20952,1447782204,1447783303,2,27,1070,1099,29
"blast500k_test_pub_fileFULL_gr_2666","IS24T-06XX282-DT","Wed 11/18/2015- 0:44:40.97","Wed 11/18/2015- 1:07:51.40",1447782280,1447783671,20953,1447782267,1447783698,13,27,1391,1431,40
"blast500k_test_pub_fileFULL_gr_2667","IS24T-06XX287-DT","Wed 11/18/2015- 0:54:57.18","Wed 11/18/2015- 1:08:02.78",1447782897,1447783682,20954,1447782893,1447783711,4,29,785,818,33
"blast500k_test_pub_fileFULL_gr_2668","IS24T-06XX209-DT","Wed 11/18/2015- 0:40:14.82","Wed 11/18/2015- 1:06:19.46",1447782014,1447783579,20955,1447782024,1447783647,-10,68,1565,1623,58
"blast500k_test_pub_fileFULL_gr_2669","IS24T-06XX258-DT","Wed 11/18/2015- 0:47:22.11","Wed 11/18/2015- 0:56:00.27",1447782442,1447782960,20956,1447782418,1447782976,24,16,518,558,40
"blast500k_test_pub_fileFULL_gr_267","IS24T-06XX268-DT","Tue 11/17/2015-18:38:26.54","Tue 11/17/2015-18:55:13.79",1447760306,1447761313,18554,1447760267,1447761330,39,17,1007,1063,56
"blast500k_test_pub_fileFULL_gr_2670","IS24T-06XX276-DT","Wed 11/18/2015- 0:49:56.88","Wed 11/18/2015- 1:04:29.07",1447782596,1447783469,20957,1447782574,1447783489,22,20,873,915,42
"blast500k_test_pub_fileFULL_gr_2671","IS24T-06XX274-DT","Wed 11/18/2015- 0:39:39.16","Wed 11/18/2015- 1:05:23.51",1447781979,1447783523,20958,1447781964,1447783541,15,18,1544,1577,33
"blast500k_test_pub_fileFULL_gr_2672","IS24T-06XX276-DT","Wed 11/18/2015- 1:01:24.65","Wed 11/18/2015- 1:19:27.09",1447783284,1447784367,20959,1447783261,1447784385,23,18,1083,1124,41
"blast500k_test_pub_fileFULL_gr_2673","IS24T-06XX255-DT","Wed 11/18/2015- 0:41:39.64","Wed 11/18/2015- 0:57:57.83",1447782099,1447783077,20960,1447782073,1447783094,26,17,978,1021,43
"blast500k_test_pub_fileFULL_gr_2674","IS24T-06XX263-DT","Wed 11/18/2015- 1:03:18.33","Wed 11/18/2015- 1:12:50.23",1447783398,1447783970,20961,1447783372,1447783988,26,18,572,616,44
"blast500k_test_pub_fileFULL_gr_2675","IS24T-06XX256-DT","Wed 11/18/2015- 0:42:06.60","Wed 11/18/2015- 0:55:42.17",1447782126,1447782942,20962,1447782102,1447782957,24,15,816,855,39
"blast500k_test_pub_fileFULL_gr_2676","IS24T-06XX264-DT","Wed 11/18/2015- 1:17:53.41","Wed 11/18/2015- 1:47:32.36",1447784273,1447786052,20963,1447784234,1447786069,39,17,1779,1835,56
"blast500k_test_pub_fileFULL_gr_2677","IS24T-06XX266-DT","Wed 11/18/2015- 0:53:20.86","Wed 11/18/2015- 1:08:38.86",1447782800,1447783718,20964,1447782773,1447783735,27,17,918,962,44
"blast500k_test_pub_fileFULL_gr_2678","IS24T-06XX267-DT","Wed 11/18/2015- 0:43:14.52","Wed 11/18/2015- 1:00:38.28",1447782194,1447783238,20965,1447782176,1447783256,18,18,1044,1080,36
"blast500k_test_pub_fileFULL_gr_2679","IS24T-06XX283-DT","Wed 11/18/2015- 0:49:20.87","Wed 11/18/2015- 1:00:58.26",1447782560,1447783258,20966,1447782548,1447783284,12,26,698,736,38
"blast500k_test_pub_fileFULL_gr_268","IS24T-06XX291-DT","Tue 11/17/2015-18:27:31.46","Tue 11/17/2015-18:43:55.68",1447759651,1447760635,18555,1447759640,1447760663,11,28,984,1023,39
"blast500k_test_pub_fileFULL_gr_2680","IS24T-06XX272-DT","Wed 11/18/2015- 0:41:16.92","Wed 11/18/2015- 0:57:00.71",1447782076,1447783020,20967,1447782050,1447783037,26,17,944,987,43
"blast500k_test_pub_fileFULL_gr_2681","IS24T-06XX269-DT","Wed 11/18/2015- 0:46:52.30","Wed 11/18/2015- 1:01:02.98",1447782412,1447783262,20968,1447782402,1447783296,10,34,850,894,44
"blast500k_test_pub_fileFULL_gr_2682","IS24T-06XX265-DT","Wed 11/18/2015- 1:31:54.33","Wed 11/18/2015- 1:48:52.03",1447785114,1447786132,20969,1447785096,1447786147,18,15,1018,1051,33
"blast500k_test_pub_fileFULL_gr_2683","IS24T-06XX253-DT","Wed 11/18/2015- 1:04:53.21","Wed 11/18/2015- 1:22:55.15",1447783493,1447784575,20970,1447783473,1447784589,20,14,1082,1116,34
"blast500k_test_pub_fileFULL_gr_2684","IS24T-06XX268-DT","Wed 11/18/2015- 1:01:09.93","Wed 11/18/2015- 1:22:02.92",1447783269,1447784522,20971,1447783246,1447784542,23,20,1253,1296,43
"blast500k_test_pub_fileFULL_gr_2685","IS24T-06XX278-DT","Wed 11/18/2015- 0:55:17.09","Wed 11/18/2015- 1:07:51.99",1447782917,1447783671,20972,1447782909,1447783704,8,33,754,795,41
"blast500k_test_pub_fileFULL_gr_2686","IS24T-06XX265-DT","Wed 11/18/2015- 0:46:24.40","Wed 11/18/2015- 1:05:41.38",1447782384,1447783541,20973,1447782359,1447783555,25,14,1157,1196,39
"blast500k_test_pub_fileFULL_gr_2687","IS24T-06XX284-DT","Wed 11/18/2015- 0:49:45.19","Wed 11/18/2015- 1:08:51.58",1447782585,1447783731,20974,1447782592,1447783792,-7,61,1146,1200,54
"blast500k_test_pub_fileFULL_gr_2688","IS24T-06XX262-DT","Wed 11/18/2015- 0:48:47.16","Wed 11/18/2015- 1:16:37.17",1447782527,1447784197,20975,1447782495,1447784225,32,28,1670,1730,60
"blast500k_test_pub_fileFULL_gr_2689","IS24T-06XX260-DT","Wed 11/18/2015- 0:48:56.29","Wed 11/18/2015- 1:04:57.28",1447782536,1447783497,20976,1447782509,1447783516,27,19,961,1007,46
"blast500k_test_pub_fileFULL_gr_269","IS24T-06XX271-DT","Tue 11/17/2015-18:25:44.74","Tue 11/17/2015-18:39:34.42",1447759544,1447760374,18556,1447759522,1447760391,22,17,830,869,39
"blast500k_test_pub_fileFULL_gr_2690","IS24T-06XX259-DT","Wed 11/18/2015- 1:05:42.64","Wed 11/18/2015- 1:27:32.95",1447783542,1447784852,20977,1447783532,1447784869,10,17,1310,1337,27
"blast500k_test_pub_fileFULL_gr_2691","IS24T-06XX300-DT","Wed 11/18/2015- 0:50:05.66","Wed 11/18/2015- 1:09:55.60",1447782605,1447783795,20978,1447782589,1447783820,16,25,1190,1231,41
"blast500k_test_pub_fileFULL_gr_2692","IS24T-06XX254-DT","Wed 11/18/2015- 0:46:00.73","Wed 11/18/2015- 1:04:59.73",1447782360,1447783499,20979,1447782329,1447783516,31,17,1139,1187,48
"blast500k_test_pub_fileFULL_gr_2693","IS24T-06XX298-DT","Wed 11/18/2015- 0:42:49.97","Wed 11/18/2015- 1:01:40.40",1447782169,1447783300,20980,1447782204,1447783373,-35,73,1131,1169,38
"blast500k_test_pub_fileFULL_gr_2694","IS24T-06XX268-DT","Wed 11/18/2015- 0:47:31.38","Wed 11/18/2015- 1:03:11.64",1447782451,1447783391,20981,1447782436,1447783404,15,13,940,968,28
"blast500k_test_pub_fileFULL_gr_2695","IS24T-06XX271-DT","Wed 11/18/2015- 0:47:38.87","Wed 11/18/2015- 1:03:31.71",1447782458,1447783411,20982,1447782436,1447783426,22,15,953,990,37
"blast500k_test_pub_fileFULL_gr_2696","IS24T-06XX209-DT","Wed 11/18/2015- 1:07:24.89","Wed 11/18/2015- 1:31:03.88",1447783644,1447785063,20983,1447783636,1447785134,8,71,1419,1498,79
"blast500k_test_pub_fileFULL_gr_2697","IS24T-06XX209-DT","Wed 11/18/2015- 0:46:45.37","Wed 11/18/2015- 1:21:32.64",1447782405,1447784492,20984,1447782426,1447784560,-21,68,2087,2134,47
"blast500k_test_pub_fileFULL_gr_2698","IS24T-06XX260-DT","Wed 11/18/2015- 0:56:26.42","Wed 11/18/2015- 1:18:42.45",1447782986,1447784322,20985,1447782962,1447784339,24,17,1336,1377,41
"blast500k_test_pub_fileFULL_gr_2699","IS24T-06XX286-DT","Wed 11/18/2015- 1:13:52.42","Wed 11/18/2015- 1:28:25.81",1447784032,1447784905,20986,1447784035,1447784934,-3,29,873,899,26
"blast500k_test_pub_fileFULL_gr_27","IS24T-06XX279-DT","Tue 11/17/2015-18:46:29.44","Tue 11/17/2015-19:00:41.76",1447760789,1447761641,18314,1447760792,1447761686,-3,45,852,894,42
"blast500k_test_pub_fileFULL_gr_270","IS24T-06XX252-DT","Tue 11/17/2015-18:13:54.78","Tue 11/17/2015-18:30:22.91",1447758834,1447759822,18557,1447758808,1447759839,26,17,988,1031,43
"blast500k_test_pub_fileFULL_gr_2700","IS24T-06XX260-DT","Wed 11/18/2015- 1:05:29.87","Wed 11/18/2015- 1:19:30.68",1447783529,1447784370,20987,1447783504,1447784384,25,14,841,880,39
"blast500k_test_pub_fileFULL_gr_2701","IS24T-06XX268-DT","Wed 11/18/2015- 0:47:15.56","Wed 11/18/2015- 1:00:43.35",1447782435,1447783243,20988,1447782410,1447783257,25,14,808,847,39
"blast500k_test_pub_fileFULL_gr_2702","IS24T-06XX277-DT","Wed 11/18/2015- 0:50:14.59","Wed 11/18/2015- 1:02:39.26",1447782614,1447783359,20989,1447782584,1447783375,30,16,745,791,46
"blast500k_test_pub_fileFULL_gr_2703","IS24T-06XX293-DT","Wed 11/18/2015- 0:56:27.77","Wed 11/18/2015- 1:08:35.57",1447782987,1447783715,20990,1447782984,1447783752,3,37,728,768,40
"blast500k_test_pub_fileFULL_gr_2704","IS24T-06XX281-DT","Wed 11/18/2015- 0:47:42.47","Wed 11/18/2015- 1:03:39.84",1447782462,1447783419,20991,1447782447,1447783449,15,30,957,1002,45
"blast500k_test_pub_fileFULL_gr_2705","IS24T-06XX264-DT","Wed 11/18/2015- 0:45:27.11","Wed 11/18/2015- 1:17:12.73",1447782327,1447784232,20992,1447782283,1447784246,44,14,1905,1963,58
"blast500k_test_pub_fileFULL_gr_2706","IS24T-06XX300-DT","Wed 11/18/2015- 0:51:39.89","Wed 11/18/2015- 1:06:25.64",1447782699,1447783585,20993,1447782696,1447783611,3,26,886,915,29
"blast500k_test_pub_fileFULL_gr_2707","IS24T-06XX285-DT","Wed 11/18/2015- 0:58:01.68","Wed 11/18/2015- 1:17:32.29",1447783081,1447784252,20994,1447783063,1447784280,18,28,1171,1217,46
"blast500k_test_pub_fileFULL_gr_2708","IS24T-06XX259-DT","Wed 11/18/2015- 0:47:41.01","Wed 11/18/2015- 1:04:22.71",1447782461,1447783462,20995,1447782438,1447783482,23,20,1001,1044,43
"blast500k_test_pub_fileFULL_gr_2709","IS24T-06XX296-DT","Wed 11/18/2015- 2:37:41.38","Wed 11/18/2015- 2:49:25.15",1447789061,1447789765,20996,1447789047,1447789792,14,27,704,745,41
"blast500k_test_pub_fileFULL_gr_271","IS24T-06XX285-DT","Tue 11/17/2015-18:10:25.24","Tue 11/17/2015-18:20:27.81",1447758625,1447759227,18558,1447758613,1447759251,12,24,602,638,36
"blast500k_test_pub_fileFULL_gr_2710","IS24T-06XX280-DT","Wed 11/18/2015- 0:50:40.92","Wed 11/18/2015- 0:59:49.29",1447782640,1447783189,20997,1447782763,1447783368,-123,179,549,605,56
"blast500k_test_pub_fileFULL_gr_2711","IS24T-06XX276-DT","Wed 11/18/2015- 1:04:55.21","Wed 11/18/2015- 1:17:14.90",1447783495,1447784234,20998,1447783476,1447784252,19,18,739,776,37
"blast500k_test_pub_fileFULL_gr_2712","IS24T-06XX275-DT","Wed 11/18/2015- 1:02:32.80","Wed 11/18/2015- 1:22:30.21",1447783352,1447784550,20999,1447783349,1447784577,3,27,1198,1228,30
"blast500k_test_pub_fileFULL_gr_2713","IS24T-06XX271-DT","Wed 11/18/2015- 0:52:05.43","Wed 11/18/2015- 1:06:06.48",1447782725,1447783566,21000,1447782712,1447783581,13,15,841,869,28
"blast500k_test_pub_fileFULL_gr_2714","IS24T-06XX285-DT","Wed 11/18/2015- 0:52:40.18","Wed 11/18/2015- 1:10:34.08",1447782760,1447783834,21001,1447782736,1447783858,24,24,1074,1122,48
"blast500k_test_pub_fileFULL_gr_2715","IS24T-06XX255-DT","Wed 11/18/2015- 0:47:26.15","Wed 11/18/2015- 1:02:56.27",1447782446,1447783376,21002,1447782419,1447783390,27,14,930,971,41
"blast500k_test_pub_fileFULL_gr_2716","IS24T-06XX293-DT","Wed 11/18/2015- 1:08:52.53","Wed 11/18/2015- 1:18:38.47",1447783732,1447784318,21003,1447783740,1447784353,-8,35,586,613,27
"blast500k_test_pub_fileFULL_gr_2717","IS24T-06XX280-DT","Wed 11/18/2015- 1:00:30.31","Wed 11/18/2015- 1:21:01.04",1447783230,1447784461,21004,1447783368,1447784646,-138,185,1231,1278,47
"blast500k_test_pub_fileFULL_gr_2718","IS24T-06XX288-DT","Wed 11/18/2015- 0:50:38.57","Wed 11/18/2015- 1:05:52.35",1447782638,1447783552,21005,1447782602,1447783564,36,12,914,962,48
"blast500k_test_pub_fileFULL_gr_2719","IS24T-06XX288-DT","Wed 11/18/2015- 0:48:44.28","Wed 11/18/2015- 1:21:05.14",1447782524,1447784465,21006,1447782486,1447784476,38,11,1941,1990,49
"blast500k_test_pub_fileFULL_gr_272","IS24T-06XX280-DT","Tue 11/17/2015-18:04:33.24","Tue 11/17/2015-18:16:11.01",1447758273,1447758971,18559,1447758422,1447759153,-149,182,698,731,33
"blast500k_test_pub_fileFULL_gr_2720","IS24T-06XX284-DT","Wed 11/18/2015- 1:09:24.86","Wed 11/18/2015- 1:41:25.55",1447783764,1447785685,21007,1447783780,1447785746,-16,61,1921,1966,45
"blast500k_test_pub_fileFULL_gr_2721","IS24T-06XX283-DT","Wed 11/18/2015- 0:53:31.98","Wed 11/18/2015- 1:16:47.66",1447782811,1447784207,21008,1447782810,1447784237,1,30,1396,1427,31
"blast500k_test_pub_fileFULL_gr_2722","IS24T-06XX279-DT","Wed 11/18/2015- 1:07:32.32","Wed 11/18/2015- 1:20:03.01",1447783652,1447784403,21009,1447783654,1447784449,-2,46,751,795,44
"blast500k_test_pub_fileFULL_gr_2723","IS24T-06XX295-DT","Wed 11/18/2015- 1:04:49.01","Wed 11/18/2015- 1:15:53.82",1447783489,1447784153,21010,1447783507,1447784216,-18,63,664,709,45
"blast500k_test_pub_fileFULL_gr_2724","IS24T-06XX262-DT","Wed 11/18/2015- 1:24:50.77","Wed 11/18/2015- 1:49:06.06",1447784690,1447786146,21011,1447784664,1447786175,26,29,1456,1511,55
"blast500k_test_pub_fileFULL_gr_2725","IS24T-06XX257-DT","Wed 11/18/2015- 1:08:27.56","Wed 11/18/2015- 1:18:13.56",1447783707,1447784293,21012,1447783682,1447784307,25,14,586,625,39
"blast500k_test_pub_fileFULL_gr_2726","IS24T-06XX286-DT","Wed 11/18/2015- 1:28:52.77","Wed 11/18/2015- 1:49:08.61",1447784932,1447786148,21013,1447784923,1447786180,9,32,1216,1257,41
"blast500k_test_pub_fileFULL_gr_2727","IS24T-06XX264-DT","Wed 11/18/2015- 0:54:20.82","Wed 11/18/2015- 1:18:41.32",1447782860,1447784321,21014,1447782833,1447784333,27,12,1461,1500,39
"blast500k_test_pub_fileFULL_gr_2728","IS24T-06XX288-DT","Wed 11/18/2015- 0:50:38.57","Wed 11/18/2015- 1:02:28.01",1447782638,1447783348,21015,1447782589,1447783361,49,13,710,772,62
"blast500k_test_pub_fileFULL_gr_2729","IS24T-06XX294-DT","Wed 11/18/2015- 0:54:38.38","Wed 11/18/2015- 1:05:40.58",1447782878,1447783540,21016,1447782872,1447783567,6,27,662,695,33
"blast500k_test_pub_fileFULL_gr_273","IS24T-06XX266-DT","Tue 11/17/2015-18:18:30.79","Tue 11/17/2015-18:35:15.64",1447759110,1447760115,18560,1447759097,1447760133,13,18,1005,1036,31
"blast500k_test_pub_fileFULL_gr_2730","IS24T-06XX293-DT","Wed 11/18/2015- 0:52:53.63","Wed 11/18/2015- 1:03:45.53",1447782773,1447783425,21017,1447782766,1447783460,7,35,652,694,42
"blast500k_test_pub_fileFULL_gr_2731","IS24T-06XX252-DT","Wed 11/18/2015- 0:53:12.02","Wed 11/18/2015- 1:07:30.64",1447782792,1447783650,21018,1447782780,1447783669,12,19,858,889,31
"blast500k_test_pub_fileFULL_gr_2732","IS24T-06XX254-DT","Wed 11/18/2015- 1:20:13.72","Wed 11/18/2015- 1:35:28.63",1447784413,1447785328,21019,1447784378,1447785347,35,19,915,969,54
"blast500k_test_pub_fileFULL_gr_2733","IS24T-06XX264-DT","Wed 11/18/2015- 0:57:01.74","Wed 11/18/2015- 1:21:44.52",1447783021,1447784504,21020,1447782995,1447784519,26,15,1483,1524,41
"blast500k_test_pub_fileFULL_gr_2734","IS24T-06XX257-DT","Wed 11/18/2015- 1:36:25.31","Wed 11/18/2015- 1:51:54.59",1447785385,1447786314,21021,1447785358,1447786333,27,19,929,975,46
"blast500k_test_pub_fileFULL_gr_2735","IS24T-06XX252-DT","Wed 11/18/2015- 0:52:00.16","Wed 11/18/2015- 1:08:56.36",1447782720,1447783736,21022,1447782695,1447783757,25,21,1016,1062,46
"blast500k_test_pub_fileFULL_gr_2736","IS24T-06XX254-DT","Wed 11/18/2015- 0:55:06.95","Wed 11/18/2015- 1:19:35.45",1447782906,1447784375,21023,1447782876,1447784390,30,15,1469,1514,45
"blast500k_test_pub_fileFULL_gr_2737","IS24T-06XX280-DT","Wed 11/18/2015- 0:50:40.94","Wed 11/18/2015- 1:14:24.64",1447782640,1447784064,21024,1447782775,1447784244,-135,180,1424,1469,45
"blast500k_test_pub_fileFULL_gr_2738","IS24T-06XX296-DT","Wed 11/18/2015- 1:15:44.06","Wed 11/18/2015- 1:25:34.71",1447784144,1447784734,21025,1447784135,1447784764,9,30,590,629,39
"blast500k_test_pub_fileFULL_gr_2739","IS24T-06XX284-DT","Wed 11/18/2015- 1:37:14.09","Wed 11/18/2015- 2:05:48.18",1447785434,1447787148,21026,1447785438,1447787211,-4,63,1714,1773,59
"blast500k_test_pub_fileFULL_gr_274","IS24T-06XX274-DT","Tue 11/17/2015-18:17:30.94","Tue 11/17/2015-18:33:44.34",1447759050,1447760024,18561,1447759027,1447760041,23,17,974,1014,40
"blast500k_test_pub_fileFULL_gr_2740","IS24T-06XX209-DT","Wed 11/18/2015- 1:31:39.99","Wed 11/18/2015- 2:03:03.67",1447785099,1447786983,21027,1447785122,1447787053,-23,70,1884,1931,47
"blast500k_test_pub_fileFULL_gr_2741","IS24T-06XX261-DT","Wed 11/18/2015- 0:52:46.53","Wed 11/18/2015- 1:06:09.67",1447782766,1447783569,21028,1447782755,1447783584,11,15,803,829,26
"blast500k_test_pub_fileFULL_gr_2742","IS24T-06XX272-DT","Wed 11/18/2015- 0:55:22.75","Wed 11/18/2015- 1:13:39.73",1447782922,1447784019,21029,1447782898,1447784040,24,21,1097,1142,45
"blast500k_test_pub_fileFULL_gr_2743","IS24T-06XX273-DT","Wed 11/18/2015- 1:36:05.19","Wed 11/18/2015- 2:01:45.29",1447785365,1447786905,21030,1447785345,1447786919,20,14,1540,1574,34
"blast500k_test_pub_fileFULL_gr_2744","IS24T-06XX288-DT","Wed 11/18/2015- 2:01:40.25","Wed 11/18/2015- 2:29:25.98",1447786900,1447788565,21031,1447786865,1447788577,35,12,1665,1712,47
"blast500k_test_pub_fileFULL_gr_2745","IS24T-06XX284-DT","Wed 11/18/2015- 1:44:48.42","Wed 11/18/2015- 2:07:58.76",1447785888,1447787278,21032,1447785902,1447787339,-14,61,1390,1437,47
"blast500k_test_pub_fileFULL_gr_2746","IS24T-06XX262-DT","Wed 11/18/2015- 1:23:25.83","Wed 11/18/2015- 1:47:29.29",1447784605,1447786049,21033,1447784578,1447786078,27,29,1444,1500,56
"blast500k_test_pub_fileFULL_gr_2747","IS24T-06XX287-DT","Wed 11/18/2015- 0:52:41.17","Wed 11/18/2015- 1:08:12.47",1447782761,1447783692,21034,1447782758,1447783724,3,32,931,966,35
"blast500k_test_pub_fileFULL_gr_2748","IS24T-06XX266-DT","Wed 11/18/2015- 0:57:48.18","Wed 11/18/2015- 1:16:51.26",1447783068,1447784211,21035,1447783040,1447784226,28,15,1143,1186,43
"blast500k_test_pub_fileFULL_gr_2749","IS24T-06XX272-DT","Wed 11/18/2015- 1:10:27.97","Wed 11/18/2015- 1:29:21.32",1447783827,1447784961,21036,1447783806,1447784979,21,18,1134,1173,39
"blast500k_test_pub_fileFULL_gr_275","IS24T-06XX258-DT","Tue 11/17/2015-18:08:28.85","Tue 11/17/2015-18:23:42.82",1447758508,1447759422,18562,1447758486,1447759441,22,19,914,955,41
"blast500k_test_pub_fileFULL_gr_2750","IS24T-06XX262-DT","Wed 11/18/2015- 1:01:40.04","Wed 11/18/2015- 1:24:07.48",1447783300,1447784647,21037,1447783282,1447784676,18,29,1347,1394,47
"blast500k_test_pub_fileFULL_gr_2751","IS24T-06XX253-DT","Wed 11/18/2015- 1:01:13.26","Wed 11/18/2015- 1:14:58.71",1447783273,1447784098,21038,1447783246,1447784112,27,14,825,866,41
"blast500k_test_pub_fileFULL_gr_2752","IS24T-06XX288-DT","Wed 11/18/2015- 0:57:12.77","Wed 11/18/2015- 1:27:10.51",1447783032,1447784830,21039,1447782985,1447784842,47,12,1798,1857,59
"blast500k_test_pub_fileFULL_gr_2753","IS24T-06XX284-DT","Wed 11/18/2015- 1:54:05.81","Wed 11/18/2015- 2:23:08.78",1447786445,1447788188,21040,1447786432,1447788250,13,62,1743,1818,75
"blast500k_test_pub_fileFULL_gr_2754","IS24T-06XX261-DT","Wed 11/18/2015- 1:06:35.86","Wed 11/18/2015- 1:26:14.33",1447783595,1447784774,21041,1447783572,1447784788,23,14,1179,1216,37
"blast500k_test_pub_fileFULL_gr_2755","IS24T-06XX288-DT","Wed 11/18/2015- 1:03:02.66","Wed 11/18/2015- 1:34:08.31",1447783382,1447785248,21042,1447783349,1447785263,33,15,1866,1914,48
"blast500k_test_pub_fileFULL_gr_2756","IS24T-06XX256-DT","Wed 11/18/2015- 1:01:35.70","Wed 11/18/2015- 1:15:59.38",1447783295,1447784159,21043,1447783284,1447784178,11,19,864,894,30
"blast500k_test_pub_fileFULL_gr_2757","IS24T-06XX265-DT","Wed 11/18/2015- 1:06:34.98","Wed 11/18/2015- 1:28:04.64",1447783594,1447784884,21044,1447783543,1447784902,51,18,1290,1359,69
"blast500k_test_pub_fileFULL_gr_2758","IS24T-06XX292-DT","Wed 11/18/2015- 0:55:53.94","Wed 11/18/2015- 1:09:35.39",1447782953,1447783775,21045,1447782996,1447783858,-43,83,822,862,40
"blast500k_test_pub_fileFULL_gr_2759","IS24T-06XX264-DT","Wed 11/18/2015- 1:08:58.70","Wed 11/18/2015- 1:27:16.64",1447783738,1447784836,21046,1447783709,1447784847,29,11,1098,1138,40
"blast500k_test_pub_fileFULL_gr_276","IS24T-06XX299-DT","Tue 11/17/2015-18:12:19.54","Tue 11/17/2015-18:29:29.55",1447758739,1447759769,18563,1447758756,1447759822,-17,53,1030,1066,36
"blast500k_test_pub_fileFULL_gr_2760","IS24T-06XX269-DT","Wed 11/18/2015- 1:12:14.27","Wed 11/18/2015- 1:31:59.61",1447783934,1447785119,21047,1447783908,1447785149,26,30,1185,1241,56
"blast500k_test_pub_fileFULL_gr_2761","IS24T-06XX255-DT","Wed 11/18/2015- 1:12:02.72","Wed 11/18/2015- 1:30:34.24",1447783922,1447785034,21048,1447783895,1447785047,27,13,1112,1152,40
"blast500k_test_pub_fileFULL_gr_2762","IS24T-06XX253-DT","Wed 11/18/2015- 1:15:24.26","Wed 11/18/2015- 1:32:56.61",1447784124,1447785176,21049,1447784100,1447785192,24,16,1052,1092,40
"blast500k_test_pub_fileFULL_gr_2763","IS24T-06XX298-DT","Wed 11/18/2015- 1:02:11.50","Wed 11/18/2015- 1:26:38.11",1447783331,1447784798,21050,1447783360,1447784868,-29,70,1467,1508,41
"blast500k_test_pub_fileFULL_gr_2764","IS24T-06XX262-DT","Wed 11/18/2015- 0:57:28.45","Wed 11/18/2015- 1:18:38.43",1447783048,1447784318,21051,1447783021,1447784343,27,25,1270,1322,52
"blast500k_test_pub_fileFULL_gr_2765","IS24T-06XX298-DT","Wed 11/18/2015- 0:52:42.87","Wed 11/18/2015- 1:20:07.56",1447782762,1447784407,21052,1447782793,1447784481,-31,74,1645,1688,43
"blast500k_test_pub_fileFULL_gr_2766","IS24T-06XX274-DT","Wed 11/18/2015- 0:56:55.17","Wed 11/18/2015- 1:09:20.42",1447783015,1447783760,21053,1447782988,1447783778,27,18,745,790,45
"blast500k_test_pub_fileFULL_gr_2767","IS24T-06XX262-DT","Wed 11/18/2015- 1:17:37.06","Wed 11/18/2015- 1:43:17.48",1447784257,1447785797,21054,1447784236,1447785824,21,27,1540,1588,48
"blast500k_test_pub_fileFULL_gr_2768","IS24T-06XX291-DT","Wed 11/18/2015- 1:17:38.99","Wed 11/18/2015- 1:33:16.99",1447784258,1447785196,21055,1447784245,1447785224,13,28,938,979,41
"blast500k_test_pub_fileFULL_gr_2769","IS24T-06XX269-DT","Wed 11/18/2015- 2:02:41.85","Wed 11/18/2015- 2:19:25.46",1447786961,1447787965,21056,1447786962,1447787997,-1,32,1004,1035,31
"blast500k_test_pub_fileFULL_gr_277","IS24T-06XX285-DT","Tue 11/17/2015-18:20:55.10","Tue 11/17/2015-18:37:25.87",1447759255,1447760245,18564,1447759239,1447760274,16,29,990,1035,45
"blast500k_test_pub_fileFULL_gr_2770","IS24T-06XX284-DT","Wed 11/18/2015- 2:06:39.20","Wed 11/18/2015- 2:33:40.95",1447787199,1447788820,21057,1447787200,1447788881,-1,61,1621,1681,60
"blast500k_test_pub_fileFULL_gr_2771","IS24T-06XX271-DT","Wed 11/18/2015- 1:19:39.93","Wed 11/18/2015- 1:35:58.05",1447784379,1447785358,21058,1447784357,1447785374,22,16,979,1017,38
"blast500k_test_pub_fileFULL_gr_2772","IS24T-06XX291-DT","Wed 11/18/2015- 0:55:30.05","Wed 11/18/2015- 1:10:53.79",1447782930,1447783853,21059,1447782916,1447783880,14,27,923,964,41
"blast500k_test_pub_fileFULL_gr_2773","IS24T-06XX286-DT","Wed 11/18/2015- 0:55:36.39","Wed 11/18/2015- 1:13:35.91",1447782936,1447784015,21060,1447782925,1447784048,11,33,1079,1123,44
"blast500k_test_pub_fileFULL_gr_2774","IS24T-06XX263-DT","Wed 11/18/2015- 1:55:43.00","Wed 11/18/2015- 2:09:06.72",1447786543,1447787346,21061,1447786514,1447787354,29,8,803,840,37
"blast500k_test_pub_fileFULL_gr_2775","IS24T-06XX273-DT","Wed 11/18/2015- 1:03:27.42","Wed 11/18/2015- 1:17:53.57",1447783407,1447784273,21062,1447783396,1447784289,11,16,866,893,27
"blast500k_test_pub_fileFULL_gr_2776","IS24T-06XX281-DT","Wed 11/18/2015- 1:05:36.51","Wed 11/18/2015- 1:17:12.82",1447783536,1447784232,21063,1447783524,1447784258,12,26,696,734,38
"blast500k_test_pub_fileFULL_gr_2777","IS24T-06XX278-DT","Wed 11/18/2015- 1:08:23.39","Wed 11/18/2015- 1:18:06.63",1447783703,1447784286,21064,1447783691,1447784321,12,35,583,630,47
"blast500k_test_pub_fileFULL_gr_2778","IS24T-06XX284-DT","Wed 11/18/2015- 1:24:07.19","Wed 11/18/2015- 1:53:01.27",1447784647,1447786381,21065,1447784662,1447786444,-15,63,1734,1782,48
"blast500k_test_pub_fileFULL_gr_2779","IS24T-06XX289-DT","Wed 11/18/2015- 1:02:44.07","Wed 11/18/2015- 1:21:04.34",1447783364,1447784464,21066,1447783357,1447784497,7,33,1100,1140,40
"blast500k_test_pub_fileFULL_gr_278","IS24T-06XX272-DT","Tue 11/17/2015-18:17:53.84","Tue 11/17/2015-18:34:11.08",1447759073,1447760051,18565,1447759050,1447760070,23,19,978,1020,42
"blast500k_test_pub_fileFULL_gr_2780","IS24T-06XX272-DT","Wed 11/18/2015- 0:57:15.48","Wed 11/18/2015- 1:09:59.89",1447783035,1447783799,21067,1447783024,1447783818,11,19,764,794,30
"blast500k_test_pub_fileFULL_gr_2781","IS24T-06XX280-DT","Wed 11/18/2015- 1:14:52.70","Wed 11/18/2015- 1:26:13.25",1447784092,1447784773,21068,1447784232,1447784952,-140,179,681,720,39
"blast500k_test_pub_fileFULL_gr_2782","IS24T-06XX277-DT","Wed 11/18/2015- 1:03:12.02","Wed 11/18/2015- 1:28:27.49",1447783392,1447784907,21069,1447783363,1447784921,29,14,1515,1558,43
"blast500k_test_pub_fileFULL_gr_2783","IS24T-06XX287-DT","Wed 11/18/2015- 1:08:34.60","Wed 11/18/2015- 1:31:35.70",1447783714,1447785095,21070,1447783712,1447785130,2,35,1381,1418,37
"blast500k_test_pub_fileFULL_gr_2784","IS24T-06XX262-DT","Wed 11/18/2015- 0:59:47.79","Wed 11/18/2015- 1:22:32.38",1447783187,1447784552,21071,1447783165,1447784578,22,26,1365,1413,48
"blast500k_test_pub_fileFULL_gr_2785","IS24T-06XX297-DT","Wed 11/18/2015- 1:15:29.25","Wed 11/18/2015- 1:42:16.83",1447784129,1447785736,21072,1447784105,1447785762,24,26,1607,1657,50
"blast500k_test_pub_fileFULL_gr_2786","IS24T-06XX257-DT","Wed 11/18/2015- 1:18:29.06","Wed 11/18/2015- 1:35:56.06",1447784309,1447785356,21073,1447784296,1447785371,13,15,1047,1075,28
"blast500k_test_pub_fileFULL_gr_2787","IS24T-06XX275-DT","Wed 11/18/2015- 0:59:08.82","Wed 11/18/2015- 1:15:29.37",1447783148,1447784129,21074,1447783136,1447784157,12,28,981,1021,40
"blast500k_test_pub_fileFULL_gr_2788","IS24T-06XX268-DT","Wed 11/18/2015- 1:22:35.04","Wed 11/18/2015- 1:35:03.25",1447784555,1447785303,21075,1447784530,1447785316,25,13,748,786,38
"blast500k_test_pub_fileFULL_gr_2789","IS24T-06XX255-DT","Wed 11/18/2015- 0:58:29.34","Wed 11/18/2015- 1:11:31.93",1447783109,1447783891,21076,1447783082,1447783907,27,16,782,825,43
"blast500k_test_pub_fileFULL_gr_279","IS24T-06XX263-DT","Tue 11/17/2015-19:04:04.71","Tue 11/17/2015-19:15:43.29",1447761844,1447762543,18566,1447761820,1447762558,24,15,699,738,39
"blast500k_test_pub_fileFULL_gr_2790","IS24T-06XX300-DT","Wed 11/18/2015- 1:07:09.32","Wed 11/18/2015- 1:23:22.87",1447783629,1447784602,21077,1447783611,1447784627,18,25,973,1016,43
"blast500k_test_pub_fileFULL_gr_2791","IS24T-06XX256-DT","Wed 11/18/2015- 1:07:36.96","Wed 11/18/2015- 1:22:30.59",1447783656,1447784550,21078,1447783634,1447784566,22,16,894,932,38
"blast500k_test_pub_fileFULL_gr_2792","IS24T-06XX299-DT","Wed 11/18/2015- 1:01:32.79","Wed 11/18/2015- 1:16:18.88",1447783292,1447784178,21079,1447783308,1447784232,-16,54,886,924,38
"blast500k_test_pub_fileFULL_gr_2793","IS24T-06XX252-DT","Wed 11/18/2015- 1:23:56.03","Wed 11/18/2015- 1:41:31.45",1447784636,1447785691,21080,1447784611,1447785708,25,17,1055,1097,42
"blast500k_test_pub_fileFULL_gr_2794","IS24T-06XX252-DT","Wed 11/18/2015- 1:08:14.38","Wed 11/18/2015- 1:24:19.07",1447783694,1447784659,21081,1447783669,1447784675,25,16,965,1006,41
"blast500k_test_pub_fileFULL_gr_2795","IS24T-06XX263-DT","Wed 11/18/2015- 1:06:40.75","Wed 11/18/2015- 1:18:10.30",1447783600,1447784290,21082,1447783574,1447784304,26,14,690,730,40
"blast500k_test_pub_fileFULL_gr_2796","IS24T-06XX284-DT","Wed 11/18/2015- 1:07:54.73","Wed 11/18/2015- 1:36:18.85",1447783674,1447785378,21083,1447783672,1447785438,2,60,1704,1766,62
"blast500k_test_pub_fileFULL_gr_2797","IS24T-06XX283-DT","Wed 11/18/2015- 1:01:25.34","Wed 11/18/2015- 1:21:31.77",1447783285,1447784491,21084,1447783272,1447784521,13,30,1206,1249,43
"blast500k_test_pub_fileFULL_gr_2798","IS24T-06XX209-DT","Wed 11/18/2015- 1:54:47.20","Wed 11/18/2015- 2:17:55.75",1447786487,1447787875,21085,1447786496,1447787945,-9,70,1388,1449,61
"blast500k_test_pub_fileFULL_gr_2799","IS24T-06XX271-DT","Wed 11/18/2015- 1:36:23.97","Wed 11/18/2015- 1:52:19.47",1447785383,1447786339,21086,1447785362,1447786355,21,16,956,993,37
"blast500k_test_pub_fileFULL_gr_28","IS24T-06XX252-DT","Tue 11/17/2015-17:41:59.51","Tue 11/17/2015-17:59:26.92",1447756919,1447757966,18315,1447756877,1447757982,42,16,1047,1105,58
"blast500k_test_pub_fileFULL_gr_280","IS24T-06XX252-DT","Tue 11/17/2015-18:30:53.77","Tue 11/17/2015-18:48:18.79",1447759853,1447760898,18567,1447759828,1447760918,25,20,1045,1090,45
"blast500k_test_pub_fileFULL_gr_2800","IS24T-06XX278-DT","Wed 11/18/2015- 1:02:31.29","Wed 11/18/2015- 1:15:17.70",1447783351,1447784117,21087,1447783355,1447784151,-4,34,766,796,30
"blast500k_test_pub_fileFULL_gr_2801","IS24T-06XX274-DT","Wed 11/18/2015- 1:09:47.06","Wed 11/18/2015- 1:18:53.34",1447783787,1447784333,21088,1447783765,1447784349,22,16,546,584,38
"blast500k_test_pub_fileFULL_gr_2802","IS24T-06XX288-DT","Wed 11/18/2015- 2:15:35.75","Wed 11/18/2015- 2:32:25.93",1447787735,1447788745,21089,1447787703,1447788757,32,12,1010,1054,44
"blast500k_test_pub_fileFULL_gr_2803","IS24T-06XX299-DT","Wed 11/18/2015- 1:16:47.73","Wed 11/18/2015- 1:36:47.35",1447784207,1447785407,21090,1447784220,1447785462,-13,55,1200,1242,42
"blast500k_test_pub_fileFULL_gr_2804","IS24T-06XX264-DT","Wed 11/18/2015- 1:52:43.17","Wed 11/18/2015- 2:25:07.80",1447786363,1447788307,21091,1447786319,1447788323,44,16,1944,2004,60
"blast500k_test_pub_fileFULL_gr_2805","IS24T-06XX255-DT","Wed 11/18/2015- 1:03:20.83","Wed 11/18/2015- 1:24:12.53",1447783400,1447784652,21092,1447783378,1447784666,22,14,1252,1288,36
"blast500k_test_pub_fileFULL_gr_2806","IS24T-06XX252-DT","Wed 11/18/2015- 1:41:46.35","Wed 11/18/2015- 2:03:09.85",1447785706,1447786989,21093,1447785696,1447787008,10,19,1283,1312,29
"blast500k_test_pub_fileFULL_gr_2807","IS24T-06XX263-DT","Wed 11/18/2015- 1:13:15.84","Wed 11/18/2015- 1:34:39.28",1447783995,1447785279,21094,1447783976,1447785295,19,16,1284,1319,35
"blast500k_test_pub_fileFULL_gr_2808","IS24T-06XX268-DT","Wed 11/18/2015- 1:03:24.43","Wed 11/18/2015- 1:29:33.61",1447783404,1447784973,21095,1447783391,1447784990,13,17,1569,1599,30
"blast500k_test_pub_fileFULL_gr_2809","IS24T-06XX274-DT","Wed 11/18/2015- 1:05:56.30","Wed 11/18/2015- 1:24:48.57",1447783556,1447784688,21096,1447783529,1447784707,27,19,1132,1178,46
"blast500k_test_pub_fileFULL_gr_281","IS24T-06XX256-DT","Tue 11/17/2015-18:18:47.60","Tue 11/17/2015-18:37:54.57",1447759127,1447760274,18568,1447759104,1447760282,23,8,1147,1178,31
"blast500k_test_pub_fileFULL_gr_2810","IS24T-06XX275-DT","Wed 11/18/2015- 1:32:56.84","Wed 11/18/2015- 1:55:17.73",1447785176,1447786517,21097,1447785164,1447786545,12,28,1341,1381,40
"blast500k_test_pub_fileFULL_gr_2811","IS24T-06XX266-DT","Wed 11/18/2015- 1:33:31.65","Wed 11/18/2015- 1:49:18.99",1447785211,1447786158,21098,1447785199,1447786175,12,17,947,976,29
"blast500k_test_pub_fileFULL_gr_2812","IS24T-06XX291-DT","Wed 11/18/2015- 1:11:22.79","Wed 11/18/2015- 1:30:54.04",1447783882,1447785054,21099,1447783868,1447785081,14,27,1172,1213,41
"blast500k_test_pub_fileFULL_gr_2813","IS24T-06XX209-DT","Wed 11/18/2015- 1:07:24.90","Wed 11/18/2015- 1:28:12.05",1447783644,1447784892,21100,1447783660,1447784961,-16,69,1248,1301,53
"blast500k_test_pub_fileFULL_gr_2814","IS24T-06XX287-DT","Wed 11/18/2015- 1:31:55.89","Wed 11/18/2015- 1:52:53.56",1447785115,1447786373,21101,1447785118,1447786404,-3,31,1258,1286,28
"blast500k_test_pub_fileFULL_gr_2815","IS24T-06XX267-DT","Wed 11/18/2015- 1:18:12.59","Wed 11/18/2015- 1:39:33.41",1447784292,1447785573,21102,1447784278,1447785591,14,18,1281,1313,32
"blast500k_test_pub_fileFULL_gr_2816","IS24T-06XX271-DT","Wed 11/18/2015- 1:06:32.32","Wed 11/18/2015- 1:19:11.96",1447783592,1447784351,21103,1447783570,1447784369,22,18,759,799,40
"blast500k_test_pub_fileFULL_gr_2817","IS24T-06XX297-DT","Wed 11/18/2015- 1:18:14.97","Wed 11/18/2015- 1:37:40.85",1447784294,1447785460,21104,1447784279,1447785485,15,25,1166,1206,40
"blast500k_test_pub_fileFULL_gr_2818","IS24T-06XX289-DT","Wed 11/18/2015- 1:07:56.63","Wed 11/18/2015- 1:25:20.18",1447783676,1447784720,21105,1447783668,1447784752,8,32,1044,1084,40
"blast500k_test_pub_fileFULL_gr_2819","IS24T-06XX293-DT","Wed 11/18/2015- 1:04:15.84","Wed 11/18/2015- 1:31:23.27",1447783455,1447785083,21106,1447783460,1447785116,-5,33,1628,1656,28
"blast500k_test_pub_fileFULL_gr_282","IS24T-06XX255-DT","Tue 11/17/2015-18:13:52.20","Tue 11/17/2015-18:30:04.00",1447758832,1447759804,18569,1447758804,1447759816,28,12,972,1012,40
"blast500k_test_pub_fileFULL_gr_2820","IS24T-06XX279-DT","Wed 11/18/2015- 2:25:43.71","Wed 11/18/2015- 2:41:06.38",1447788343,1447789266,21107,1447788340,1447789310,3,44,923,970,47
"blast500k_test_pub_fileFULL_gr_2821","IS24T-06XX259-DT","Wed 11/18/2015- 1:04:55.96","Wed 11/18/2015- 1:23:26.55",1447783495,1447784606,21108,1447783470,1447784621,25,15,1111,1151,40
"blast500k_test_pub_fileFULL_gr_2822","IS24T-06XX264-DT","Wed 11/18/2015- 1:22:16.26","Wed 11/18/2015- 1:43:21.07",1447784536,1447785801,21109,1447784508,1447785816,28,15,1265,1308,43
"blast500k_test_pub_fileFULL_gr_2823","IS24T-06XX252-DT","Wed 11/18/2015- 1:24:40.35","Wed 11/18/2015- 1:39:45.68",1447784680,1447785585,21110,1447784663,1447785602,17,17,905,939,34
"blast500k_test_pub_fileFULL_gr_2824","IS24T-06XX300-DT","Wed 11/18/2015- 1:38:09.69","Wed 11/18/2015- 1:52:20.48",1447785489,1447786340,21111,1447785471,1447786363,18,23,851,892,41
"blast500k_test_pub_fileFULL_gr_2825","IS24T-06XX300-DT","Wed 11/18/2015- 1:27:04.92","Wed 11/18/2015- 1:40:22.91",1447784824,1447785622,21112,1447784810,1447785639,14,17,798,829,31
"blast500k_test_pub_fileFULL_gr_2826","IS24T-06XX260-DT","Wed 11/18/2015- 1:19:12.01","Wed 11/18/2015- 1:37:40.19",1447784352,1447785460,21113,1447784327,1447785479,25,19,1108,1152,44
"blast500k_test_pub_fileFULL_gr_2827","IS24T-06XX261-DT","Wed 11/18/2015- 1:11:20.37","Wed 11/18/2015- 1:26:38.38",1447783880,1447784798,21114,1447783868,1447784813,12,15,918,945,27
"blast500k_test_pub_fileFULL_gr_2828","IS24T-06XX257-DT","Wed 11/18/2015- 3:45:56.38","Wed 11/18/2015- 4:06:39.31",1447793156,1447794399,21115,1447793127,1447794415,29,16,1243,1288,45
"blast500k_test_pub_fileFULL_gr_2829","IS24T-06XX283-DT","Wed 11/18/2015- 1:17:44.87","Wed 11/18/2015- 1:33:25.21",1447784264,1447785205,21116,1447784248,1447785232,16,27,941,984,43
"blast500k_test_pub_fileFULL_gr_283","IS24T-06XX298-DT","Tue 11/17/2015-18:15:37.08","Tue 11/17/2015-18:33:03.67",1447758937,1447759983,18570,1447758968,1447760056,-31,73,1046,1088,42
"blast500k_test_pub_fileFULL_gr_2830","IS24T-06XX252-DT","Wed 11/18/2015- 1:09:15.55","Wed 11/18/2015- 1:23:24.60",1447783755,1447784604,21117,1447783743,1447784624,12,20,849,881,32
"blast500k_test_pub_fileFULL_gr_2831","IS24T-06XX294-DT","Wed 11/18/2015- 1:34:12.14","Wed 11/18/2015- 1:48:43.60",1447785252,1447786123,21118,1447785249,1447786149,3,26,871,900,29
"blast500k_test_pub_fileFULL_gr_2832","IS24T-06XX288-DT","Wed 11/18/2015- 1:06:24.69","Wed 11/18/2015- 1:24:15.22",1447783584,1447784655,21119,1447783552,1447784665,32,10,1071,1113,42
"blast500k_test_pub_fileFULL_gr_2833","IS24T-06XX286-DT","Wed 11/18/2015- 1:12:14.08","Wed 11/18/2015- 1:31:36.38",1447783934,1447785096,21120,1447783924,1447785125,10,29,1162,1201,39
"blast500k_test_pub_fileFULL_gr_2834","IS24T-06XX264-DT","Wed 11/18/2015- 1:19:09.50","Wed 11/18/2015- 1:33:14.67",1447784349,1447785194,21121,1447784321,1447785209,28,15,845,888,43
"blast500k_test_pub_fileFULL_gr_2835","IS24T-06XX282-DT","Wed 11/18/2015- 1:08:17.15","Wed 11/18/2015- 1:38:18.25",1447783697,1447785498,21122,1447783686,1447785524,11,26,1801,1838,37
"blast500k_test_pub_fileFULL_gr_2836","IS24T-06XX294-DT","Wed 11/18/2015- 1:06:52.64","Wed 11/18/2015- 1:22:01.68",1447783612,1447784521,21123,1447783611,1447784549,1,28,909,938,29
"blast500k_test_pub_fileFULL_gr_2837","IS24T-06XX277-DT","Wed 11/18/2015- 1:28:57.17","Wed 11/18/2015- 1:51:19.56",1447784937,1447786279,21124,1447784908,1447786297,29,18,1342,1389,47
"blast500k_test_pub_fileFULL_gr_2838","IS24T-06XX288-DT","Wed 11/18/2015- 1:21:45.51","Wed 11/18/2015- 1:47:47.82",1447784505,1447786067,21125,1447784465,1447786081,40,14,1562,1616,54
"blast500k_test_pub_fileFULL_gr_2839","IS24T-06XX296-DT","Wed 11/18/2015- 1:08:23.86","Wed 11/18/2015- 1:26:21.73",1447783703,1447784781,21126,1447783688,1447784810,15,29,1078,1122,44
"blast500k_test_pub_fileFULL_gr_284","IS24T-06XX282-DT","Tue 11/17/2015-18:56:53.96","Tue 11/17/2015-19:14:39.49",1447761413,1447762479,18571,1447761399,1447762503,14,24,1066,1104,38
"blast500k_test_pub_fileFULL_gr_2840","IS24T-06XX281-DT","Wed 11/18/2015- 1:40:41.34","Wed 11/18/2015- 1:56:47.01",1447785641,1447786607,21127,1447785631,1447786632,10,25,966,1001,35
"blast500k_test_pub_fileFULL_gr_2841","IS24T-06XX266-DT","Wed 11/18/2015- 1:17:29.52","Wed 11/18/2015- 1:33:16.20",1447784249,1447785196,21128,1447784227,1447785211,22,15,947,984,37
"blast500k_test_pub_fileFULL_gr_2842","IS24T-06XX285-DT","Wed 11/18/2015- 1:18:06.43","Wed 11/18/2015- 1:40:29.78",1447784286,1447785629,21129,1447784268,1447785656,18,27,1343,1388,45
"blast500k_test_pub_fileFULL_gr_2843","IS24T-06XX257-DT","Wed 11/18/2015- 1:30:23.25","Wed 11/18/2015- 1:48:25.20",1447785023,1447786105,21130,1447784993,1447786122,30,17,1082,1129,47
"blast500k_test_pub_fileFULL_gr_2844","IS24T-06XX278-DT","Wed 11/18/2015- 1:42:07.55","Wed 11/18/2015- 1:58:49.00",1447785727,1447786729,21131,1447785726,1447786762,1,33,1002,1036,34
"blast500k_test_pub_fileFULL_gr_2845","IS24T-06XX293-DT","Wed 11/18/2015- 1:19:05.88","Wed 11/18/2015- 1:41:45.79",1447784345,1447785705,21132,1447784341,1447785735,4,30,1360,1394,34
"blast500k_test_pub_fileFULL_gr_2846","IS24T-06XX281-DT","Wed 11/18/2015- 1:17:40.87","Wed 11/18/2015- 1:34:17.58",1447784260,1447785257,21133,1447784246,1447785280,14,23,997,1034,37
"blast500k_test_pub_fileFULL_gr_2847","IS24T-06XX254-DT","Wed 11/18/2015- 1:20:13.35","Wed 11/18/2015- 1:43:42.26",1447784413,1447785822,21134,1447784366,1447785838,47,16,1409,1472,63
"blast500k_test_pub_fileFULL_gr_2848","IS24T-06XX252-DT","Wed 11/18/2015- 1:52:38.53","Wed 11/18/2015- 2:05:03.48",1447786358,1447787103,21135,1447786333,1447787121,25,18,745,788,43
"blast500k_test_pub_fileFULL_gr_2849","IS24T-06XX269-DT","Wed 11/18/2015- 1:12:13.47","Wed 11/18/2015- 1:29:31.52",1447783933,1447784971,21136,1447783920,1447785003,13,32,1038,1083,45
"blast500k_test_pub_fileFULL_gr_285","IS24T-06XX264-DT","Tue 11/17/2015-18:12:24.76","Tue 11/17/2015-18:33:41.53",1447758744,1447760021,18572,1447758716,1447760037,28,16,1277,1321,44
"blast500k_test_pub_fileFULL_gr_2850","IS24T-06XX297-DT","Wed 11/18/2015- 1:19:37.41","Wed 11/18/2015- 1:43:38.91",1447784377,1447785818,21137,1447784361,1447785853,16,35,1441,1492,51
"blast500k_test_pub_fileFULL_gr_2851","IS24T-06XX277-DT","Wed 11/18/2015- 1:12:26.92","Wed 11/18/2015- 1:29:52.15",1447783946,1447784992,21138,1447783920,1447785007,26,15,1046,1087,41
"blast500k_test_pub_fileFULL_gr_2852","IS24T-06XX209-DT","Wed 11/18/2015- 1:22:14.71","Wed 11/18/2015- 1:53:57.48",1447784534,1447786437,21139,1447784549,1447786508,-15,71,1903,1959,56
"blast500k_test_pub_fileFULL_gr_2853","IS24T-06XX260-DT","Wed 11/18/2015- 1:19:45.46","Wed 11/18/2015- 1:40:21.56",1447784385,1447785621,21140,1447784373,1447785639,12,18,1236,1266,30
"blast500k_test_pub_fileFULL_gr_2854","IS24T-06XX258-DT","Wed 11/18/2015- 1:17:25.89","Wed 11/18/2015- 1:34:38.71",1447784245,1447785278,21141,1447784223,1447785293,22,15,1033,1070,37
"blast500k_test_pub_fileFULL_gr_2855","IS24T-06XX289-DT","Wed 11/18/2015- 1:56:46.59","Wed 11/18/2015- 2:12:45.77",1447786606,1447787565,21142,1447786598,1447787599,8,34,959,1001,42
"blast500k_test_pub_fileFULL_gr_2856","IS24T-06XX266-DT","Wed 11/18/2015- 1:09:08.34","Wed 11/18/2015- 1:26:52.24",1447783748,1447784812,21143,1447783722,1447784829,26,17,1064,1107,43
"blast500k_test_pub_fileFULL_gr_2857","IS24T-06XX292-DT","Wed 11/18/2015- 1:09:21.15","Wed 11/18/2015- 1:27:15.35",1447783761,1447784835,21144,1447783804,1447784919,-43,84,1074,1115,41
"blast500k_test_pub_fileFULL_gr_2858","IS24T-06XX255-DT","Wed 11/18/2015- 1:40:07.45","Wed 11/18/2015- 1:59:43.84",1447785607,1447786783,21145,1447785579,1447786803,28,20,1176,1224,48
"blast500k_test_pub_fileFULL_gr_2859","IS24T-06XX273-DT","Wed 11/18/2015- 1:54:57.70","Wed 11/18/2015- 2:09:29.53",1447786497,1447787369,21146,1447786477,1447787388,20,19,872,911,39
"blast500k_test_pub_fileFULL_gr_286","IS24T-06XX291-DT","Tue 11/17/2015-18:10:56.24","Tue 11/17/2015-18:26:53.68",1447758656,1447759613,18573,1447758646,1447759640,10,27,957,994,37
"blast500k_test_pub_fileFULL_gr_2860","IS24T-06XX279-DT","Wed 11/18/2015- 1:21:56.96","Wed 11/18/2015- 1:37:00.80",1447784516,1447785420,21147,1447784533,1447785456,-17,36,904,923,19
"blast500k_test_pub_fileFULL_gr_2861","IS24T-06XX273-DT","Wed 11/18/2015- 1:18:09.00","Wed 11/18/2015- 1:29:56.61",1447784289,1447784996,21148,1447784277,1447785010,12,14,707,733,26
"blast500k_test_pub_fileFULL_gr_2862","IS24T-06XX256-DT","Wed 11/18/2015- 1:33:59.17","Wed 11/18/2015- 2:02:35.37",1447785239,1447786955,21149,1447785227,1447786973,12,18,1716,1746,30
"blast500k_test_pub_fileFULL_gr_2863","IS24T-06XX254-DT","Wed 11/18/2015- 1:25:18.50","Wed 11/18/2015- 1:55:19.23",1447784718,1447786519,21150,1447784683,1447786538,35,19,1801,1855,54
"blast500k_test_pub_fileFULL_gr_2864","IS24T-06XX278-DT","Wed 11/18/2015- 1:15:45.06","Wed 11/18/2015- 1:28:04.94",1447784145,1447784884,21151,1447784140,1447784919,5,35,739,779,40
"blast500k_test_pub_fileFULL_gr_2865","IS24T-06XX275-DT","Wed 11/18/2015- 1:15:58.30","Wed 11/18/2015- 1:32:12.57",1447784158,1447785132,21152,1447784145,1447785164,13,32,974,1019,45
"blast500k_test_pub_fileFULL_gr_2866","IS24T-06XX272-DT","Wed 11/18/2015- 1:13:59.55","Wed 11/18/2015- 1:27:00.99",1447784039,1447784820,21153,1447784028,1447784837,11,17,781,809,28
"blast500k_test_pub_fileFULL_gr_2867","IS24T-06XX300-DT","Wed 11/18/2015- 1:10:11.00","Wed 11/18/2015- 1:26:26.39",1447783811,1447784786,21154,1447783808,1447784810,3,24,975,1002,27
"blast500k_test_pub_fileFULL_gr_2868","IS24T-06XX259-DT","Wed 11/18/2015- 1:23:54.54","Wed 11/18/2015- 1:39:35.87",1447784634,1447785575,21155,1447784609,1447785594,25,19,941,985,44
"blast500k_test_pub_fileFULL_gr_2869","IS24T-06XX253-DT","Wed 11/18/2015- 1:23:18.74","Wed 11/18/2015- 1:36:26.66",1447784598,1447785386,21156,1447784577,1447785399,21,13,788,822,34
"blast500k_test_pub_fileFULL_gr_287","IS24T-06XX294-DT","Tue 11/17/2015-18:18:11.49","Tue 11/17/2015-18:35:31.92",1447759091,1447760131,18574,1447759083,1447760161,8,30,1040,1078,38
"blast500k_test_pub_fileFULL_gr_2870","IS24T-06XX299-DT","Wed 11/18/2015- 1:13:47.56","Wed 11/18/2015- 1:32:41.37",1447784027,1447785161,21157,1447784038,1447785218,-11,57,1134,1180,46
"blast500k_test_pub_fileFULL_gr_2871","IS24T-06XX276-DT","Wed 11/18/2015- 1:33:48.96","Wed 11/18/2015- 1:48:19.16",1447785228,1447786099,21158,1447785189,1447786116,39,17,871,927,56
"blast500k_test_pub_fileFULL_gr_2872","IS24T-06XX275-DT","Wed 11/18/2015- 1:22:54.77","Wed 11/18/2015- 1:42:40.32",1447784574,1447785760,21159,1447784565,1447785790,9,30,1186,1225,39
"blast500k_test_pub_fileFULL_gr_2873","IS24T-06XX295-DT","Wed 11/18/2015- 1:18:29.21","Wed 11/18/2015- 1:37:34.82",1447784309,1447785454,21160,1447784340,1447785511,-31,57,1145,1171,26
"blast500k_test_pub_fileFULL_gr_2874","IS24T-06XX296-DT","Wed 11/18/2015- 1:26:06.03","Wed 11/18/2015- 1:40:38.65",1447784766,1447785638,21161,1447784752,1447785656,14,18,872,904,32
"blast500k_test_pub_fileFULL_gr_2875","IS24T-06XX300-DT","Wed 11/18/2015- 1:23:55.38","Wed 11/18/2015- 1:37:25.98",1447784635,1447785445,21162,1447784614,1447785470,21,25,810,856,46
"blast500k_test_pub_fileFULL_gr_2876","IS24T-06XX263-DT","Wed 11/18/2015- 1:18:37.40","Wed 11/18/2015- 1:33:33.25",1447784317,1447785213,21163,1447784292,1447785228,25,15,896,936,40
"blast500k_test_pub_fileFULL_gr_2877","IS24T-06XX274-DT","Wed 11/18/2015- 1:19:23.62","Wed 11/18/2015- 1:39:17.69",1447784363,1447785557,21164,1447784337,1447785574,26,17,1194,1237,43
"blast500k_test_pub_fileFULL_gr_2878","IS24T-06XX289-DT","Wed 11/18/2015- 1:21:31.16","Wed 11/18/2015- 1:36:34.26",1447784491,1447785394,21165,1447784485,1447785426,6,32,903,941,38
"blast500k_test_pub_fileFULL_gr_2879","IS24T-06XX253-DT","Wed 11/18/2015- 1:33:26.12","Wed 11/18/2015- 1:49:50.26",1447785206,1447786190,21166,1447785180,1447786207,26,17,984,1027,43
"blast500k_test_pub_fileFULL_gr_288","IS24T-06XX287-DT","Tue 11/17/2015-18:30:08.30","Tue 11/17/2015-18:44:32.27",1447759808,1447760672,18575,1447759805,1447760703,3,31,864,898,34
"blast500k_test_pub_fileFULL_gr_2880","IS24T-06XX260-DT","Wed 11/18/2015- 1:40:52.70","Wed 11/18/2015- 1:52:34.12",1447785652,1447786354,21167,1447785639,1447786371,13,17,702,732,30
"blast500k_test_pub_fileFULL_gr_2881","IS24T-06XX299-DT","Wed 11/18/2015- 1:33:13.91","Wed 11/18/2015- 1:55:07.34",1447785193,1447786507,21168,1447785206,1447786552,-13,45,1314,1346,32
"blast500k_test_pub_fileFULL_gr_2882","IS24T-06XX257-DT","Wed 11/18/2015- 1:15:52.77","Wed 11/18/2015- 1:29:46.08",1447784152,1447784986,21169,1447784130,1447785007,22,21,834,877,43
"blast500k_test_pub_fileFULL_gr_2883","IS24T-06XX254-DT","Wed 11/18/2015- 1:27:45.66","Wed 11/18/2015- 1:53:28.98",1447784865,1447786408,21170,1447784831,1447786424,34,16,1543,1593,50
"blast500k_test_pub_fileFULL_gr_2884","IS24T-06XX279-DT","Wed 11/18/2015- 1:20:34.25","Wed 11/18/2015- 1:39:54.91",1447784434,1447785594,21171,1447784437,1447785642,-3,48,1160,1205,45
"blast500k_test_pub_fileFULL_gr_2885","IS24T-06XX256-DT","Wed 11/18/2015- 1:16:41.54","Wed 11/18/2015- 1:31:15.24",1447784201,1447785075,21172,1447784179,1447785092,22,17,874,913,39
"blast500k_test_pub_fileFULL_gr_2886","IS24T-06XX266-DT","Wed 11/18/2015- 2:20:41.60","Wed 11/18/2015- 2:32:15.73",1447788041,1447788735,21173,1447788014,1447788751,27,16,694,737,43
"blast500k_test_pub_fileFULL_gr_2887","IS24T-06XX294-DT","Wed 11/18/2015- 1:25:06.20","Wed 11/18/2015- 1:38:10.08",1447784706,1447785490,21174,1447784699,1447785517,7,27,784,818,34
"blast500k_test_pub_fileFULL_gr_2888","IS24T-06XX258-DT","Wed 11/18/2015- 1:35:06.50","Wed 11/18/2015- 1:53:30.34",1447785306,1447786410,21175,1447785281,1447786427,25,17,1104,1146,42
"blast500k_test_pub_fileFULL_gr_2889","IS24T-06XX285-DT","Wed 11/18/2015- 1:58:25.07","Wed 11/18/2015- 2:17:39.98",1447786705,1447787859,21176,1447786689,1447787884,16,25,1154,1195,41
"blast500k_test_pub_fileFULL_gr_289","IS24T-06XX259-DT","Tue 11/17/2015-18:20:23.59","Tue 11/17/2015-18:35:50.00",1447759223,1447760150,18576,1447759183,1447760166,40,16,927,983,56
"blast500k_test_pub_fileFULL_gr_2890","IS24T-06XX291-DT","Wed 11/18/2015- 1:48:58.14","Wed 11/18/2015- 2:11:18.41",1447786138,1447787478,21177,1447786118,1447787502,20,24,1340,1384,44
"blast500k_test_pub_fileFULL_gr_2891","IS24T-06XX292-DT","Wed 11/18/2015- 1:27:33.77","Wed 11/18/2015- 1:37:15.24",1447784853,1447785435,21178,1447784907,1447785517,-54,82,582,610,28
"blast500k_test_pub_fileFULL_gr_2892","IS24T-06XX264-DT","Wed 11/18/2015- 1:34:08.20","Wed 11/18/2015- 1:51:58.17",1447785248,1447786318,21179,1447785220,1447786331,28,13,1070,1111,41
"blast500k_test_pub_fileFULL_gr_2893","IS24T-06XX278-DT","Wed 11/18/2015- 1:18:27.04","Wed 11/18/2015- 1:33:37.65",1447784307,1447785217,21180,1447784309,1447785251,-2,34,910,942,32
"blast500k_test_pub_fileFULL_gr_2894","IS24T-06XX294-DT","Wed 11/18/2015- 1:38:33.92","Wed 11/18/2015- 1:47:18.48",1447785513,1447786038,21181,1447785505,1447786063,8,25,525,558,33
"blast500k_test_pub_fileFULL_gr_2895","IS24T-06XX287-DT","Wed 11/18/2015- 1:25:45.69","Wed 11/18/2015- 1:45:20.51",1447784745,1447785920,21182,1447784743,1447785953,2,33,1175,1210,35
"blast500k_test_pub_fileFULL_gr_2896","IS24T-06XX273-DT","Wed 11/18/2015- 1:40:51.87","Wed 11/18/2015- 1:54:34.95",1447785651,1447786474,21183,1447785640,1447786489,11,15,823,849,26
"blast500k_test_pub_fileFULL_gr_2897","IS24T-06XX258-DT","Wed 11/18/2015- 1:21:41.57","Wed 11/18/2015- 1:45:48.21",1447784501,1447785948,21184,1447784488,1447785966,13,18,1447,1478,31
"blast500k_test_pub_fileFULL_gr_2898","IS24T-06XX291-DT","Wed 11/18/2015- 1:31:26.12","Wed 11/18/2015- 1:48:12.51",1447785086,1447786092,21185,1447785069,1447786118,17,26,1006,1049,43
"blast500k_test_pub_fileFULL_gr_2899","IS24T-06XX296-DT","Wed 11/18/2015- 1:41:09.45","Wed 11/18/2015- 1:54:55.04",1447785669,1447786495,21186,1447785656,1447786514,13,19,826,858,32
"blast500k_test_pub_fileFULL_gr_29","IS24T-06XX256-DT","Tue 11/17/2015-17:41:24.81","Tue 11/17/2015-17:57:16.62",1447756884,1447757836,18316,1447756853,1447757855,31,19,952,1002,50
"blast500k_test_pub_fileFULL_gr_290","IS24T-06XX296-DT","Tue 11/17/2015-18:08:55.45","Tue 11/17/2015-18:20:24.43",1447758535,1447759224,18577,1447758518,1447759253,17,29,689,735,46
"blast500k_test_pub_fileFULL_gr_2900","IS24T-06XX282-DT","Wed 11/18/2015- 1:19:37.92","Wed 11/18/2015- 1:34:55.71",1447784377,1447785295,21187,1447784363,1447785311,14,16,918,948,30
"blast500k_test_pub_fileFULL_gr_2901","IS24T-06XX289-DT","Wed 11/18/2015- 1:53:45.33","Wed 11/18/2015- 2:11:12.47",1447786425,1447787472,21188,1447786425,1447787507,0,35,1047,1082,35
"blast500k_test_pub_fileFULL_gr_2902","IS24T-06XX300-DT","Wed 11/18/2015- 1:40:41.93","Wed 11/18/2015- 1:59:36.63",1447785641,1447786776,21189,1447785639,1447786802,2,26,1135,1163,28
"blast500k_test_pub_fileFULL_gr_2903","IS24T-06XX281-DT","Wed 11/18/2015- 1:22:11.96","Wed 11/18/2015- 1:40:13.30",1447784531,1447785613,21190,1447784522,1447785643,9,30,1082,1121,39
"blast500k_test_pub_fileFULL_gr_2904","IS24T-06XX298-DT","Wed 11/18/2015- 1:20:38.85","Wed 11/18/2015- 1:39:54.11",1447784438,1447785594,21191,1447784469,1447785665,-31,71,1156,1196,40
"blast500k_test_pub_fileFULL_gr_2905","IS24T-06XX288-DT","Wed 11/18/2015- 1:28:06.69","Wed 11/18/2015- 1:52:38.47",1447784886,1447786358,21192,1447784830,1447786371,56,13,1472,1541,69
"blast500k_test_pub_fileFULL_gr_2906","IS24T-06XX289-DT","Wed 11/18/2015- 1:26:01.26","Wed 11/18/2015- 1:45:23.73",1447784761,1447785923,21193,1447784752,1447785958,9,35,1162,1206,44
"blast500k_test_pub_fileFULL_gr_2907","IS24T-06XX296-DT","Wed 11/18/2015- 1:26:42.19","Wed 11/18/2015- 1:42:40.29",1447784802,1447785760,21194,1447784798,1447785788,4,28,958,990,32
"blast500k_test_pub_fileFULL_gr_2908","IS24T-06XX261-DT","Wed 11/18/2015- 1:26:57.72","Wed 11/18/2015- 1:47:00.76",1447784817,1447786020,21195,1447784800,1447786037,17,17,1203,1237,34
"blast500k_test_pub_fileFULL_gr_2909","IS24T-06XX289-DT","Wed 11/18/2015- 1:45:56.58","Wed 11/18/2015- 1:56:16.74",1447785956,1447786576,21196,1447785946,1447786610,10,34,620,664,44
"blast500k_test_pub_fileFULL_gr_291","IS24T-06XX261-DT","Tue 11/17/2015-18:24:18.83","Tue 11/17/2015-18:32:04.58",1447759458,1447759924,18578,1447759435,1447759943,23,19,466,508,42
"blast500k_test_pub_fileFULL_gr_2910","IS24T-06XX276-DT","Wed 11/18/2015- 1:19:42.05","Wed 11/18/2015- 1:33:03.57",1447784382,1447785183,21197,1447784372,1447785201,10,18,801,829,28
"blast500k_test_pub_fileFULL_gr_2911","IS24T-06XX260-DT","Wed 11/18/2015- 1:53:02.67","Wed 11/18/2015- 2:11:23.72",1447786382,1447787483,21198,1447786359,1447787501,23,18,1101,1142,41
"blast500k_test_pub_fileFULL_gr_2912","IS24T-06XX264-DT","Wed 11/18/2015- 1:27:41.29","Wed 11/18/2015- 1:52:12.59",1447784861,1447786332,21199,1447784835,1447786344,26,12,1471,1509,38
"blast500k_test_pub_fileFULL_gr_2913","IS24T-06XX274-DT","Wed 11/18/2015- 1:38:21.28","Wed 11/18/2015- 2:00:53.30",1447785501,1447786853,21200,1447785473,1447786873,28,20,1352,1400,48
"blast500k_test_pub_fileFULL_gr_2914","IS24T-06XX272-DT","Wed 11/18/2015- 1:29:38.52","Wed 11/18/2015- 1:47:14.40",1447784978,1447786034,21201,1447784965,1447786053,13,19,1056,1088,32
"blast500k_test_pub_fileFULL_gr_2915","IS24T-06XX283-DT","Wed 11/18/2015- 1:21:48.70","Wed 11/18/2015- 1:45:06.30",1447784508,1447785906,21202,1447784508,1447785935,0,29,1398,1427,29
"blast500k_test_pub_fileFULL_gr_2916","IS24T-06XX292-DT","Wed 11/18/2015- 1:26:48.78","Wed 11/18/2015- 1:49:58.14",1447784808,1447786198,21203,1447784853,1447786280,-45,82,1390,1427,37
"blast500k_test_pub_fileFULL_gr_2917","IS24T-06XX255-DT","Wed 11/18/2015- 1:24:43.83","Wed 11/18/2015- 1:40:59.47",1447784683,1447785659,21204,1447784654,1447785677,29,18,976,1023,47
"blast500k_test_pub_fileFULL_gr_2918","IS24T-06XX296-DT","Wed 11/18/2015- 2:14:27.30","Wed 11/18/2015- 2:30:57.61",1447787667,1447788657,21205,1447787642,1447788686,25,29,990,1044,54
"blast500k_test_pub_fileFULL_gr_2919","IS24T-06XX298-DT","Wed 11/18/2015- 1:48:33.36","Wed 11/18/2015- 2:03:10.86",1447786113,1447786990,21206,1447786141,1447787053,-28,63,877,912,35
"blast500k_test_pub_fileFULL_gr_292","IS24T-06XX277-DT","Tue 11/17/2015-18:12:37.92","Tue 11/17/2015-18:33:08.93",1447758757,1447759988,18579,1447758734,1447760004,23,16,1231,1270,39
"blast500k_test_pub_fileFULL_gr_2920","IS24T-06XX283-DT","Wed 11/18/2015- 2:06:46.83","Wed 11/18/2015- 2:29:17.68",1447787206,1447788557,21207,1447787179,1447788584,27,27,1351,1405,54
"blast500k_test_pub_fileFULL_gr_2921","IS24T-06XX278-DT","Wed 11/18/2015- 1:34:08.70","Wed 11/18/2015- 1:48:35.34",1447785248,1447786115,21208,1447785251,1447786149,-3,34,867,898,31
"blast500k_test_pub_fileFULL_gr_2922","IS24T-06XX288-DT","Wed 11/18/2015- 1:24:45.76","Wed 11/18/2015- 1:49:15.40",1447784685,1447786155,21209,1447784653,1447786169,32,14,1470,1516,46
"blast500k_test_pub_fileFULL_gr_2923","IS24T-06XX286-DT","Wed 11/18/2015- 1:48:05.68","Wed 11/18/2015- 1:53:52.68",1447786085,1447786432,21210,1447786072,1447786464,13,32,347,392,45
"blast500k_test_pub_fileFULL_gr_2924","IS24T-06XX265-DT","Wed 11/18/2015- 1:42:34.17","Wed 11/18/2015- 1:52:09.41",1447785754,1447786329,21211,1447785728,1447786343,26,14,575,615,40
"blast500k_test_pub_fileFULL_gr_2925","IS24T-06XX272-DT","Wed 11/18/2015- 1:43:50.92","Wed 11/18/2015- 2:04:02.30",1447785830,1447787042,21212,1447785809,1447787058,21,16,1212,1249,37
"blast500k_test_pub_fileFULL_gr_2926","IS24T-06XX256-DT","Wed 11/18/2015- 1:22:50.77","Wed 11/18/2015- 1:33:39.22",1447784570,1447785219,21213,1447784553,1447785239,17,20,649,686,37
"blast500k_test_pub_fileFULL_gr_2927","IS24T-06XX269-DT","Wed 11/18/2015- 1:32:18.19","Wed 11/18/2015- 1:47:18.28",1447785138,1447786038,21214,1447785138,1447786068,0,30,900,930,30
"blast500k_test_pub_fileFULL_gr_2928","IS24T-06XX280-DT","Wed 11/18/2015- 1:21:32.38","Wed 11/18/2015- 1:50:03.41",1447784492,1447786203,21215,1447784633,1447786383,-141,180,1711,1750,39
"blast500k_test_pub_fileFULL_gr_2929","IS24T-06XX294-DT","Wed 11/18/2015- 1:22:39.72","Wed 11/18/2015- 1:33:52.06",1447784559,1447785232,21216,1447784549,1447785261,10,29,673,712,39
"blast500k_test_pub_fileFULL_gr_293","IS24T-06XX264-DT","Tue 11/17/2015-18:38:11.12","Tue 11/17/2015-18:56:09.56",1447760291,1447761369,18580,1447760267,1447761385,24,16,1078,1118,40
"blast500k_test_pub_fileFULL_gr_2930","IS24T-06XX274-DT","Wed 11/18/2015- 1:25:20.73","Wed 11/18/2015- 1:37:50.69",1447784720,1447785470,21217,1447784694,1447785486,26,16,750,792,42
"blast500k_test_pub_fileFULL_gr_2931","IS24T-06XX281-DT","Wed 11/18/2015- 1:34:58.43","Wed 11/18/2015- 1:51:03.40",1447785298,1447786263,21218,1447785280,1447786290,18,27,965,1010,45
"blast500k_test_pub_fileFULL_gr_2932","IS24T-06XX263-DT","Wed 11/18/2015- 1:35:06.82","Wed 11/18/2015- 1:56:33.59",1447785306,1447786593,21219,1447785283,1447786610,23,17,1287,1327,40
"blast500k_test_pub_fileFULL_gr_2933","IS24T-06XX272-DT","Wed 11/18/2015- 1:27:28.89","Wed 11/18/2015- 1:43:24.33",1447784848,1447785804,21220,1447784826,1447785821,22,17,956,995,39
"blast500k_test_pub_fileFULL_gr_2934","IS24T-06XX261-DT","Wed 11/18/2015- 2:46:05.11","Wed 11/18/2015- 3:02:55.68",1447789565,1447790575,21221,1447789538,1447790591,27,16,1010,1053,43
"blast500k_test_pub_fileFULL_gr_2935","IS24T-06XX269-DT","Wed 11/18/2015- 1:30:01.58","Wed 11/18/2015- 1:49:13.20",1447785001,1447786153,21222,1447784992,1447786184,9,31,1152,1192,40
"blast500k_test_pub_fileFULL_gr_2936","IS24T-06XX277-DT","Wed 11/18/2015- 1:30:08.54","Wed 11/18/2015- 1:45:33.03",1447785008,1447785933,21223,1447784996,1447785950,12,17,925,954,29
"blast500k_test_pub_fileFULL_gr_2937","IS24T-06XX276-DT","Wed 11/18/2015- 2:13:24.87","Wed 11/18/2015- 2:23:10.84",1447787604,1447788190,21224,1447787591,1447788210,13,20,586,619,33
"blast500k_test_pub_fileFULL_gr_2938","IS24T-06XX259-DT","Wed 11/18/2015- 1:28:01.08","Wed 11/18/2015- 1:44:27.79",1447784881,1447785867,21225,1447784857,1447785884,24,17,986,1027,41
"blast500k_test_pub_fileFULL_gr_2939","IS24T-06XX265-DT","Wed 11/18/2015- 1:28:34.82","Wed 11/18/2015- 1:42:05.15",1447784914,1447785725,21226,1447784890,1447785740,24,15,811,850,39
"blast500k_test_pub_fileFULL_gr_294","IS24T-06XX287-DT","Tue 11/17/2015-18:12:54.79","Tue 11/17/2015-18:29:46.86",1447758774,1447759786,18581,1447758773,1447759817,1,31,1012,1044,32
"blast500k_test_pub_fileFULL_gr_2940","IS24T-06XX261-DT","Wed 11/18/2015- 1:26:42.42","Wed 11/18/2015- 1:40:52.97",1447784802,1447785652,21227,1447784776,1447785670,26,18,850,894,44
"blast500k_test_pub_fileFULL_gr_2941","IS24T-06XX272-DT","Wed 11/18/2015- 2:25:28.59","Wed 11/18/2015- 2:42:23.58",1447788328,1447789343,21228,1447788301,1447789359,27,16,1015,1058,43
"blast500k_test_pub_fileFULL_gr_2942","IS24T-06XX271-DT","Wed 11/18/2015- 1:25:29.49","Wed 11/18/2015- 1:42:36.52",1447784729,1447785756,21229,1447784709,1447785770,20,14,1027,1061,34
"blast500k_test_pub_fileFULL_gr_2943","IS24T-06XX256-DT","Wed 11/18/2015- 1:31:44.33","Wed 11/18/2015- 1:51:18.97",1447785104,1447786278,21230,1447785080,1447786297,24,19,1174,1217,43
"blast500k_test_pub_fileFULL_gr_2944","IS24T-06XX268-DT","Wed 11/18/2015- 1:35:27.81","Wed 11/18/2015- 1:47:19.85",1447785327,1447786039,21231,1447785304,1447786052,23,13,712,748,36
"blast500k_test_pub_fileFULL_gr_2945","IS24T-06XX209-DT","Wed 11/18/2015- 1:28:43.01","Wed 11/18/2015- 1:42:01.68",1447784923,1447785721,21232,1447784925,1447785790,-2,69,798,865,67
"blast500k_test_pub_fileFULL_gr_2946","IS24T-06XX295-DT","Wed 11/18/2015- 1:25:41.31","Wed 11/18/2015- 1:48:22.14",1447784741,1447786102,21233,1447784760,1447786161,-19,59,1361,1401,40
"blast500k_test_pub_fileFULL_gr_2947","IS24T-06XX280-DT","Wed 11/18/2015- 1:26:41.86","Wed 11/18/2015- 1:40:08.28",1447784801,1447785608,21234,1447784941,1447785790,-140,182,807,849,42
"blast500k_test_pub_fileFULL_gr_2948","IS24T-06XX209-DT","Wed 11/18/2015- 1:28:43.71","Wed 11/18/2015- 1:41:01.53",1447784923,1447785661,21235,1447784949,1447785730,-26,69,738,781,43
"blast500k_test_pub_fileFULL_gr_2949","IS24T-06XX297-DT","Wed 11/18/2015- 2:08:19.19","Wed 11/18/2015- 2:31:24.50",1447787299,1447788684,21236,1447787285,1447788720,14,36,1385,1435,50
"blast500k_test_pub_fileFULL_gr_295","IS24T-06XX258-DT","Tue 11/17/2015-18:30:09.43","Tue 11/17/2015-18:52:10.38",1447759809,1447761130,18582,1447759786,1447761146,23,16,1321,1360,39
"blast500k_test_pub_fileFULL_gr_2950","IS24T-06XX271-DT","Wed 11/18/2015- 1:52:47.70","Wed 11/18/2015- 2:11:25.09",1447786367,1447787485,21237,1447786342,1447787501,25,16,1118,1159,41
"blast500k_test_pub_fileFULL_gr_2951","IS24T-06XX298-DT","Wed 11/18/2015- 1:27:08.18","Wed 11/18/2015- 1:48:01.16",1447784828,1447786081,21238,1447784855,1447786153,-27,72,1253,1298,45
"blast500k_test_pub_fileFULL_gr_2952","IS24T-06XX269-DT","Wed 11/18/2015- 1:47:47.99","Wed 11/18/2015- 2:02:11.09",1447786067,1447786931,21239,1447786055,1447786962,12,31,864,907,43
"blast500k_test_pub_fileFULL_gr_2953","IS24T-06XX282-DT","Wed 11/18/2015- 1:38:36.23","Wed 11/18/2015- 2:01:26.80",1447785516,1447786886,21240,1447785510,1447786911,6,25,1370,1401,31
"blast500k_test_pub_fileFULL_gr_2954","IS24T-06XX259-DT","Wed 11/18/2015- 1:45:04.64","Wed 11/18/2015- 1:59:59.31",1447785904,1447786799,21241,1447785884,1447786816,20,17,895,932,37
"blast500k_test_pub_fileFULL_gr_2955","IS24T-06XX260-DT","Wed 11/18/2015- 1:38:12.03","Wed 11/18/2015- 1:55:45.04",1447785492,1447786545,21242,1447785466,1447786563,26,18,1053,1097,44
"blast500k_test_pub_fileFULL_gr_2956","IS24T-06XX293-DT","Wed 11/18/2015- 1:42:28.28","Wed 11/18/2015- 2:02:01.21",1447785748,1447786921,21243,1447785723,1447786959,25,38,1173,1236,63
"blast500k_test_pub_fileFULL_gr_2957","IS24T-06XX267-DT","Wed 11/18/2015- 1:50:16.19","Wed 11/18/2015- 2:06:34.28",1447786216,1447787194,21244,1447786190,1447787211,26,17,978,1021,43
"blast500k_test_pub_fileFULL_gr_2958","IS24T-06XX265-DT","Wed 11/18/2015- 1:49:19.90","Wed 11/18/2015- 2:06:15.90",1447786159,1447787175,21245,1447786135,1447787190,24,15,1016,1055,39
"blast500k_test_pub_fileFULL_gr_2959","IS24T-06XX300-DT","Wed 11/18/2015- 2:00:05.35","Wed 11/18/2015- 2:09:47.93",1447786805,1447787387,21246,1447786790,1447787410,15,23,582,620,38
"blast500k_test_pub_fileFULL_gr_296","IS24T-06XX288-DT","Tue 11/17/2015-18:13:16.38","Tue 11/17/2015-18:32:15.95",1447758796,1447759935,18583,1447758753,1447759948,43,13,1139,1195,56
"blast500k_test_pub_fileFULL_gr_2960","IS24T-06XX293-DT","Wed 11/18/2015- 1:31:53.06","Wed 11/18/2015- 1:41:38.42",1447785113,1447785698,21247,1447785104,1447785735,9,37,585,631,46
"blast500k_test_pub_fileFULL_gr_2961","IS24T-06XX278-DT","Wed 11/18/2015- 1:28:35.18","Wed 11/18/2015- 1:41:44.11",1447784915,1447785704,21248,1447784907,1447785738,8,34,789,831,42
"blast500k_test_pub_fileFULL_gr_2962","IS24T-06XX266-DT","Wed 11/18/2015- 1:27:24.23","Wed 11/18/2015- 1:42:43.54",1447784844,1447785763,21249,1447784818,1447785778,26,15,919,960,41
"blast500k_test_pub_fileFULL_gr_2963","IS24T-06XX285-DT","Wed 11/18/2015- 1:29:47.23","Wed 11/18/2015- 1:47:41.38",1447784987,1447786061,21250,1447784971,1447786087,16,26,1074,1116,42
"blast500k_test_pub_fileFULL_gr_2964","IS24T-06XX254-DT","Wed 11/18/2015- 1:36:04.67","Wed 11/18/2015- 2:02:22.67",1447785364,1447786942,21251,1447785335,1447786957,29,15,1578,1622,44
"blast500k_test_pub_fileFULL_gr_2965","IS24T-06XX286-DT","Wed 11/18/2015- 1:54:23.62","Wed 11/18/2015- 2:06:25.66",1447786463,1447787185,21252,1447786453,1447787217,10,32,722,764,42
"blast500k_test_pub_fileFULL_gr_2966","IS24T-06XX286-DT","Wed 11/18/2015- 1:31:53.93","Wed 11/18/2015- 1:47:21.35",1447785113,1447786041,21253,1447785113,1447786072,0,31,928,959,31
"blast500k_test_pub_fileFULL_gr_2967","IS24T-06XX273-DT","Wed 11/18/2015- 2:02:04.59","Wed 11/18/2015- 2:13:11.95",1447786924,1447787591,21254,1447786907,1447787609,17,18,667,702,35
"blast500k_test_pub_fileFULL_gr_2968","IS24T-06XX262-DT","Wed 11/18/2015- 1:49:43.20","Wed 11/18/2015- 2:01:53.96",1447786183,1447786913,21255,1447786164,1447786943,19,30,730,779,49
"blast500k_test_pub_fileFULL_gr_2969","IS24T-06XX209-DT","Wed 11/18/2015- 1:42:41.60","Wed 11/18/2015- 2:15:57.10",1447785761,1447787757,21256,1447785779,1447787828,-18,71,1996,2049,53
"blast500k_test_pub_fileFULL_gr_297","IS24T-06XX262-DT","Tue 11/17/2015-18:11:10.51","Tue 11/17/2015-18:43:41.42",1447758670,1447760621,18584,1447758648,1447760641,22,20,1951,1993,42
"blast500k_test_pub_fileFULL_gr_2970","IS24T-06XX274-DT","Wed 11/18/2015- 2:01:26.97","Wed 11/18/2015- 2:13:38.50",1447786886,1447787618,21257,1447786860,1447787635,26,17,732,775,43
"blast500k_test_pub_fileFULL_gr_2971","IS24T-06XX299-DT","Wed 11/18/2015- 1:37:18.69","Wed 11/18/2015- 1:53:42.31",1447785438,1447786422,21258,1447785450,1447786466,-12,44,984,1016,32
"blast500k_test_pub_fileFULL_gr_2972","IS24T-06XX295-DT","Wed 11/18/2015- 3:36:42.73","Wed 11/18/2015- 3:55:05.59",1447792602,1447793705,21259,1447792619,1447793764,-17,59,1103,1145,42
"blast500k_test_pub_fileFULL_gr_2973","IS24T-06XX279-DT","Wed 11/18/2015- 1:40:29.04","Wed 11/18/2015- 1:57:56.67",1447785629,1447786676,21260,1447785642,1447786720,-13,44,1047,1078,31
"blast500k_test_pub_fileFULL_gr_2974","IS24T-06XX283-DT","Wed 11/18/2015- 1:33:54.96","Wed 11/18/2015- 1:52:31.09",1447785234,1447786351,21261,1447785220,1447786377,14,26,1117,1157,40
"blast500k_test_pub_fileFULL_gr_2975","IS24T-06XX291-DT","Wed 11/18/2015- 1:33:34.46","Wed 11/18/2015- 1:52:07.12",1447785214,1447786327,21262,1447785212,1447786356,2,29,1113,1144,31
"blast500k_test_pub_fileFULL_gr_2976","IS24T-06XX280-DT","Wed 11/18/2015- 1:40:36.98","Wed 11/18/2015- 1:58:55.87",1447785636,1447786735,21263,1447785779,1447786917,-143,182,1099,1138,39
"blast500k_test_pub_fileFULL_gr_2977","IS24T-06XX284-DT","Wed 11/18/2015- 2:34:33.90","Wed 11/18/2015- 3:07:44.84",1447788873,1447790864,21264,1447788869,1447790926,4,62,1991,2057,66
"blast500k_test_pub_fileFULL_gr_2978","IS24T-06XX276-DT","Wed 11/18/2015- 1:49:03.93","Wed 11/18/2015- 2:07:59.16",1447786143,1447787279,21265,1447786104,1447787297,39,18,1136,1193,57
"blast500k_test_pub_fileFULL_gr_2979","IS24T-06XX252-DT","Wed 11/18/2015- 1:40:13.08","Wed 11/18/2015- 1:52:08.47",1447785613,1447786328,21266,1447785590,1447786345,23,17,715,755,40
"blast500k_test_pub_fileFULL_gr_298","IS24T-06XX265-DT","Tue 11/17/2015-18:14:17.78","Tue 11/17/2015-18:28:14.69",1447758857,1447759694,18585,1447758834,1447759709,23,15,837,875,38
"blast500k_test_pub_fileFULL_gr_2980","IS24T-06XX273-DT","Wed 11/18/2015- 1:30:31.10","Wed 11/18/2015- 1:40:37.29",1447785031,1447785637,21267,1447785010,1447785653,21,16,606,643,37
"blast500k_test_pub_fileFULL_gr_2981","IS24T-06XX276-DT","Wed 11/18/2015- 1:33:49.20","Wed 11/18/2015- 1:48:24.02",1447785229,1447786104,21268,1447785201,1447786116,28,12,875,915,40
"blast500k_test_pub_fileFULL_gr_2982","IS24T-06XX255-DT","Wed 11/18/2015- 1:31:12.98","Wed 11/18/2015- 1:39:35.48",1447785072,1447785575,21269,1447785047,1447785592,25,17,503,545,42
"blast500k_test_pub_fileFULL_gr_2983","IS24T-06XX281-DT","Wed 11/18/2015- 1:51:32.66","Wed 11/18/2015- 2:04:07.86",1447786292,1447787047,21270,1447786279,1447787075,13,28,755,796,41
"blast500k_test_pub_fileFULL_gr_2984","IS24T-06XX297-DT","Wed 11/18/2015- 1:38:19.27","Wed 11/18/2015- 2:02:14.97",1447785499,1447786934,21271,1447785486,1447786961,13,27,1435,1475,40
"blast500k_test_pub_fileFULL_gr_2985","IS24T-06XX288-DT","Wed 11/18/2015- 1:48:36.33","Wed 11/18/2015- 2:10:20.83",1447786116,1447787420,21272,1447786069,1447787431,47,11,1304,1362,58
"blast500k_test_pub_fileFULL_gr_2986","IS24T-06XX285-DT","Wed 11/18/2015- 1:48:09.65","Wed 11/18/2015- 1:57:56.15",1447786089,1447786676,21273,1447786075,1447786700,14,24,587,625,38
"blast500k_test_pub_fileFULL_gr_2987","IS24T-06XX263-DT","Wed 11/18/2015- 1:34:00.88","Wed 11/18/2015- 1:55:05.89",1447785240,1447786505,21274,1447785216,1447786527,24,22,1265,1311,46
"blast500k_test_pub_fileFULL_gr_2988","IS24T-06XX294-DT","Wed 11/18/2015- 2:03:20.14","Wed 11/18/2015- 2:17:00.82",1447787000,1447787820,21275,1447786992,1447787850,8,30,820,858,38
"blast500k_test_pub_fileFULL_gr_2989","IS24T-06XX272-DT","Wed 11/18/2015- 1:47:44.55","Wed 11/18/2015- 2:00:06.96",1447786064,1447786806,21276,1447786041,1447786826,23,20,742,785,43
"blast500k_test_pub_fileFULL_gr_299","IS24T-06XX297-DT","Tue 11/17/2015-18:21:59.57","Tue 11/17/2015-18:48:01.98",1447759319,1447760881,18586,1447759305,1447760914,14,33,1562,1609,47
"blast500k_test_pub_fileFULL_gr_2990","IS24T-06XX289-DT","Wed 11/18/2015- 1:36:59.82","Wed 11/18/2015- 1:53:14.15",1447785419,1447786394,21277,1447785414,1447786425,5,31,975,1011,36
"blast500k_test_pub_fileFULL_gr_2991","IS24T-06XX285-DT","Wed 11/18/2015- 1:41:00.99","Wed 11/18/2015- 1:52:35.45",1447785660,1447786355,21278,1447785643,1447786378,17,23,695,735,40
"blast500k_test_pub_fileFULL_gr_2992","IS24T-06XX267-DT","Wed 11/18/2015- 1:36:58.08","Wed 11/18/2015- 1:49:43.94",1447785418,1447786183,21279,1447785393,1447786202,25,19,765,809,44
"blast500k_test_pub_fileFULL_gr_2993","IS24T-06XX209-DT","Wed 11/18/2015- 1:41:31.93","Wed 11/18/2015- 2:08:41.37",1447785691,1447787321,21280,1447785718,1447787392,-27,71,1630,1674,44
"blast500k_test_pub_fileFULL_gr_2994","IS24T-06XX260-DT","Wed 11/18/2015- 1:56:14.83","Wed 11/18/2015- 2:18:09.27",1447786574,1447787889,21281,1447786551,1447787903,23,14,1315,1352,37
"blast500k_test_pub_fileFULL_gr_2995","IS24T-06XX282-DT","Wed 11/18/2015- 1:35:26.84","Wed 11/18/2015- 1:50:41.98",1447785326,1447786241,21282,1447785312,1447786267,14,26,915,955,40
"blast500k_test_pub_fileFULL_gr_2996","IS24T-06XX295-DT","Wed 11/18/2015- 1:49:04.88","Wed 11/18/2015- 2:08:45.08",1447786144,1447787325,21283,1447786161,1447787383,-17,58,1181,1222,41
"blast500k_test_pub_fileFULL_gr_2997","IS24T-06XX253-DT","Wed 11/18/2015- 1:36:51.63","Wed 11/18/2015- 1:53:11.42",1447785411,1447786391,21284,1447785387,1447786407,24,16,980,1020,40
"blast500k_test_pub_fileFULL_gr_2998","IS24T-06XX267-DT","Wed 11/18/2015- 1:39:56.67","Wed 11/18/2015- 1:54:13.69",1447785596,1447786453,21285,1447785579,1447786469,17,16,857,890,33
"blast500k_test_pub_fileFULL_gr_2999","IS24T-06XX295-DT","Wed 11/18/2015- 2:06:19.08","Wed 11/18/2015- 2:18:15.78",1447787179,1447787895,21286,1447787196,1447787956,-17,61,716,760,44
"blast500k_test_pub_fileFULL_gr_3","IS24T-06XX284-DT","Tue 11/17/2015-18:07:20.94","Tue 11/17/2015-18:29:46.67",1447758440,1447759786,18290,1447758435,1447759850,5,64,1346,1415,69
"blast500k_test_pub_fileFULL_gr_30","IS24T-06XX287-DT","Tue 11/17/2015-18:58:53.54","Tue 11/17/2015-19:14:54.06",1447761533,1447762494,18317,1447761529,1447762524,4,30,961,995,34
"blast500k_test_pub_fileFULL_gr_300","IS24T-06XX278-DT","Tue 11/17/2015-18:17:28.73","Tue 11/17/2015-18:31:08.41",1447759048,1447759868,18587,1447759039,1447759903,9,35,820,864,44
"blast500k_test_pub_fileFULL_gr_3000","IS24T-06XX288-DT","Wed 11/18/2015- 1:34:55.06","Wed 11/18/2015- 2:01:04.52",1447785295,1447786864,21287,1447785251,1447786877,44,13,1569,1626,57
"blast500k_test_pub_fileFULL_gr_3001","IS24T-06XX296-DT","Wed 11/18/2015- 1:42:57.90","Wed 11/18/2015- 2:00:01.09",1447785777,1447786801,21288,1447785776,1447786828,1,27,1024,1052,28
"blast500k_test_pub_fileFULL_gr_3002","IS24T-06XX262-DT","Wed 11/18/2015- 1:34:32.88","Wed 11/18/2015- 1:59:18.03",1447785272,1447786758,21289,1447785246,1447786784,26,26,1486,1538,52
"blast500k_test_pub_fileFULL_gr_3003","IS24T-06XX279-DT","Wed 11/18/2015- 1:37:32.69","Wed 11/18/2015- 1:54:22.26",1447785452,1447786462,21290,1447785456,1447786509,-4,47,1010,1053,43
"blast500k_test_pub_fileFULL_gr_3004","IS24T-06XX275-DT","Wed 11/18/2015- 2:16:21.38","Wed 11/18/2015- 2:27:47.83",1447787781,1447788467,21291,1447787770,1447788496,11,29,686,726,40
"blast500k_test_pub_fileFULL_gr_3005","IS24T-06XX293-DT","Wed 11/18/2015- 1:42:29.33","Wed 11/18/2015- 1:51:15.23",1447785749,1447786275,21292,1447785735,1447786306,14,31,526,571,45
"blast500k_test_pub_fileFULL_gr_3006","IS24T-06XX276-DT","Wed 11/18/2015- 1:59:32.11","Wed 11/18/2015- 2:13:06.37",1447786772,1447787586,21293,1447786749,1447787603,23,17,814,854,40
"blast500k_test_pub_fileFULL_gr_3007","IS24T-06XX298-DT","Wed 11/18/2015- 1:40:21.48","Wed 11/18/2015- 2:01:30.21",1447785621,1447786890,21294,1447785653,1447786961,-32,71,1269,1308,39
"blast500k_test_pub_fileFULL_gr_3008","IS24T-06XX277-DT","Wed 11/18/2015- 1:46:16.77","Wed 11/18/2015- 1:58:12.19",1447785976,1447786692,21295,1447785950,1447786709,26,17,716,759,43
"blast500k_test_pub_fileFULL_gr_3009","IS24T-06XX297-DT","Wed 11/18/2015- 1:37:00.25","Wed 11/18/2015- 2:04:07.01",1447785420,1447787047,21296,1447785397,1447787072,23,25,1627,1675,48
"blast500k_test_pub_fileFULL_gr_301","IS24T-06XX260-DT","Tue 11/17/2015-18:19:42.04","Tue 11/17/2015-18:31:14.85",1447759182,1447759874,18588,1447759167,1447759890,15,16,692,723,31
"blast500k_test_pub_fileFULL_gr_3010","IS24T-06XX265-DT","Wed 11/18/2015- 2:07:40.93","Wed 11/18/2015- 2:24:35.13",1447787260,1447788275,21297,1447787248,1447788293,12,18,1015,1045,30
"blast500k_test_pub_fileFULL_gr_3011","IS24T-06XX284-DT","Wed 11/18/2015- 1:41:58.63","Wed 11/18/2015- 2:04:29.26",1447785718,1447787069,21298,1447785735,1447787129,-17,60,1351,1394,43
"blast500k_test_pub_fileFULL_gr_3012","IS24T-06XX277-DT","Wed 11/18/2015- 1:51:38.84","Wed 11/18/2015- 2:11:28.69",1447786298,1447787488,21299,1447786284,1447787507,14,19,1190,1223,33
"blast500k_test_pub_fileFULL_gr_3013","IS24T-06XX292-DT","Wed 11/18/2015- 1:50:11.78","Wed 11/18/2015- 2:00:18.37",1447786211,1447786818,21300,1447786267,1447786902,-56,84,607,635,28
"blast500k_test_pub_fileFULL_gr_3014","IS24T-06XX266-DT","Wed 11/18/2015- 2:12:19.05","Wed 11/18/2015- 2:31:48.50",1447787539,1447788708,21301,1447787525,1447788726,14,18,1169,1201,32
"blast500k_test_pub_fileFULL_gr_3015","IS24T-06XX259-DT","Wed 11/18/2015- 1:40:05.88","Wed 11/18/2015- 1:57:32.38",1447785605,1447786652,21302,1447785581,1447786671,24,19,1047,1090,43
"blast500k_test_pub_fileFULL_gr_3016","IS24T-06XX295-DT","Wed 11/18/2015- 1:38:00.07","Wed 11/18/2015- 1:48:20.74",1447785480,1447786100,21303,1447785498,1447786161,-18,61,620,663,43
"blast500k_test_pub_fileFULL_gr_3017","IS24T-06XX266-DT","Wed 11/18/2015- 1:43:11.34","Wed 11/18/2015- 1:57:45.25",1447785791,1447786665,21304,1447785766,1447786683,25,18,874,917,43
"blast500k_test_pub_fileFULL_gr_3018","IS24T-06XX267-DT","Wed 11/18/2015- 1:54:32.87","Wed 11/18/2015- 2:06:37.05",1447786472,1447787197,21305,1447786457,1447787211,15,14,725,754,29
"blast500k_test_pub_fileFULL_gr_3019","IS24T-06XX278-DT","Wed 11/18/2015- 1:49:06.53","Wed 11/18/2015- 2:07:16.72",1447786146,1447787236,21306,1447786137,1447787270,9,34,1090,1133,43
"blast500k_test_pub_fileFULL_gr_302","IS24T-06XX300-DT","Tue 11/17/2015-18:37:23.79","Tue 11/17/2015-18:54:00.23",1447760243,1447761240,18589,1447760230,1447761256,13,16,997,1026,29
"blast500k_test_pub_fileFULL_gr_3020","IS24T-06XX285-DT","Wed 11/18/2015- 1:53:03.62","Wed 11/18/2015- 2:13:57.73",1447786383,1447787637,21307,1447786378,1447787663,5,26,1254,1285,31
"blast500k_test_pub_fileFULL_gr_3021","IS24T-06XX286-DT","Wed 11/18/2015- 2:00:16.15","Wed 11/18/2015- 2:12:11.02",1447786816,1447787531,21308,1447786818,1447787562,-2,31,715,744,29
"blast500k_test_pub_fileFULL_gr_3022","IS24T-06XX299-DT","Wed 11/18/2015- 2:06:58.78","Wed 11/18/2015- 2:18:27.74",1447787218,1447787907,21309,1447787231,1447787964,-13,57,689,733,44
"blast500k_test_pub_fileFULL_gr_3023","IS24T-06XX297-DT","Wed 11/18/2015- 1:44:10.47","Wed 11/18/2015- 1:58:26.03",1447785850,1447786706,21310,1447785841,1447786739,9,33,856,898,42
"blast500k_test_pub_fileFULL_gr_3024","IS24T-06XX258-DT","Wed 11/18/2015- 1:53:48.30","Wed 11/18/2015- 2:07:15.73",1447786428,1447787235,21311,1447786415,1447787249,13,14,807,834,27
"blast500k_test_pub_fileFULL_gr_3025","IS24T-06XX274-DT","Wed 11/18/2015- 1:39:34.55","Wed 11/18/2015- 1:54:54.14",1447785574,1447786494,21312,1447785561,1447786512,13,18,920,951,31
"blast500k_test_pub_fileFULL_gr_3026","IS24T-06XX268-DT","Wed 11/18/2015- 2:02:59.83","Wed 11/18/2015- 2:18:40.83",1447786979,1447787920,21313,1447786954,1447787939,25,19,941,985,44
"blast500k_test_pub_fileFULL_gr_3027","IS24T-06XX297-DT","Wed 11/18/2015- 1:42:56.37","Wed 11/18/2015- 2:07:43.18",1447785776,1447787263,21314,1447785762,1447787297,14,34,1487,1535,48
"blast500k_test_pub_fileFULL_gr_3028","IS24T-06XX254-DT","Wed 11/18/2015- 1:44:17.25","Wed 11/18/2015- 2:06:45.00",1447785857,1447787205,21315,1447785826,1447787224,31,19,1348,1398,50
"blast500k_test_pub_fileFULL_gr_3029","IS24T-06XX259-DT","Wed 11/18/2015- 2:00:15.76","Wed 11/18/2015- 2:21:17.69",1447786815,1447788077,21316,1447786804,1447788092,11,15,1262,1288,26
"blast500k_test_pub_fileFULL_gr_303","IS24T-06XX293-DT","Tue 11/17/2015-18:14:57.28","Tue 11/17/2015-18:32:50.72",1447758897,1447759970,18590,1447758893,1447760006,4,36,1073,1113,40
"blast500k_test_pub_fileFULL_gr_3030","IS24T-06XX292-DT","Wed 11/18/2015- 1:49:31.05","Wed 11/18/2015- 2:03:31.19",1447786171,1447787011,21317,1447786213,1447787093,-42,82,840,880,40
"blast500k_test_pub_fileFULL_gr_3031","IS24T-06XX262-DT","Wed 11/18/2015- 1:43:56.27","Wed 11/18/2015- 2:07:57.62",1447785836,1447787277,21318,1447785812,1447787306,24,29,1441,1494,53
"blast500k_test_pub_fileFULL_gr_3032","IS24T-06XX262-DT","Wed 11/18/2015- 1:48:13.86","Wed 11/18/2015- 2:11:02.39",1447786093,1447787462,21319,1447786066,1447787490,27,28,1369,1424,55
"blast500k_test_pub_fileFULL_gr_3033","IS24T-06XX274-DT","Wed 11/18/2015- 1:55:30.69","Wed 11/18/2015- 2:07:16.75",1447786530,1447787236,21320,1447786500,1447787253,30,17,706,753,47
"blast500k_test_pub_fileFULL_gr_3034","IS24T-06XX258-DT","Wed 11/18/2015- 2:07:41.38","Wed 11/18/2015- 2:19:14.31",1447787261,1447787954,21321,1447787237,1447787967,24,13,693,730,37
"blast500k_test_pub_fileFULL_gr_3035","IS24T-06XX264-DT","Wed 11/18/2015- 1:44:00.75","Wed 11/18/2015- 2:02:53.64",1447785840,1447786973,21322,1447785803,1447786990,37,17,1133,1187,54
"blast500k_test_pub_fileFULL_gr_3036","IS24T-06XX280-DT","Wed 11/18/2015- 1:58:24.98","Wed 11/18/2015- 2:15:11.91",1447786704,1447787711,21323,1447786843,1447787896,-139,185,1007,1053,46
"blast500k_test_pub_fileFULL_gr_3037","IS24T-06XX257-DT","Wed 11/18/2015- 2:21:27.23","Wed 11/18/2015- 2:34:37.07",1447788087,1447788877,21324,1447788057,1447788883,30,6,790,826,36
"blast500k_test_pub_fileFULL_gr_3038","IS24T-06XX261-DT","Wed 11/18/2015- 1:41:22.66","Wed 11/18/2015- 1:54:48.80",1447785682,1447786488,21325,1447785659,1447786505,23,17,806,846,40
"blast500k_test_pub_fileFULL_gr_3039","IS24T-06XX254-DT","Wed 11/18/2015- 1:54:23.87","Wed 11/18/2015- 2:15:47.78",1447786463,1447787747,21326,1447786424,1447787764,39,17,1284,1340,56
"blast500k_test_pub_fileFULL_gr_304","IS24T-06XX255-DT","Tue 11/17/2015-18:30:27.77","Tue 11/17/2015-18:43:48.91",1447759827,1447760628,18591,1447759805,1447760643,22,15,801,838,37
"blast500k_test_pub_fileFULL_gr_3040","IS24T-06XX258-DT","Wed 11/18/2015- 1:46:18.24","Wed 11/18/2015- 2:01:54.16",1447785978,1447786914,21327,1447785954,1447786928,24,14,936,974,38
"blast500k_test_pub_fileFULL_gr_3041","IS24T-06XX287-DT","Wed 11/18/2015- 1:45:44.34","Wed 11/18/2015- 1:59:17.92",1447785944,1447786757,21328,1447785940,1447786789,4,32,813,849,36
"blast500k_test_pub_fileFULL_gr_3042","IS24T-06XX291-DT","Wed 11/18/2015- 2:11:48.57","Wed 11/18/2015- 2:34:14.82",1447787508,1447788854,21329,1447787489,1447788884,19,30,1346,1395,49
"blast500k_test_pub_fileFULL_gr_3043","IS24T-06XX268-DT","Wed 11/18/2015- 1:47:45.93","Wed 11/18/2015- 2:02:15.98",1447786065,1447786935,21330,1447786052,1447786954,13,19,870,902,32
"blast500k_test_pub_fileFULL_gr_3044","IS24T-06XX291-DT","Wed 11/18/2015- 1:52:25.74","Wed 11/18/2015- 2:11:03.83",1447786345,1447787463,21331,1447786344,1447787489,1,26,1118,1145,27
"blast500k_test_pub_fileFULL_gr_3045","IS24T-06XX266-DT","Wed 11/18/2015- 1:49:49.62","Wed 11/18/2015- 2:06:34.39",1447786189,1447787194,21332,1447786164,1447787211,25,17,1005,1047,42
"blast500k_test_pub_fileFULL_gr_3046","IS24T-06XX300-DT","Wed 11/18/2015- 1:53:01.13","Wed 11/18/2015- 2:08:26.20",1447786381,1447787306,21333,1447786363,1447787323,18,17,925,960,35
"blast500k_test_pub_fileFULL_gr_3047","IS24T-06XX292-DT","Wed 11/18/2015- 2:03:54.80","Wed 11/18/2015- 2:17:44.75",1447787034,1447787864,21334,1447787080,1447787949,-46,85,830,869,39
"blast500k_test_pub_fileFULL_gr_3048","IS24T-06XX291-DT","Wed 11/18/2015- 2:11:48.66","Wed 11/18/2015- 2:31:52.08",1447787508,1447788712,21335,1447787477,1447788737,31,25,1204,1260,56
"blast500k_test_pub_fileFULL_gr_3049","IS24T-06XX264-DT","Wed 11/18/2015- 1:52:43.17","Wed 11/18/2015- 2:17:37.98",1447786363,1447787857,21336,1447786331,1447787873,32,16,1494,1542,48
"blast500k_test_pub_fileFULL_gr_305","IS24T-06XX284-DT","Tue 11/17/2015-18:11:02.30","Tue 11/17/2015-18:34:37.24",1447758662,1447760077,18592,1447758680,1447760142,-18,65,1415,1462,47
"blast500k_test_pub_fileFULL_gr_3050","IS24T-06XX299-DT","Wed 11/18/2015- 1:55:47.03","Wed 11/18/2015- 2:16:22.93",1447786547,1447787782,21337,1447786563,1447787835,-16,53,1235,1272,37
"blast500k_test_pub_fileFULL_gr_3051","IS24T-06XX268-DT","Wed 11/18/2015- 1:47:59.24","Wed 11/18/2015- 2:10:02.87",1447786079,1447787402,21338,1447786064,1447787418,15,16,1323,1354,31
"blast500k_test_pub_fileFULL_gr_3052","IS24T-06XX271-DT","Wed 11/18/2015- 1:42:55.52","Wed 11/18/2015- 2:01:23.95",1447785775,1447786883,21339,1447785758,1447786899,17,16,1108,1141,33
"blast500k_test_pub_fileFULL_gr_3053","IS24T-06XX275-DT","Wed 11/18/2015- 1:43:14.10","Wed 11/18/2015- 2:00:04.68",1447785794,1447786804,21340,1447785777,1447786832,17,28,1010,1055,45
"blast500k_test_pub_fileFULL_gr_3054","IS24T-06XX296-DT","Wed 11/18/2015- 1:55:39.93","Wed 11/18/2015- 2:19:58.50",1447786539,1447787998,21341,1447786525,1447788017,14,19,1459,1492,33
"blast500k_test_pub_fileFULL_gr_3055","IS24T-06XX256-DT","Wed 11/18/2015- 2:06:25.37","Wed 11/18/2015- 2:18:49.13",1447787185,1447787929,21342,1447787161,1447787947,24,18,744,786,42
"blast500k_test_pub_fileFULL_gr_3056","IS24T-06XX264-DT","Wed 11/18/2015- 1:48:06.13","Wed 11/18/2015- 2:06:57.23",1447786086,1447787217,21343,1447786057,1447787232,29,15,1131,1175,44
"blast500k_test_pub_fileFULL_gr_3057","IS24T-06XX277-DT","Wed 11/18/2015- 2:12:03.33","Wed 11/18/2015- 2:30:36.55",1447787523,1447788636,21344,1447787495,1447788655,28,19,1113,1160,47
"blast500k_test_pub_fileFULL_gr_3058","IS24T-06XX283-DT","Wed 11/18/2015- 1:45:37.43","Wed 11/18/2015- 2:02:12.34",1447785937,1447786932,21345,1447785924,1447786959,13,27,995,1035,40
"blast500k_test_pub_fileFULL_gr_3059","IS24T-06XX298-DT","Wed 11/18/2015- 2:02:00.38","Wed 11/18/2015- 2:15:26.29",1447786920,1447787726,21346,1447786948,1447787797,-28,71,806,849,43
"blast500k_test_pub_fileFULL_gr_306","IS24T-06XX281-DT","Tue 11/17/2015-18:17:35.44","Tue 11/17/2015-18:32:07.69",1447759055,1447759927,18593,1447759042,1447759956,13,29,872,914,42
"blast500k_test_pub_fileFULL_gr_3060","IS24T-06XX294-DT","Wed 11/18/2015- 1:47:39.95","Wed 11/18/2015- 2:02:56.86",1447786059,1447786976,21347,1447786051,1447787004,8,28,917,953,36
"blast500k_test_pub_fileFULL_gr_3061","IS24T-06XX284-DT","Wed 11/18/2015- 2:23:42.60","Wed 11/18/2015- 2:44:01.71",1447788222,1447789441,21348,1447788238,1447789503,-16,62,1219,1265,46
"blast500k_test_pub_fileFULL_gr_3062","IS24T-06XX297-DT","Wed 11/18/2015- 2:03:03.37","Wed 11/18/2015- 2:32:39.70",1447786983,1447788759,21349,1447786961,1447788792,22,33,1776,1831,55
"blast500k_test_pub_fileFULL_gr_3063","IS24T-06XX285-DT","Wed 11/18/2015- 2:14:28.77","Wed 11/18/2015- 2:26:57.19",1447787668,1447788417,21350,1447787651,1447788441,17,24,749,790,41
"blast500k_test_pub_fileFULL_gr_3064","IS24T-06XX261-DT","Wed 11/18/2015- 1:47:41.28","Wed 11/18/2015- 2:02:23.53",1447786061,1447786943,21351,1447786037,1447786963,24,20,882,926,44
"blast500k_test_pub_fileFULL_gr_3065","IS24T-06XX294-DT","Wed 11/18/2015- 2:03:54.26","Wed 11/18/2015- 2:24:04.43",1447787034,1447788244,21352,1447787032,1447788271,2,27,1210,1239,29
"blast500k_test_pub_fileFULL_gr_3066","IS24T-06XX256-DT","Wed 11/18/2015- 2:19:09.55","Wed 11/18/2015- 2:41:17.90",1447787949,1447789277,21353,1447787934,1447789297,15,20,1328,1363,35
"blast500k_test_pub_fileFULL_gr_3067","IS24T-06XX269-DT","Wed 11/18/2015- 1:49:29.83","Wed 11/18/2015- 2:00:33.72",1447786169,1447786833,21354,1447786172,1447786866,-3,33,664,694,30
"blast500k_test_pub_fileFULL_gr_3068","IS24T-06XX264-DT","Wed 11/18/2015- 2:07:43.32","Wed 11/18/2015- 2:32:46.02",1447787263,1447788766,21355,1447787232,1447788780,31,14,1503,1548,45
"blast500k_test_pub_fileFULL_gr_3069","IS24T-06XX281-DT","Wed 11/18/2015- 2:04:33.13","Wed 11/18/2015- 2:15:30.13",1447787073,1447787730,21356,1447787063,1447787751,10,21,657,688,31
"blast500k_test_pub_fileFULL_gr_307","IS24T-06XX295-DT","Tue 11/17/2015-18:17:45.82","Tue 11/17/2015-18:39:35.68",1447759065,1447760375,18594,1447759086,1447760435,-21,60,1310,1349,39
"blast500k_test_pub_fileFULL_gr_3070","IS24T-06XX261-DT","Wed 11/18/2015- 2:11:33.35","Wed 11/18/2015- 2:31:55.97",1447787493,1447788715,21357,1447787469,1447788734,24,19,1222,1265,43
"blast500k_test_pub_fileFULL_gr_3071","IS24T-06XX257-DT","Wed 11/18/2015- 1:49:08.84","Wed 11/18/2015- 2:01:35.44",1447786148,1447786895,21358,1447786122,1447786910,26,15,747,788,41
"blast500k_test_pub_fileFULL_gr_3072","IS24T-06XX254-DT","Wed 11/18/2015- 2:32:52.88","Wed 11/18/2015- 2:51:11.46",1447788772,1447789871,21359,1447788741,1447789888,31,17,1099,1147,48
"blast500k_test_pub_fileFULL_gr_3073","IS24T-06XX288-DT","Wed 11/18/2015- 2:13:59.27","Wed 11/18/2015- 2:29:57.92",1447787639,1447788597,21360,1447787602,1447788600,37,3,958,998,40
"blast500k_test_pub_fileFULL_gr_3074","IS24T-06XX288-DT","Wed 11/18/2015- 1:53:16.37","Wed 11/18/2015- 2:13:23.67",1447786396,1447787603,21361,1447786359,1447787614,37,11,1207,1255,48
"blast500k_test_pub_fileFULL_gr_3075","IS24T-06XX300-DT","Wed 11/18/2015- 2:08:59.04","Wed 11/18/2015- 2:27:53.38",1447787339,1447788473,21362,1447787323,1447788490,16,17,1134,1167,33
"blast500k_test_pub_fileFULL_gr_3076","IS24T-06XX287-DT","Wed 11/18/2015- 1:53:09.73","Wed 11/18/2015- 2:11:45.56",1447786389,1447787505,21363,1447786391,1447787535,-2,30,1116,1144,28
"blast500k_test_pub_fileFULL_gr_3077","IS24T-06XX276-DT","Wed 11/18/2015- 1:49:03.77","Wed 11/18/2015- 1:59:01.86",1447786143,1447786741,21364,1447786116,1447786760,27,19,598,644,46
"blast500k_test_pub_fileFULL_gr_3078","IS24T-06XX253-DT","Wed 11/18/2015- 1:50:31.98","Wed 11/18/2015- 2:03:37.43",1447786231,1447787017,21365,1447786207,1447787035,24,18,786,828,42
"blast500k_test_pub_fileFULL_gr_3079","IS24T-06XX282-DT","Wed 11/18/2015- 1:51:12.16","Wed 11/18/2015- 2:07:58.24",1447786272,1447787278,21366,1447786255,1447787305,17,27,1006,1050,44
"blast500k_test_pub_fileFULL_gr_308","IS24T-06XX280-DT","Tue 11/17/2015-18:16:43.20","Tue 11/17/2015-18:36:50.50",1447759003,1447760210,18595,1447759141,1447760391,-138,181,1207,1250,43
"blast500k_test_pub_fileFULL_gr_3080","IS24T-06XX279-DT","Wed 11/18/2015- 1:54:58.29","Wed 11/18/2015- 2:08:50.77",1447786498,1447787330,21367,1447786497,1447787376,1,46,832,879,47
"blast500k_test_pub_fileFULL_gr_3081","IS24T-06XX288-DT","Wed 11/18/2015- 1:49:53.92","Wed 11/18/2015- 2:15:01.69",1447786193,1447787701,21368,1447786157,1447787716,36,15,1508,1559,51
"blast500k_test_pub_fileFULL_gr_3082","IS24T-06XX279-DT","Wed 11/18/2015- 2:51:56.65","Wed 11/18/2015- 3:10:09.50",1447789916,1447791009,21369,1447789917,1447791051,-1,42,1093,1134,41
"blast500k_test_pub_fileFULL_gr_3083","IS24T-06XX258-DT","Wed 11/18/2015- 2:02:19.72","Wed 11/18/2015- 2:15:21.15",1447786939,1447787721,21370,1447786916,1447787736,23,15,782,820,38
"blast500k_test_pub_fileFULL_gr_3084","IS24T-06XX264-DT","Wed 11/18/2015- 2:52:58.82","Wed 11/18/2015- 3:09:29.98",1447789978,1447790969,21371,1447789935,1447790986,43,17,991,1051,60
"blast500k_test_pub_fileFULL_gr_3085","IS24T-06XX267-DT","Wed 11/18/2015- 2:51:55.04","Wed 11/18/2015- 3:06:02.84",1447789915,1447790762,21372,1447789891,1447790781,24,19,847,890,43
"blast500k_test_pub_fileFULL_gr_3086","IS24T-06XX257-DT","Wed 11/18/2015- 1:52:15.74","Wed 11/18/2015- 2:08:49.16",1447786335,1447787329,21373,1447786319,1447787343,16,14,994,1024,30
"blast500k_test_pub_fileFULL_gr_3087","IS24T-06XX293-DT","Wed 11/18/2015- 1:51:40.49","Wed 11/18/2015- 2:11:47.74",1447786300,1447787507,21374,1447786294,1447787546,6,39,1207,1252,45
"blast500k_test_pub_fileFULL_gr_3088","IS24T-06XX260-DT","Wed 11/18/2015- 2:18:32.47","Wed 11/18/2015- 2:40:16.47",1447787912,1447789216,21375,1447787891,1447789233,21,17,1304,1342,38
"blast500k_test_pub_fileFULL_gr_3089","IS24T-06XX295-DT","Wed 11/18/2015- 1:49:04.93","Wed 11/18/2015- 2:05:47.90",1447786144,1447787147,21376,1447786149,1447787208,-5,61,1003,1059,56
"blast500k_test_pub_fileFULL_gr_309","IS24T-06XX255-DT","Tue 11/17/2015-18:44:24.62","Tue 11/17/2015-18:56:27.89",1447760664,1447761387,18596,1447760631,1447761406,33,19,723,775,52
"blast500k_test_pub_fileFULL_gr_3090","IS24T-06XX263-DT","Wed 11/18/2015- 1:56:51.09","Wed 11/18/2015- 2:08:06.65",1447786611,1447787286,21377,1447786597,1447787305,14,19,675,708,33
"blast500k_test_pub_fileFULL_gr_3091","IS24T-06XX286-DT","Wed 11/18/2015- 1:49:25.35","Wed 11/18/2015- 1:59:58.93",1447786165,1447786798,21378,1447786167,1447786830,-2,32,633,663,30
"blast500k_test_pub_fileFULL_gr_3092","IS24T-06XX276-DT","Wed 11/18/2015- 2:23:42.93","Wed 11/18/2015- 2:36:13.34",1447788222,1447788973,21379,1447788199,1447788988,23,15,751,789,38
"blast500k_test_pub_fileFULL_gr_3093","IS24T-06XX256-DT","Wed 11/18/2015- 1:51:52.28","Wed 11/18/2015- 2:05:56.55",1447786312,1447787156,21380,1447786286,1447787173,26,17,844,887,43
"blast500k_test_pub_fileFULL_gr_3094","IS24T-06XX252-DT","Wed 11/18/2015- 2:03:41.24","Wed 11/18/2015- 2:22:33.74",1447787021,1447788153,21381,1447786996,1447788169,25,16,1132,1173,41
"blast500k_test_pub_fileFULL_gr_3095","IS24T-06XX253-DT","Wed 11/18/2015- 1:53:29.18","Wed 11/18/2015- 2:07:51.85",1447786409,1447787271,21382,1447786396,1447787287,13,16,862,891,29
"blast500k_test_pub_fileFULL_gr_3096","IS24T-06XX255-DT","Wed 11/18/2015- 1:57:55.19","Wed 11/18/2015- 2:16:53.33",1447786675,1447787813,21383,1447786649,1447787830,26,17,1138,1181,43
"blast500k_test_pub_fileFULL_gr_3097","IS24T-06XX283-DT","Wed 11/18/2015- 1:52:47.05","Wed 11/18/2015- 2:05:55.80",1447786367,1447787155,21384,1447786365,1447787179,2,24,788,814,26
"blast500k_test_pub_fileFULL_gr_3098","IS24T-06XX261-DT","Wed 11/18/2015- 2:02:43.19","Wed 11/18/2015- 2:18:06.63",1447786963,1447787886,21385,1447786949,1447787904,14,18,923,955,32
"blast500k_test_pub_fileFULL_gr_3099","IS24T-06XX265-DT","Wed 11/18/2015- 1:52:24.66","Wed 11/18/2015- 2:07:27.58",1447786344,1447787247,21386,1447786331,1447787261,13,14,903,930,27
"blast500k_test_pub_fileFULL_gr_31","IS24T-06XX295-DT","Tue 11/17/2015-17:42:26.61","Tue 11/17/2015-17:56:07.27",1447756946,1447757767,18318,1447756962,1447757823,-16,56,821,861,40
"blast500k_test_pub_fileFULL_gr_310","IS24T-06XX278-DT","Tue 11/17/2015-18:31:41.37","Tue 11/17/2015-18:54:54.97",1447759901,1447761294,18597,1447759891,1447761328,10,34,1393,1437,44
"blast500k_test_pub_fileFULL_gr_3100","IS24T-06XX271-DT","Wed 11/18/2015- 2:22:19.82","Wed 11/18/2015- 2:44:12.84",1447788139,1447789452,21387,1447788113,1447789472,26,20,1313,1359,46
"blast500k_test_pub_fileFULL_gr_3101","IS24T-06XX280-DT","Wed 11/18/2015- 1:50:33.60","Wed 11/18/2015- 1:57:53.25",1447786233,1447786673,21388,1447786371,1447786856,-138,183,440,485,45
"blast500k_test_pub_fileFULL_gr_3102","IS24T-06XX260-DT","Wed 11/18/2015- 2:11:52.68","Wed 11/18/2015- 2:23:27.71",1447787512,1447788207,21389,1447787489,1447788225,23,18,695,736,41
"blast500k_test_pub_fileFULL_gr_3103","IS24T-06XX262-DT","Wed 11/18/2015- 2:40:50.50","Wed 11/18/2015- 2:58:20.29",1447789250,1447790300,21390,1447789229,1447790328,21,28,1050,1099,49
"blast500k_test_pub_fileFULL_gr_3104","IS24T-06XX288-DT","Wed 11/18/2015- 2:33:00.16","Wed 11/18/2015- 2:53:46.55",1447788780,1447790026,21391,1447788745,1447790039,35,13,1246,1294,48
"blast500k_test_pub_fileFULL_gr_3105","IS24T-06XX275-DT","Wed 11/18/2015- 1:56:01.43","Wed 11/18/2015- 2:13:37.16",1447786561,1447787617,21392,1447786545,1447787645,16,28,1056,1100,44
"blast500k_test_pub_fileFULL_gr_3106","IS24T-06XX272-DT","Wed 11/18/2015- 2:15:14.74","Wed 11/18/2015- 2:31:25.67",1447787714,1447788685,21393,1447787690,1447788701,24,16,971,1011,40
"blast500k_test_pub_fileFULL_gr_3107","IS24T-06XX278-DT","Wed 11/18/2015- 1:59:29.36","Wed 11/18/2015- 2:14:03.69",1447786769,1447787643,21394,1447786762,1447787677,7,34,874,915,41
"blast500k_test_pub_fileFULL_gr_3108","IS24T-06XX299-DT","Wed 11/18/2015- 1:54:14.10","Wed 11/18/2015- 2:06:29.42",1447786454,1447787189,21395,1447786466,1447787244,-12,55,735,778,43
"blast500k_test_pub_fileFULL_gr_3109","IS24T-06XX272-DT","Wed 11/18/2015- 2:04:20.57","Wed 11/18/2015- 2:24:56.30",1447787060,1447788296,21396,1447787045,1447788314,15,18,1236,1269,33
"blast500k_test_pub_fileFULL_gr_311","IS24T-06XX283-DT","Tue 11/17/2015-18:19:20.25","Tue 11/17/2015-18:37:22.37",1447759160,1447760242,18598,1447759147,1447760270,13,28,1082,1123,41
"blast500k_test_pub_fileFULL_gr_3110","IS24T-06XX269-DT","Wed 11/18/2015- 2:01:04.43","Wed 11/18/2015- 2:16:14.31",1447786864,1447787774,21397,1447786854,1447787807,10,33,910,953,43
"blast500k_test_pub_fileFULL_gr_3111","IS24T-06XX271-DT","Wed 11/18/2015- 2:01:53.06","Wed 11/18/2015- 2:21:49.24",1447786913,1447788109,21398,1447786886,1447788125,27,16,1196,1239,43
"blast500k_test_pub_fileFULL_gr_3112","IS24T-06XX275-DT","Wed 11/18/2015- 2:14:07.32","Wed 11/18/2015- 2:26:57.77",1447787647,1447788417,21399,1447787633,1447788444,14,27,770,811,41
"blast500k_test_pub_fileFULL_gr_3113","IS24T-06XX266-DT","Wed 11/18/2015- 1:58:18.58","Wed 11/18/2015- 2:12:03.64",1447786698,1447787523,21400,1447786671,1447787537,27,14,825,866,41
"blast500k_test_pub_fileFULL_gr_3114","IS24T-06XX274-DT","Wed 11/18/2015- 2:29:47.28","Wed 11/18/2015- 2:49:11.37",1447788587,1447789751,21401,1447788559,1447789770,28,19,1164,1211,47
"blast500k_test_pub_fileFULL_gr_3115","IS24T-06XX298-DT","Wed 11/18/2015- 2:19:38.84","Wed 11/18/2015- 2:37:08.27",1447787978,1447789028,21402,1447788017,1447789089,-39,61,1050,1072,22
"blast500k_test_pub_fileFULL_gr_3116","IS24T-06XX284-DT","Wed 11/18/2015- 2:05:23.74","Wed 11/18/2015- 2:20:59.61",1447787123,1447788059,21403,1447787129,1447788121,-6,62,936,992,56
"blast500k_test_pub_fileFULL_gr_3117","IS24T-06XX272-DT","Wed 11/18/2015- 2:00:38.65","Wed 11/18/2015- 2:14:43.43",1447786838,1447787683,21404,1447786814,1447787702,24,19,845,888,43
"blast500k_test_pub_fileFULL_gr_3118","IS24T-06XX277-DT","Wed 11/18/2015- 1:58:41.88","Wed 11/18/2015- 2:13:05.61",1447786721,1447787585,21405,1447786697,1447787605,24,20,864,908,44
"blast500k_test_pub_fileFULL_gr_3119","IS24T-06XX298-DT","Wed 11/18/2015- 2:16:11.29","Wed 11/18/2015- 2:38:25.60",1447787771,1447789105,21406,1447787797,1447789178,-26,73,1334,1381,47
"blast500k_test_pub_fileFULL_gr_312","IS24T-06XX285-DT","Tue 11/17/2015-18:29:23.43","Tue 11/17/2015-18:42:54.17",1447759763,1447760574,18599,1447759746,1447760600,17,26,811,854,43
"blast500k_test_pub_fileFULL_gr_3120","IS24T-06XX278-DT","Wed 11/18/2015- 2:23:49.29","Wed 11/18/2015- 2:41:34.37",1447788229,1447789294,21407,1447788231,1447789327,-2,33,1065,1096,31
"blast500k_test_pub_fileFULL_gr_3121","IS24T-06XX262-DT","Wed 11/18/2015- 1:59:52.65","Wed 11/18/2015- 2:22:59.24",1447786792,1447788179,21408,1447786772,1447788208,20,29,1387,1436,49
"blast500k_test_pub_fileFULL_gr_3122","IS24T-06XX279-DT","Wed 11/18/2015- 1:58:19.44","Wed 11/18/2015- 2:14:48.52",1447786699,1447787688,21409,1447786708,1447787733,-9,45,989,1025,36
"blast500k_test_pub_fileFULL_gr_3123","IS24T-06XX281-DT","Wed 11/18/2015- 1:57:27.04","Wed 11/18/2015- 2:15:10.87",1447786647,1447787710,21410,1447786632,1447787739,15,29,1063,1107,44
"blast500k_test_pub_fileFULL_gr_3124","IS24T-06XX298-DT","Wed 11/18/2015- 2:03:43.19","Wed 11/18/2015- 2:19:17.21",1447787023,1447787957,21411,1447787053,1447788029,-30,72,934,976,42
"blast500k_test_pub_fileFULL_gr_3125","IS24T-06XX297-DT","Wed 11/18/2015- 1:59:01.37","Wed 11/18/2015- 2:16:58.14",1447786741,1447787818,21412,1447786727,1447787852,14,34,1077,1125,48
"blast500k_test_pub_fileFULL_gr_3126","IS24T-06XX256-DT","Wed 11/18/2015- 2:27:07.72","Wed 11/18/2015- 2:40:20.32",1447788427,1447789220,21413,1447788400,1447789238,27,18,793,838,45
"blast500k_test_pub_fileFULL_gr_3127","IS24T-06XX279-DT","Wed 11/18/2015- 3:10:56.40","Wed 11/18/2015- 3:28:44.64",1447791056,1447792124,21414,1447791039,1447792168,17,44,1068,1129,61
"blast500k_test_pub_fileFULL_gr_3128","IS24T-06XX296-DT","Wed 11/18/2015- 3:04:26.12","Wed 11/18/2015- 3:19:08.78",1447790666,1447791548,21415,1447790649,1447791575,17,27,882,926,44
"blast500k_test_pub_fileFULL_gr_3129","IS24T-06XX261-DT","Wed 11/18/2015- 1:55:12.58","Wed 11/18/2015- 2:11:04.40",1447786512,1447787464,21416,1447786492,1447787481,20,17,952,989,37
"blast500k_test_pub_fileFULL_gr_313","IS24T-06XX253-DT","Tue 11/17/2015-18:24:02.64","Tue 11/17/2015-18:41:52.64",1447759442,1447760512,18600,1447759416,1447760527,26,15,1070,1111,41
"blast500k_test_pub_fileFULL_gr_3130","IS24T-06XX265-DT","Wed 11/18/2015- 2:36:59.78","Wed 11/18/2015- 2:49:46.67",1447789019,1447789786,21417,1447788995,1447789801,24,15,767,806,39
"blast500k_test_pub_fileFULL_gr_3131","IS24T-06XX287-DT","Wed 11/18/2015- 2:12:31.31","Wed 11/18/2015- 2:19:42.00",1447787551,1447787982,21418,1447787546,1447788012,5,30,431,466,35
"blast500k_test_pub_fileFULL_gr_3132","IS24T-06XX283-DT","Wed 11/18/2015- 2:06:46.83","Wed 11/18/2015- 2:26:25.02",1447787206,1447788385,21419,1447787191,1447788412,15,27,1179,1221,42
"blast500k_test_pub_fileFULL_gr_3133","IS24T-06XX252-DT","Wed 11/18/2015- 2:05:31.13","Wed 11/18/2015- 2:22:32.70",1447787131,1447788152,21420,1447787108,1447788169,23,17,1021,1061,40
"blast500k_test_pub_fileFULL_gr_3134","IS24T-06XX262-DT","Wed 11/18/2015- 2:02:30.13","Wed 11/18/2015- 2:17:13.95",1447786950,1447787833,21421,1447786931,1447787858,19,25,883,927,44
"blast500k_test_pub_fileFULL_gr_3135","IS24T-06XX257-DT","Wed 11/18/2015- 2:09:28.58","Wed 11/18/2015- 2:26:00.51",1447787368,1447788360,21422,1447787343,1447788373,25,13,992,1030,38
"blast500k_test_pub_fileFULL_gr_3136","IS24T-06XX273-DT","Wed 11/18/2015- 2:13:45.79","Wed 11/18/2015- 2:25:57.83",1447787625,1447788357,21423,1447787609,1447788376,16,19,732,767,35
"blast500k_test_pub_fileFULL_gr_3137","IS24T-06XX299-DT","Wed 11/18/2015- 2:18:44.93","Wed 11/18/2015- 2:37:31.65",1447787924,1447789051,21424,1447787952,1447789107,-28,56,1127,1155,28
"blast500k_test_pub_fileFULL_gr_3138","IS24T-06XX267-DT","Wed 11/18/2015- 2:07:19.68","Wed 11/18/2015- 2:21:16.95",1447787239,1447788076,21425,1447787199,1447788092,40,16,837,893,56
"blast500k_test_pub_fileFULL_gr_3139","IS24T-06XX297-DT","Wed 11/18/2015- 2:17:38.85","Wed 11/18/2015- 2:44:36.91",1447787858,1447789476,21426,1447787841,1447789513,17,37,1618,1672,54
"blast500k_test_pub_fileFULL_gr_314","IS24T-06XX291-DT","Tue 11/17/2015-18:38:23.41","Tue 11/17/2015-19:01:05.19",1447760303,1447761665,18601,1447760291,1447761691,12,26,1362,1400,38
"blast500k_test_pub_fileFULL_gr_3140","IS24T-06XX254-DT","Wed 11/18/2015- 2:51:47.89","Wed 11/18/2015- 3:15:38.82",1447789907,1447791338,21427,1447789877,1447791353,30,15,1431,1476,45
"blast500k_test_pub_fileFULL_gr_3141","IS24T-06XX286-DT","Wed 11/18/2015- 2:06:56.29","Wed 11/18/2015- 2:20:00.41",1447787216,1447788000,21428,1447787204,1447788030,12,30,784,826,42
"blast500k_test_pub_fileFULL_gr_3142","IS24T-06XX259-DT","Wed 11/18/2015- 1:58:19.34","Wed 11/18/2015- 2:09:02.53",1447786699,1447787342,21429,1447786671,1447787362,28,20,643,691,48
"blast500k_test_pub_fileFULL_gr_3143","IS24T-06XX274-DT","Wed 11/18/2015- 2:07:49.22","Wed 11/18/2015- 2:24:18.91",1447787269,1447788258,21430,1447787240,1447788272,29,14,989,1032,43
"blast500k_test_pub_fileFULL_gr_3144","IS24T-06XX287-DT","Wed 11/18/2015- 1:59:40.68","Wed 11/18/2015- 2:12:48.60",1447786780,1447787568,21431,1447786778,1447787591,2,23,788,813,25
"blast500k_test_pub_fileFULL_gr_3145","IS24T-06XX261-DT","Wed 11/18/2015- 2:18:36.17","Wed 11/18/2015- 2:30:34.58",1447787916,1447788634,21432,1447787891,1447788652,25,18,718,761,43
"blast500k_test_pub_fileFULL_gr_3146","IS24T-06XX296-DT","Wed 11/18/2015- 2:00:19.09","Wed 11/18/2015- 2:13:44.92",1447786819,1447787624,21433,1447786815,1447787654,4,30,805,839,34
"blast500k_test_pub_fileFULL_gr_3147","IS24T-06XX293-DT","Wed 11/18/2015- 2:02:34.79","Wed 11/18/2015- 2:13:44.93",1447786954,1447787624,21434,1447786946,1447787662,8,38,670,716,46
"blast500k_test_pub_fileFULL_gr_3148","IS24T-06XX263-DT","Wed 11/18/2015- 2:09:30.37","Wed 11/18/2015- 2:25:10.60",1447787370,1447788310,21435,1447787354,1447788327,16,17,940,973,33
"blast500k_test_pub_fileFULL_gr_3149","IS24T-06XX255-DT","Wed 11/18/2015- 2:00:14.66","Wed 11/18/2015- 2:24:37.99",1447786814,1447788277,21436,1447786790,1447788294,24,17,1463,1504,41
"blast500k_test_pub_fileFULL_gr_315","IS24T-06XX263-DT","Tue 11/17/2015-18:32:40.68","Tue 11/17/2015-18:46:08.32",1447759960,1447760768,18602,1447759936,1447760782,24,14,808,846,38
"blast500k_test_pub_fileFULL_gr_3150","IS24T-06XX277-DT","Wed 11/18/2015- 2:13:22.95","Wed 11/18/2015- 2:29:18.94",1447787602,1447788558,21437,1447787591,1447788578,11,20,956,987,31
"blast500k_test_pub_fileFULL_gr_3151","IS24T-06XX282-DT","Wed 11/18/2015- 2:08:29.56","Wed 11/18/2015- 2:32:29.71",1447787309,1447788749,21438,1447787292,1447788768,17,19,1440,1476,36
"blast500k_test_pub_fileFULL_gr_3152","IS24T-06XX271-DT","Wed 11/18/2015- 2:24:11.47","Wed 11/18/2015- 2:42:19.72",1447788251,1447789339,21439,1447788234,1447789356,17,17,1088,1122,34
"blast500k_test_pub_fileFULL_gr_3153","IS24T-06XX254-DT","Wed 11/18/2015- 2:03:29.93","Wed 11/18/2015- 2:34:34.54",1447787009,1447788874,21440,1447786969,1447788890,40,16,1865,1921,56
"blast500k_test_pub_fileFULL_gr_3154","IS24T-06XX209-DT","Wed 11/18/2015- 2:03:39.83","Wed 11/18/2015- 2:26:54.75",1447787019,1447788414,21441,1447787041,1447788486,-22,72,1395,1445,50
"blast500k_test_pub_fileFULL_gr_3155","IS24T-06XX274-DT","Wed 11/18/2015- 2:42:06.02","Wed 11/18/2015- 3:05:21.44",1447789326,1447790721,21442,1447789299,1447790737,27,16,1395,1438,43
"blast500k_test_pub_fileFULL_gr_3156","IS24T-06XX257-DT","Wed 11/18/2015- 2:02:06.54","Wed 11/18/2015- 2:20:52.85",1447786926,1447788052,21443,1447786897,1447788070,29,18,1126,1173,47
"blast500k_test_pub_fileFULL_gr_3157","IS24T-06XX282-DT","Wed 11/18/2015- 2:02:18.66","Wed 11/18/2015- 2:16:50.80",1447786938,1447787810,21444,1447786922,1447787839,16,29,872,917,45
"blast500k_test_pub_fileFULL_gr_3158","IS24T-06XX275-DT","Wed 11/18/2015- 2:00:22.28","Wed 11/18/2015- 2:15:54.35",1447786822,1447787754,21445,1447786820,1447787782,2,28,932,962,30
"blast500k_test_pub_fileFULL_gr_3159","IS24T-06XX252-DT","Wed 11/18/2015- 2:23:17.21","Wed 11/18/2015- 2:42:31.22",1447788197,1447789351,21446,1447788169,1447789370,28,19,1154,1201,47
"blast500k_test_pub_fileFULL_gr_316","IS24T-06XX256-DT","Tue 11/17/2015-19:09:39.58","Tue 11/17/2015-19:21:49.63",1447762179,1447762909,18603,1447762156,1447762925,23,16,730,769,39
"blast500k_test_pub_fileFULL_gr_3160","IS24T-06XX254-DT","Wed 11/18/2015- 2:03:29.90","Wed 11/18/2015- 2:25:29.74",1447787009,1447788329,21447,1447786957,1447788344,52,15,1320,1387,67
"blast500k_test_pub_fileFULL_gr_3161","IS24T-06XX263-DT","Wed 11/18/2015- 2:25:42.63","Wed 11/18/2015- 2:47:01.56",1447788342,1447789621,21448,1447788314,1447789635,28,14,1279,1321,42
"blast500k_test_pub_fileFULL_gr_3162","IS24T-06XX257-DT","Wed 11/18/2015- 2:35:05.39","Wed 11/18/2015- 2:49:34.49",1447788905,1447789774,21449,1447788883,1447789788,22,14,869,905,36
"blast500k_test_pub_fileFULL_gr_3163","IS24T-06XX280-DT","Wed 11/18/2015- 1:59:10.91","Wed 11/18/2015- 2:17:39.67",1447786750,1447787859,21450,1447786905,1447788043,-155,184,1109,1138,29
"blast500k_test_pub_fileFULL_gr_3164","IS24T-06XX268-DT","Wed 11/18/2015- 2:10:31.17","Wed 11/18/2015- 2:30:39.74",1447787431,1447788639,21451,1447787406,1447788659,25,20,1208,1253,45
"blast500k_test_pub_fileFULL_gr_3165","IS24T-06XX292-DT","Wed 11/18/2015- 2:00:45.91","Wed 11/18/2015- 2:16:50.52",1447786845,1447787810,21452,1447786890,1447787894,-45,84,965,1004,39
"blast500k_test_pub_fileFULL_gr_3166","IS24T-06XX253-DT","Wed 11/18/2015- 2:04:21.43","Wed 11/18/2015- 2:18:10.83",1447787061,1447787890,21453,1447787035,1447787904,26,14,829,869,40
"blast500k_test_pub_fileFULL_gr_3167","IS24T-06XX285-DT","Wed 11/18/2015- 2:27:28.76","Wed 11/18/2015- 2:40:07.45",1447788448,1447789207,21454,1447788429,1447789231,19,24,759,802,43
"blast500k_test_pub_fileFULL_gr_3168","IS24T-06XX262-DT","Wed 11/18/2015- 2:08:36.67","Wed 11/18/2015- 2:40:03.20",1447787316,1447789203,21455,1447787294,1447789229,22,26,1887,1935,48
"blast500k_test_pub_fileFULL_gr_3169","IS24T-06XX253-DT","Wed 11/18/2015- 2:08:21.27","Wed 11/18/2015- 2:24:08.71",1447787301,1447788248,21456,1447787275,1447788267,26,19,947,992,45
"blast500k_test_pub_fileFULL_gr_317","IS24T-06XX254-DT","Tue 11/17/2015-19:05:58.52","Tue 11/17/2015-19:32:21.76",1447761958,1447763541,18604,1447761928,1447763560,30,19,1583,1632,49
"blast500k_test_pub_fileFULL_gr_3170","IS24T-06XX279-DT","Wed 11/18/2015- 2:15:30.34","Wed 11/18/2015- 2:35:49.37",1447787730,1447788949,21457,1447787733,1447788995,-3,46,1219,1262,43
"blast500k_test_pub_fileFULL_gr_3171","IS24T-06XX260-DT","Wed 11/18/2015- 3:20:16.41","Wed 11/18/2015- 3:37:43.06",1447791616,1447792663,21458,1447791588,1447792671,28,8,1047,1083,36
"blast500k_test_pub_fileFULL_gr_3172","IS24T-06XX292-DT","Wed 11/18/2015- 2:34:49.51","Wed 11/18/2015- 2:44:57.68",1447788889,1447789497,21459,1447788916,1447789583,-27,86,608,667,59
"blast500k_test_pub_fileFULL_gr_3173","IS24T-06XX287-DT","Wed 11/18/2015- 2:29:31.35","Wed 11/18/2015- 2:41:42.84",1447788571,1447789302,21460,1447788566,1447789335,5,33,731,769,38
"blast500k_test_pub_fileFULL_gr_3174","IS24T-06XX263-DT","Wed 11/18/2015- 2:24:14.19","Wed 11/18/2015- 2:47:22.47",1447788254,1447789642,21461,1447788222,1447789660,32,18,1388,1438,50
"blast500k_test_pub_fileFULL_gr_3175","IS24T-06XX262-DT","Wed 11/18/2015- 3:22:21.88","Wed 11/18/2015- 3:50:12.35",1447791741,1447793412,21462,1447791716,1447793440,25,28,1671,1724,53
"blast500k_test_pub_fileFULL_gr_3176","IS24T-06XX297-DT","Wed 11/18/2015- 2:04:57.51","Wed 11/18/2015- 2:23:22.72",1447787097,1447788202,21463,1447787083,1447788239,14,37,1105,1156,51
"blast500k_test_pub_fileFULL_gr_3177","IS24T-06XX298-DT","Wed 11/18/2015- 2:37:41.91","Wed 11/18/2015- 2:52:26.27",1447789061,1447789946,21464,1447789090,1447790009,-29,63,885,919,34
"blast500k_test_pub_fileFULL_gr_3178","IS24T-06XX264-DT","Wed 11/18/2015- 2:03:32.60","Wed 11/18/2015- 2:20:17.92",1447787012,1447788017,21465,1447786978,1447788030,34,13,1005,1052,47
"blast500k_test_pub_fileFULL_gr_3179","IS24T-06XX263-DT","Wed 11/18/2015- 2:08:39.65","Wed 11/18/2015- 2:23:24.88",1447787319,1447788204,21466,1447787292,1447788222,27,18,885,930,45
"blast500k_test_pub_fileFULL_gr_318","IS24T-06XX283-DT","Tue 11/17/2015-18:15:02.21","Tue 11/17/2015-18:27:56.24",1447758902,1447759676,18605,1447758889,1447759704,13,28,774,815,41
"blast500k_test_pub_fileFULL_gr_3180","IS24T-06XX259-DT","Wed 11/18/2015- 2:23:53.36","Wed 11/18/2015- 2:48:03.93",1447788233,1447789683,21467,1447788218,1447789699,15,16,1450,1481,31
"blast500k_test_pub_fileFULL_gr_3181","IS24T-06XX258-DT","Wed 11/18/2015- 2:34:37.80","Wed 11/18/2015- 2:43:51.51",1447788877,1447789431,21468,1447788852,1447789448,25,17,554,596,42
"blast500k_test_pub_fileFULL_gr_3182","IS24T-06XX257-DT","Wed 11/18/2015- 2:34:15.82","Wed 11/18/2015- 2:53:27.49",1447788855,1447790007,21469,1447788842,1447790025,13,18,1152,1183,31
"blast500k_test_pub_fileFULL_gr_3183","IS24T-06XX268-DT","Wed 11/18/2015- 2:31:12.00","Wed 11/18/2015- 2:47:25.65",1447788672,1447789645,21470,1447788647,1447789662,25,17,973,1015,42
"blast500k_test_pub_fileFULL_gr_3184","IS24T-06XX295-DT","Wed 11/18/2015- 2:18:47.26","Wed 11/18/2015- 2:34:39.16",1447787927,1447788879,21471,1447787944,1447788940,-17,61,952,996,44
"blast500k_test_pub_fileFULL_gr_3185","IS24T-06XX265-DT","Wed 11/18/2015- 2:06:54.94","Wed 11/18/2015- 2:16:58.15",1447787214,1447787818,21472,1447787190,1447787832,24,14,604,642,38
"blast500k_test_pub_fileFULL_gr_3186","IS24T-06XX300-DT","Wed 11/18/2015- 2:10:00.61","Wed 11/18/2015- 2:22:03.69",1447787400,1447788123,21473,1447787399,1447788150,1,27,723,751,28
"blast500k_test_pub_fileFULL_gr_3187","IS24T-06XX259-DT","Wed 11/18/2015- 2:09:37.32","Wed 11/18/2015- 2:23:33.88",1447787377,1447788213,21474,1447787349,1447788230,28,17,836,881,45
"blast500k_test_pub_fileFULL_gr_3188","IS24T-06XX267-DT","Wed 11/18/2015- 2:07:19.68","Wed 11/18/2015- 2:24:50.61",1447787239,1447788290,21475,1447787211,1447788309,28,19,1051,1098,47
"blast500k_test_pub_fileFULL_gr_3189","IS24T-06XX295-DT","Wed 11/18/2015- 2:09:12.49","Wed 11/18/2015- 2:24:17.56",1447787352,1447788257,21476,1447787383,1447788318,-31,61,905,935,30
"blast500k_test_pub_fileFULL_gr_319","IS24T-06XX295-DT","Tue 11/17/2015-18:23:13.37","Tue 11/17/2015-18:38:12.76",1447759393,1447760292,18606,1447759411,1447760349,-18,57,899,938,39
"blast500k_test_pub_fileFULL_gr_3190","IS24T-06XX284-DT","Wed 11/18/2015- 2:21:41.43","Wed 11/18/2015- 2:55:56.22",1447788101,1447790156,21477,1447788109,1447790219,-8,63,2055,2110,55
"blast500k_test_pub_fileFULL_gr_3191","IS24T-06XX285-DT","Wed 11/18/2015- 2:18:01.01","Wed 11/18/2015- 2:39:13.96",1447787881,1447789153,21478,1447787873,1447789180,8,27,1272,1307,35
"blast500k_test_pub_fileFULL_gr_3192","IS24T-06XX288-DT","Wed 11/18/2015- 2:11:02.83","Wed 11/18/2015- 2:37:04.29",1447787462,1447789024,21479,1447787420,1447789035,42,11,1562,1615,53
"blast500k_test_pub_fileFULL_gr_3193","IS24T-06XX262-DT","Wed 11/18/2015- 2:11:37.30","Wed 11/18/2015- 2:34:53.38",1447787497,1447788893,21480,1447787478,1447788919,19,26,1396,1441,45
"blast500k_test_pub_fileFULL_gr_3194","IS24T-06XX293-DT","Wed 11/18/2015- 2:25:33.15","Wed 11/18/2015- 2:39:47.46",1447788333,1447789187,21481,1447788321,1447789213,12,26,854,892,38
"blast500k_test_pub_fileFULL_gr_3195","IS24T-06XX293-DT","Wed 11/18/2015- 2:14:04.80","Wed 11/18/2015- 2:24:59.25",1447787644,1447788299,21482,1447787650,1447788334,-6,35,655,684,29
"blast500k_test_pub_fileFULL_gr_3196","IS24T-06XX271-DT","Wed 11/18/2015- 2:11:56.83","Wed 11/18/2015- 2:23:50.73",1447787516,1447788230,21483,1447787489,1447788246,27,16,714,757,43
"blast500k_test_pub_fileFULL_gr_3197","IS24T-06XX281-DT","Wed 11/18/2015- 2:16:06.31","Wed 11/18/2015- 2:25:19.59",1447787766,1447788319,21484,1447787763,1447788346,3,27,553,583,30
"blast500k_test_pub_fileFULL_gr_3198","IS24T-06XX266-DT","Wed 11/18/2015- 2:07:04.62","Wed 11/18/2015- 2:20:10.97",1447787224,1447788010,21485,1447787199,1447788026,25,16,786,827,41
"blast500k_test_pub_fileFULL_gr_3199","IS24T-06XX280-DT","Wed 11/18/2015- 2:30:57.69","Wed 11/18/2015- 2:48:55.24",1447788657,1447789735,21486,1447788798,1447789917,-141,182,1078,1119,41
"blast500k_test_pub_fileFULL_gr_32","IS24T-06XX285-DT","Tue 11/17/2015-17:45:13.78","Tue 11/17/2015-17:56:26.76",1447757113,1447757786,18319,1447757086,1447757802,27,16,673,716,43
"blast500k_test_pub_fileFULL_gr_320","IS24T-06XX265-DT","Tue 11/17/2015-18:28:58.68","Tue 11/17/2015-18:47:05.29",1447759738,1447760825,18607,1447759709,1447760843,29,18,1087,1134,47
"blast500k_test_pub_fileFULL_gr_3200","IS24T-06XX209-DT","Wed 11/18/2015- 2:16:38.84","Wed 11/18/2015- 2:46:34.47",1447787798,1447789594,21487,1447787816,1447789665,-18,71,1796,1849,53
"blast500k_test_pub_fileFULL_gr_3201","IS24T-06XX295-DT","Wed 11/18/2015- 2:24:44.65","Wed 11/18/2015- 2:38:22.14",1447788284,1447789102,21488,1447788306,1447789162,-22,60,818,856,38
"blast500k_test_pub_fileFULL_gr_3202","IS24T-06XX279-DT","Wed 11/18/2015- 2:09:32.37","Wed 11/18/2015- 2:25:07.71",1447787372,1447788307,21489,1447787376,1447788352,-4,45,935,976,41
"blast500k_test_pub_fileFULL_gr_3203","IS24T-06XX254-DT","Wed 11/18/2015- 2:07:18.10","Wed 11/18/2015- 2:32:14.43",1447787238,1447788734,21490,1447787212,1447788752,26,18,1496,1540,44
"blast500k_test_pub_fileFULL_gr_3204","IS24T-06XX287-DT","Wed 11/18/2015- 2:13:05.94","Wed 11/18/2015- 2:29:08.18",1447787585,1447788548,21491,1447787591,1447788579,-6,31,963,988,25
"blast500k_test_pub_fileFULL_gr_3205","IS24T-06XX259-DT","Wed 11/18/2015- 2:38:59.06","Wed 11/18/2015- 2:51:06.74",1447789139,1447789866,21492,1447789113,1447789885,26,19,727,772,45
"blast500k_test_pub_fileFULL_gr_3206","IS24T-06XX278-DT","Wed 11/18/2015- 2:07:45.49","Wed 11/18/2015- 2:23:28.07",1447787265,1447788208,21493,1447787258,1447788243,7,35,943,985,42
"blast500k_test_pub_fileFULL_gr_3207","IS24T-06XX253-DT","Wed 11/18/2015- 2:18:36.61","Wed 11/18/2015- 2:32:57.07",1447787916,1447788777,21494,1447787893,1447788794,23,17,861,901,40
"blast500k_test_pub_fileFULL_gr_3208","IS24T-06XX274-DT","Wed 11/18/2015- 2:14:08.36","Wed 11/18/2015- 2:29:12.31",1447787648,1447788552,21495,1447787623,1447788570,25,18,904,947,43
"blast500k_test_pub_fileFULL_gr_3209","IS24T-06XX264-DT","Wed 11/18/2015- 2:42:22.92","Wed 11/18/2015- 2:58:40.85",1447789342,1447790320,21496,1447789308,1447790336,34,16,978,1028,50
"blast500k_test_pub_fileFULL_gr_321","IS24T-06XX282-DT","Tue 11/17/2015-18:27:01.99","Tue 11/17/2015-18:42:41.05",1447759621,1447760561,18608,1447759607,1447760586,14,25,940,979,39
"blast500k_test_pub_fileFULL_gr_3210","IS24T-06XX269-DT","Wed 11/18/2015- 2:20:02.89","Wed 11/18/2015- 2:45:07.74",1447788002,1447789507,21497,1447787997,1447789541,5,34,1505,1544,39
"blast500k_test_pub_fileFULL_gr_3211","IS24T-06XX265-DT","Wed 11/18/2015- 2:17:25.07","Wed 11/18/2015- 2:33:58.26",1447787845,1447788838,21498,1447787820,1447788856,25,18,993,1036,43
"blast500k_test_pub_fileFULL_gr_3212","IS24T-06XX292-DT","Wed 11/18/2015- 2:18:04.39","Wed 11/18/2015- 2:34:05.54",1447787884,1447788845,21499,1447787937,1447788928,-53,83,961,991,30
"blast500k_test_pub_fileFULL_gr_3213","IS24T-06XX276-DT","Wed 11/18/2015- 2:08:27.93","Wed 11/18/2015- 2:30:52.35",1447787307,1447788652,21500,1447787286,1447788669,21,17,1345,1383,38
"blast500k_test_pub_fileFULL_gr_3214","IS24T-06XX300-DT","Wed 11/18/2015- 3:14:00.22","Wed 11/18/2015- 3:30:17.15",1447791240,1447792217,21501,1447791235,1447792244,5,27,977,1009,32
"blast500k_test_pub_fileFULL_gr_3215","IS24T-06XX293-DT","Wed 11/18/2015- 2:55:04.97","Wed 11/18/2015- 3:10:48.07",1447790104,1447791048,21502,1447790097,1447791084,7,36,944,987,43
"blast500k_test_pub_fileFULL_gr_3216","IS24T-06XX265-DT","Wed 11/18/2015- 3:06:20.68","Wed 11/18/2015- 3:27:18.50",1447790780,1447792038,21503,1447790753,1447792054,27,16,1258,1301,43
"blast500k_test_pub_fileFULL_gr_3217","IS24T-06XX289-DT","Wed 11/18/2015- 2:13:07.27","Wed 11/18/2015- 2:29:20.78",1447787587,1447788560,21504,1447787586,1447788595,1,35,973,1009,36
"blast500k_test_pub_fileFULL_gr_3218","IS24T-06XX286-DT","Wed 11/18/2015- 2:12:40.90","Wed 11/18/2015- 2:21:38.85",1447787560,1447788098,21505,1447787562,1447788131,-2,33,538,569,31
"blast500k_test_pub_fileFULL_gr_3219","IS24T-06XX284-DT","Wed 11/18/2015- 2:08:42.01","Wed 11/18/2015- 2:36:44.50",1447787322,1447789004,21506,1447787327,1447789065,-5,61,1682,1738,56
"blast500k_test_pub_fileFULL_gr_322","IS24T-06XX266-DT","Tue 11/17/2015-18:35:40.30","Tue 11/17/2015-18:49:53.09",1447760140,1447760993,18609,1447760120,1447761011,20,18,853,891,38
"blast500k_test_pub_fileFULL_gr_3220","IS24T-06XX289-DT","Wed 11/18/2015- 2:11:39.89","Wed 11/18/2015- 2:32:17.56",1447787499,1447788737,21507,1447787494,1447788772,5,35,1238,1278,40
"blast500k_test_pub_fileFULL_gr_3221","IS24T-06XX209-DT","Wed 11/18/2015- 2:09:18.34","Wed 11/18/2015- 2:28:28.52",1447787358,1447788508,21508,1447787380,1447788574,-22,66,1150,1194,44
"blast500k_test_pub_fileFULL_gr_3222","IS24T-06XX273-DT","Wed 11/18/2015- 2:09:58.99","Wed 11/18/2015- 2:27:28.85",1447787398,1447788448,21509,1447787375,1447788461,23,13,1050,1086,36
"blast500k_test_pub_fileFULL_gr_3223","IS24T-06XX286-DT","Wed 11/18/2015- 2:20:28.12","Wed 11/18/2015- 2:38:43.61",1447788028,1447789123,21510,1447788017,1447789143,11,20,1095,1126,31
"blast500k_test_pub_fileFULL_gr_3224","IS24T-06XX256-DT","Wed 11/18/2015- 2:18:20.01","Wed 11/18/2015- 2:26:33.11",1447787900,1447788393,21511,1447787874,1447788412,26,19,493,538,45
"blast500k_test_pub_fileFULL_gr_3225","IS24T-06XX265-DT","Wed 11/18/2015- 2:25:13.86","Wed 11/18/2015- 2:36:33.30",1447788313,1447788993,21512,1447788293,1447789007,20,14,680,714,34
"blast500k_test_pub_fileFULL_gr_3226","IS24T-06XX259-DT","Wed 11/18/2015- 2:21:55.86","Wed 11/18/2015- 2:38:25.47",1447788115,1447789105,21513,1447788092,1447789125,23,20,990,1033,43
"blast500k_test_pub_fileFULL_gr_3227","IS24T-06XX268-DT","Wed 11/18/2015- 2:19:12.07","Wed 11/18/2015- 2:31:48.83",1447787952,1447788708,21514,1447787926,1447788724,26,16,756,798,42
"blast500k_test_pub_fileFULL_gr_3228","IS24T-06XX262-DT","Wed 11/18/2015- 2:35:56.05","Wed 11/18/2015- 3:04:23.71",1447788956,1447790663,21515,1447788908,1447790691,48,28,1707,1783,76
"blast500k_test_pub_fileFULL_gr_3229","IS24T-06XX269-DT","Wed 11/18/2015- 2:36:26.67","Wed 11/18/2015- 2:55:32.89",1447788986,1447790132,21516,1447788974,1447790164,12,32,1146,1190,44
"blast500k_test_pub_fileFULL_gr_323","IS24T-06XX288-DT","Tue 11/17/2015-18:30:04.46","Tue 11/17/2015-18:52:05.13",1447759804,1447761125,18610,1447759770,1447761137,34,12,1321,1367,46
"blast500k_test_pub_fileFULL_gr_3230","IS24T-06XX254-DT","Wed 11/18/2015- 2:16:23.44","Wed 11/18/2015- 2:57:35.66",1447787783,1447790255,21517,1447787752,1447790273,31,18,2472,2521,49
"blast500k_test_pub_fileFULL_gr_3231","IS24T-06XX282-DT","Wed 11/18/2015- 2:17:25.58","Wed 11/18/2015- 2:32:21.58",1447787845,1447788741,21518,1447787826,1447788768,19,27,896,942,46
"blast500k_test_pub_fileFULL_gr_3232","IS24T-06XX272-DT","Wed 11/18/2015- 2:32:00.24","Wed 11/18/2015- 2:41:09.45",1447788720,1447789269,21519,1447788701,1447789288,19,19,549,587,38
"blast500k_test_pub_fileFULL_gr_3233","IS24T-06XX269-DT","Wed 11/18/2015- 2:16:50.32","Wed 11/18/2015- 2:35:55.00",1447787810,1447788955,21520,1447787794,1447788986,16,31,1145,1192,47
"blast500k_test_pub_fileFULL_gr_3234","IS24T-06XX266-DT","Wed 11/18/2015- 2:32:49.29","Wed 11/18/2015- 2:45:36.83",1447788769,1447789536,21521,1447788738,1447789551,31,15,767,813,46
"blast500k_test_pub_fileFULL_gr_3235","IS24T-06XX280-DT","Wed 11/18/2015- 2:18:04.25","Wed 11/18/2015- 2:30:27.35",1447787884,1447788627,21522,1447788031,1447788810,-147,183,743,779,36
"blast500k_test_pub_fileFULL_gr_3236","IS24T-06XX278-DT","Wed 11/18/2015- 2:55:48.97","Wed 11/18/2015- 3:13:06.48",1447790148,1447791186,21523,1447790136,1447791220,12,34,1038,1084,46
"blast500k_test_pub_fileFULL_gr_3237","IS24T-06XX294-DT","Wed 11/18/2015- 2:17:26.09","Wed 11/18/2015- 2:29:02.21",1447787846,1447788542,21524,1447787838,1447788571,8,29,696,733,37
"blast500k_test_pub_fileFULL_gr_3238","IS24T-06XX293-DT","Wed 11/18/2015- 2:12:19.96","Wed 11/18/2015- 2:39:02.23",1447787539,1447789142,21525,1447787535,1447789179,4,37,1603,1644,41
"blast500k_test_pub_fileFULL_gr_3239","IS24T-06XX285-DT","Wed 11/18/2015- 2:39:44.03","Wed 11/18/2015- 2:48:21.89",1447789184,1447789701,21526,1447789169,1447789728,15,27,517,559,42
"blast500k_test_pub_fileFULL_gr_324","IS24T-06XX265-DT","Tue 11/17/2015-18:28:58.68","Tue 11/17/2015-18:44:16.61",1447759738,1447760656,18611,1447759697,1447760672,41,16,918,975,57
"blast500k_test_pub_fileFULL_gr_3240","IS24T-06XX209-DT","Wed 11/18/2015- 2:29:10.60","Wed 11/18/2015- 2:52:23.17",1447788550,1447789943,21527,1447788561,1447790014,-11,71,1393,1453,60
"blast500k_test_pub_fileFULL_gr_3241","IS24T-06XX257-DT","Wed 11/18/2015- 2:50:04.33","Wed 11/18/2015- 3:01:21.75",1447789804,1447790481,21528,1447789776,1447790497,28,16,677,721,44
"blast500k_test_pub_fileFULL_gr_3242","IS24T-06XX280-DT","Wed 11/18/2015- 2:15:45.70","Wed 11/18/2015- 2:32:45.74",1447787745,1447788765,21529,1447787884,1447788947,-139,182,1020,1063,43
"blast500k_test_pub_fileFULL_gr_3243","IS24T-06XX264-DT","Wed 11/18/2015- 2:18:27.32","Wed 11/18/2015- 2:41:44.74",1447787907,1447789304,21530,1447787873,1447789320,34,16,1397,1447,50
"blast500k_test_pub_fileFULL_gr_3244","IS24T-06XX299-DT","Wed 11/18/2015- 2:31:04.55","Wed 11/18/2015- 2:51:43.62",1447788664,1447789903,21531,1447788678,1447789956,-14,53,1239,1278,39
"blast500k_test_pub_fileFULL_gr_3245","IS24T-06XX255-DT","Wed 11/18/2015- 2:37:22.51","Wed 11/18/2015- 2:51:25.41",1447789042,1447789885,21532,1447789015,1447789901,27,16,843,886,43
"blast500k_test_pub_fileFULL_gr_3246","IS24T-06XX293-DT","Wed 11/18/2015- 4:07:11.43","Wed 11/18/2015- 4:18:30.39",1447794431,1447795110,21533,1447794423,1447795145,8,35,679,722,43
"blast500k_test_pub_fileFULL_gr_3247","IS24T-06XX299-DT","Wed 11/18/2015- 2:16:50.71","Wed 11/18/2015- 2:30:37.18",1447787810,1447788637,21534,1447787823,1447788690,-13,53,827,867,40
"blast500k_test_pub_fileFULL_gr_3248","IS24T-06XX278-DT","Wed 11/18/2015- 2:14:25.08","Wed 11/18/2015- 2:28:13.26",1447787665,1447788493,21535,1447787665,1447788525,0,32,828,860,32
"blast500k_test_pub_fileFULL_gr_3249","IS24T-06XX262-DT","Wed 11/18/2015- 2:23:43.08","Wed 11/18/2015- 2:56:54.00",1447788223,1447790214,21536,1447788196,1447790240,27,26,1991,2044,53
"blast500k_test_pub_fileFULL_gr_325","IS24T-06XX264-DT","Tue 11/17/2015-18:17:27.85","Tue 11/17/2015-18:37:41.70",1447759047,1447760261,18612,1447759021,1447760279,26,18,1214,1258,44
"blast500k_test_pub_fileFULL_gr_3250","IS24T-06XX273-DT","Wed 11/18/2015- 2:37:21.39","Wed 11/18/2015- 2:56:14.58",1447789041,1447790174,21537,1447789018,1447790191,23,17,1133,1173,40
"blast500k_test_pub_fileFULL_gr_3251","IS24T-06XX258-DT","Wed 11/18/2015- 2:15:49.28","Wed 11/18/2015- 2:34:10.12",1447787749,1447788850,21538,1447787724,1447788864,25,14,1101,1140,39
"blast500k_test_pub_fileFULL_gr_3252","IS24T-06XX296-DT","Wed 11/18/2015- 2:20:37.23","Wed 11/18/2015- 2:37:10.60",1447788037,1447789030,21539,1447788017,1447789058,20,28,993,1041,48
"blast500k_test_pub_fileFULL_gr_3253","IS24T-06XX278-DT","Wed 11/18/2015- 2:28:44.92","Wed 11/18/2015- 2:42:15.22",1447788524,1447789335,21540,1447788513,1447789369,11,34,811,856,45
"blast500k_test_pub_fileFULL_gr_3254","IS24T-06XX274-DT","Wed 11/18/2015- 2:25:01.14","Wed 11/18/2015- 2:41:31.75",1447788301,1447789291,21541,1447788272,1447789311,29,20,990,1039,49
"blast500k_test_pub_fileFULL_gr_3255","IS24T-06XX267-DT","Wed 11/18/2015- 2:25:20.02","Wed 11/18/2015- 2:39:09.27",1447788320,1447789149,21542,1447788297,1447789167,23,18,829,870,41
"blast500k_test_pub_fileFULL_gr_3256","IS24T-06XX209-DT","Wed 11/18/2015- 2:27:31.49","Wed 11/18/2015- 2:54:35.32",1447788451,1447790075,21543,1447788474,1447790147,-23,72,1624,1673,49
"blast500k_test_pub_fileFULL_gr_3257","IS24T-06XX281-DT","Wed 11/18/2015- 2:15:41.73","Wed 11/18/2015- 2:29:42.17",1447787741,1447788582,21544,1447787727,1447788608,14,26,841,881,40
"blast500k_test_pub_fileFULL_gr_3258","IS24T-06XX294-DT","Wed 11/18/2015- 2:47:56.01","Wed 11/18/2015- 2:58:42.26",1447789676,1447790322,21545,1447789665,1447790348,11,26,646,683,37
"blast500k_test_pub_fileFULL_gr_3259","IS24T-06XX265-DT","Wed 11/18/2015- 2:34:23.75","Wed 11/18/2015- 2:47:31.41",1447788863,1447789651,21546,1447788843,1447789665,20,14,788,822,34
"blast500k_test_pub_fileFULL_gr_326","IS24T-06XX300-DT","Tue 11/17/2015-18:25:21.23","Tue 11/17/2015-18:36:57.20",1447759521,1447760217,18613,1447759495,1447760242,26,25,696,747,51
"blast500k_test_pub_fileFULL_gr_3260","IS24T-06XX268-DT","Wed 11/18/2015- 2:32:05.72","Wed 11/18/2015- 2:59:47.65",1447788725,1447790387,21547,1447788712,1447790405,13,18,1662,1693,31
"blast500k_test_pub_fileFULL_gr_3261","IS24T-06XX267-DT","Wed 11/18/2015- 2:21:45.59","Wed 11/18/2015- 2:42:06.94",1447788105,1447789326,21548,1447788081,1447789345,24,19,1221,1264,43
"blast500k_test_pub_fileFULL_gr_3262","IS24T-06XX255-DT","Wed 11/18/2015- 2:17:25.82","Wed 11/18/2015- 2:32:02.92",1447787845,1447788722,21549,1447787819,1447788741,26,19,877,922,45
"blast500k_test_pub_fileFULL_gr_3263","IS24T-06XX271-DT","Wed 11/18/2015- 2:58:46.52","Wed 11/18/2015- 3:17:01.31",1447790326,1447791421,21550,1447790302,1447791435,24,14,1095,1133,38
"blast500k_test_pub_fileFULL_gr_3264","IS24T-06XX285-DT","Wed 11/18/2015- 3:07:56.72","Wed 11/18/2015- 3:21:46.24",1447790876,1447791706,21551,1447790868,1447791733,8,27,830,865,35
"blast500k_test_pub_fileFULL_gr_3265","IS24T-06XX287-DT","Wed 11/18/2015- 2:20:03.44","Wed 11/18/2015- 2:40:08.90",1447788003,1447789208,21552,1447788000,1447789240,3,32,1205,1240,35
"blast500k_test_pub_fileFULL_gr_3266","IS24T-06XX288-DT","Wed 11/18/2015- 3:20:15.50","Wed 11/18/2015- 3:47:35.67",1447791615,1447793255,21553,1447791571,1447793265,44,10,1640,1694,54
"blast500k_test_pub_fileFULL_gr_3267","IS24T-06XX294-DT","Wed 11/18/2015- 2:29:24.56","Wed 11/18/2015- 2:47:30.30",1447788564,1447789650,21554,1447788559,1447789679,5,29,1086,1120,34
"blast500k_test_pub_fileFULL_gr_3268","IS24T-06XX289-DT","Wed 11/18/2015- 2:32:36.16","Wed 11/18/2015- 2:44:55.95",1447788756,1447789495,21555,1447788759,1447789530,-3,35,739,771,32
"blast500k_test_pub_fileFULL_gr_3269","IS24T-06XX264-DT","Wed 11/18/2015- 2:20:42.22","Wed 11/18/2015- 2:52:19.05",1447788042,1447789939,21556,1447788019,1447789947,23,8,1897,1928,31
"blast500k_test_pub_fileFULL_gr_327","IS24T-06XX263-DT","Tue 11/17/2015-18:46:54.31","Tue 11/17/2015-19:03:35.45",1447760814,1447761815,18614,1447760782,1447761831,32,16,1001,1049,48
"blast500k_test_pub_fileFULL_gr_3270","IS24T-06XX286-DT","Wed 11/18/2015- 2:21:56.36","Wed 11/18/2015- 2:37:36.52",1447788116,1447789056,21557,1447788119,1447789083,-3,27,940,964,24
"blast500k_test_pub_fileFULL_gr_3271","IS24T-06XX262-DT","Wed 11/18/2015- 2:17:45.81","Wed 11/18/2015- 2:45:14.27",1447787865,1447789514,21558,1447787846,1447789543,19,29,1649,1697,48
"blast500k_test_pub_fileFULL_gr_3272","IS24T-06XX261-DT","Wed 11/18/2015- 2:31:17.62","Wed 11/18/2015- 2:47:47.34",1447788677,1447789667,21559,1447788652,1447789682,25,15,990,1030,40
"blast500k_test_pub_fileFULL_gr_3273","IS24T-06XX277-DT","Wed 11/18/2015- 2:29:53.82","Wed 11/18/2015- 2:47:18.54",1447788593,1447789638,21560,1447788566,1447789654,27,16,1045,1088,43
"blast500k_test_pub_fileFULL_gr_3274","IS24T-06XX288-DT","Wed 11/18/2015- 2:54:24.69","Wed 11/18/2015- 3:24:18.04",1447790064,1447791858,21561,1447790027,1447791865,37,7,1794,1838,44
"blast500k_test_pub_fileFULL_gr_3275","IS24T-06XX292-DT","Wed 11/18/2015- 2:17:17.79","Wed 11/18/2015- 2:34:14.69",1447787837,1447788854,21562,1447787882,1447788939,-45,85,1017,1057,40
"blast500k_test_pub_fileFULL_gr_3276","IS24T-06XX286-DT","Wed 11/18/2015- 2:39:14.30","Wed 11/18/2015- 2:54:49.43",1447789154,1447790089,21563,1447789154,1447790118,0,29,935,964,29
"blast500k_test_pub_fileFULL_gr_3277","IS24T-06XX291-DT","Wed 11/18/2015- 2:32:20.19","Wed 11/18/2015- 2:51:04.34",1447788740,1447789864,21564,1447788725,1447789890,15,26,1124,1165,41
"blast500k_test_pub_fileFULL_gr_3278","IS24T-06XX300-DT","Wed 11/18/2015- 2:57:55.20","Wed 11/18/2015- 3:11:31.50",1447790275,1447791091,21565,1447790273,1447791114,2,23,816,841,25
"blast500k_test_pub_fileFULL_gr_3279","IS24T-06XX287-DT","Wed 11/18/2015- 2:41:58.17","Wed 11/18/2015- 3:03:21.54",1447789318,1447790601,21566,1447789323,1447790633,-5,32,1283,1310,27
"blast500k_test_pub_fileFULL_gr_328","IS24T-06XX278-DT","Tue 11/17/2015-19:00:31.20","Tue 11/17/2015-19:16:19.96",1447761631,1447762579,18615,1447761625,1447762614,6,35,948,989,41
"blast500k_test_pub_fileFULL_gr_3280","IS24T-06XX292-DT","Wed 11/18/2015- 2:34:49.50","Wed 11/18/2015- 2:56:12.20",1447788889,1447790172,21567,1447788928,1447790256,-39,84,1283,1328,45
"blast500k_test_pub_fileFULL_gr_3281","IS24T-06XX209-DT","Wed 11/18/2015- 2:18:39.35","Wed 11/18/2015- 2:42:33.22",1447787919,1447789353,21568,1447787934,1447789421,-15,68,1434,1487,53
"blast500k_test_pub_fileFULL_gr_3282","IS24T-06XX283-DT","Wed 11/18/2015- 3:11:34.02","Wed 11/18/2015- 3:28:41.13",1447791094,1447792121,21569,1447791067,1447792151,27,30,1027,1084,57
"blast500k_test_pub_fileFULL_gr_3283","IS24T-06XX265-DT","Wed 11/18/2015- 3:23:34.25","Wed 11/18/2015- 3:41:00.24",1447791814,1447792860,21570,1447791760,1447792875,54,15,1046,1115,69
"blast500k_test_pub_fileFULL_gr_3284","IS24T-06XX258-DT","Wed 11/18/2015- 2:19:27.78","Wed 11/18/2015- 2:36:36.13",1447787967,1447788996,21571,1447787955,1447789011,12,15,1029,1056,27
"blast500k_test_pub_fileFULL_gr_3285","IS24T-06XX273-DT","Wed 11/18/2015- 2:27:43.49","Wed 11/18/2015- 2:46:38.04",1447788463,1447789598,21572,1447788450,1447789615,13,17,1135,1165,30
"blast500k_test_pub_fileFULL_gr_3286","IS24T-06XX297-DT","Wed 11/18/2015- 2:23:59.53","Wed 11/18/2015- 3:06:23.67",1447788239,1447790783,21573,1447788226,1447790819,13,36,2544,2593,49
"blast500k_test_pub_fileFULL_gr_3287","IS24T-06XX253-DT","Wed 11/18/2015- 2:24:37.78","Wed 11/18/2015- 2:46:24.06",1447788277,1447789584,21574,1447788255,1447789600,22,16,1307,1345,38
"blast500k_test_pub_fileFULL_gr_3288","IS24T-06XX288-DT","Wed 11/18/2015- 2:37:37.86","Wed 11/18/2015- 3:04:42.84",1447789057,1447790682,21575,1447789023,1447790697,34,15,1625,1674,49
"blast500k_test_pub_fileFULL_gr_3289","IS24T-06XX255-DT","Wed 11/18/2015- 2:32:33.52","Wed 11/18/2015- 2:44:32.85",1447788753,1447789472,21576,1447788729,1447789490,24,18,719,761,42
"blast500k_test_pub_fileFULL_gr_329","IS24T-06XX289-DT","Tue 11/17/2015-18:18:41.25","Tue 11/17/2015-18:38:25.76",1447759121,1447760305,18616,1447759123,1447760337,-2,32,1184,1214,30
"blast500k_test_pub_fileFULL_gr_3290","IS24T-06XX253-DT","Wed 11/18/2015- 2:44:20.52","Wed 11/18/2015- 3:08:39.10",1447789460,1447790919,21577,1447789433,1447790931,27,12,1459,1498,39
"blast500k_test_pub_fileFULL_gr_3291","IS24T-06XX300-DT","Wed 11/18/2015- 2:22:35.56","Wed 11/18/2015- 2:44:02.02",1447788155,1447789442,21578,1447788139,1447789466,16,24,1287,1327,40
"blast500k_test_pub_fileFULL_gr_3292","IS24T-06XX294-DT","Wed 11/18/2015- 2:24:28.50","Wed 11/18/2015- 2:40:22.32",1447788268,1447789222,21579,1447788259,1447789250,9,28,954,991,37
"blast500k_test_pub_fileFULL_gr_3293","IS24T-06XX252-DT","Wed 11/18/2015- 2:23:17.22","Wed 11/18/2015- 2:39:08.40",1447788197,1447789148,21580,1447788157,1447789162,40,14,951,1005,54
"blast500k_test_pub_fileFULL_gr_3294","IS24T-06XX260-DT","Wed 11/18/2015- 2:23:51.59","Wed 11/18/2015- 2:45:58.30",1447788231,1447789558,21581,1447788213,1447789575,18,17,1327,1362,35
"blast500k_test_pub_fileFULL_gr_3295","IS24T-06XX299-DT","Wed 11/18/2015- 2:52:11.64","Wed 11/18/2015- 3:10:01.82",1447789931,1447791001,21582,1447789944,1447791057,-13,56,1070,1113,43
"blast500k_test_pub_fileFULL_gr_3296","IS24T-06XX264-DT","Wed 11/18/2015- 2:25:37.63","Wed 11/18/2015- 2:50:43.18",1447788337,1447789843,21583,1447788311,1447789858,26,15,1506,1547,41
"blast500k_test_pub_fileFULL_gr_3297","IS24T-06XX283-DT","Wed 11/18/2015- 2:29:32.62","Wed 11/18/2015- 2:43:07.25",1447788572,1447789387,21584,1447788571,1447789418,1,31,815,847,32
"blast500k_test_pub_fileFULL_gr_3298","IS24T-06XX283-DT","Wed 11/18/2015- 2:26:53.65","Wed 11/18/2015- 2:42:40.71",1447788413,1447789360,21585,1447788400,1447789391,13,31,947,991,44
"blast500k_test_pub_fileFULL_gr_3299","IS24T-06XX276-DT","Wed 11/18/2015- 2:31:22.96","Wed 11/18/2015- 2:51:02.25",1447788682,1447789862,21586,1447788657,1447789880,25,18,1180,1223,43
"blast500k_test_pub_fileFULL_gr_33","IS24T-06XX259-DT","Tue 11/17/2015-17:43:57.01","Tue 11/17/2015-18:01:33.15",1447757037,1447758093,18320,1447756995,1447758110,42,17,1056,1115,59
"blast500k_test_pub_fileFULL_gr_330","IS24T-06XX274-DT","Tue 11/17/2015-19:08:21.16","Tue 11/17/2015-19:30:11.43",1447762101,1447763411,18617,1447762075,1447763426,26,15,1310,1351,41
"blast500k_test_pub_fileFULL_gr_3300","IS24T-06XX297-DT","Wed 11/18/2015- 2:32:00.39","Wed 11/18/2015- 2:56:32.30",1447788720,1447790192,21587,1447788708,1447790218,12,26,1472,1510,38
"blast500k_test_pub_fileFULL_gr_3301","IS24T-06XX275-DT","Wed 11/18/2015- 2:27:26.07","Wed 11/18/2015- 2:46:38.12",1447788446,1447789598,21588,1447788432,1447789627,14,29,1152,1195,43
"blast500k_test_pub_fileFULL_gr_3302","IS24T-06XX263-DT","Wed 11/18/2015- 2:47:48.28","Wed 11/18/2015- 3:10:57.93",1447789668,1447791057,21589,1447789648,1447791072,20,15,1389,1424,35
"blast500k_test_pub_fileFULL_gr_3303","IS24T-06XX287-DT","Wed 11/18/2015- 2:40:41.81","Wed 11/18/2015- 3:04:31.73",1447789241,1447790671,21590,1447789240,1447790703,1,32,1430,1463,33
"blast500k_test_pub_fileFULL_gr_3304","IS24T-06XX275-DT","Wed 11/18/2015- 2:42:33.40","Wed 11/18/2015- 2:59:05.71",1447789353,1447790345,21591,1447789339,1447790375,14,30,992,1036,44
"blast500k_test_pub_fileFULL_gr_3305","IS24T-06XX263-DT","Wed 11/18/2015- 3:11:22.81","Wed 11/18/2015- 3:25:40.85",1447791082,1447791940,21592,1447791059,1447791957,23,17,858,898,40
"blast500k_test_pub_fileFULL_gr_3306","IS24T-06XX255-DT","Wed 11/18/2015- 2:25:08.40","Wed 11/18/2015- 2:36:50.20",1447788308,1447789010,21593,1447788282,1447789027,26,17,702,745,43
"blast500k_test_pub_fileFULL_gr_3307","IS24T-06XX253-DT","Wed 11/18/2015- 2:46:54.59","Wed 11/18/2015- 3:01:08.11",1447789614,1447790468,21594,1447789587,1447790483,27,15,854,896,42
"blast500k_test_pub_fileFULL_gr_3308","IS24T-06XX284-DT","Wed 11/18/2015- 2:56:37.87","Wed 11/18/2015- 3:20:14.98",1447790197,1447791614,21595,1447790207,1447791674,-10,60,1417,1467,50
"blast500k_test_pub_fileFULL_gr_3309","IS24T-06XX295-DT","Wed 11/18/2015- 2:35:21.07","Wed 11/18/2015- 2:55:04.42",1447788921,1447790104,21596,1447788940,1447790165,-19,61,1183,1225,42
"blast500k_test_pub_fileFULL_gr_331","IS24T-06XX280-DT","Tue 11/17/2015-18:37:10.44","Tue 11/17/2015-18:52:24.60",1447760230,1447761144,18618,1447760380,1447761324,-150,180,914,944,30
"blast500k_test_pub_fileFULL_gr_3310","IS24T-06XX279-DT","Wed 11/18/2015- 2:36:21.54","Wed 11/18/2015- 2:51:25.83",1447788981,1447789885,21597,1447788983,1447789928,-2,43,904,945,41
"blast500k_test_pub_fileFULL_gr_3311","IS24T-06XX262-DT","Wed 11/18/2015- 2:57:38.42","Wed 11/18/2015- 3:23:52.91",1447790258,1447791832,21598,1447790229,1447791863,29,31,1574,1634,60
"blast500k_test_pub_fileFULL_gr_3312","IS24T-06XX272-DT","Wed 11/18/2015- 2:42:41.45","Wed 11/18/2015- 2:55:41.45",1447789361,1447790141,21599,1447789347,1447790158,14,17,780,811,31
"blast500k_test_pub_fileFULL_gr_3313","IS24T-06XX286-DT","Wed 11/18/2015- 2:59:53.53","Wed 11/18/2015- 3:22:41.25",1447790393,1447791761,21600,1447790394,1447791792,-1,31,1368,1398,30
"blast500k_test_pub_fileFULL_gr_3314","IS24T-06XX282-DT","Wed 11/18/2015- 2:33:05.87","Wed 11/18/2015- 2:55:40.15",1447788785,1447790140,21601,1447788768,1447790164,17,24,1355,1396,41
"blast500k_test_pub_fileFULL_gr_3315","IS24T-06XX257-DT","Wed 11/18/2015- 2:26:26.58","Wed 11/18/2015- 2:33:58.48",1447788386,1447788838,21602,1447788362,1447788855,24,17,452,493,41
"blast500k_test_pub_fileFULL_gr_3316","IS24T-06XX288-DT","Wed 11/18/2015- 2:30:54.90","Wed 11/18/2015- 2:49:55.70",1447788654,1447789795,21603,1447788600,1447789806,54,11,1141,1206,65
"blast500k_test_pub_fileFULL_gr_3317","IS24T-06XX285-DT","Wed 11/18/2015- 2:40:25.59","Wed 11/18/2015- 2:51:56.38",1447789225,1447789916,21604,1447789219,1447789941,6,25,691,722,31
"blast500k_test_pub_fileFULL_gr_3318","IS24T-06XX281-DT","Wed 11/18/2015- 2:30:10.01","Wed 11/18/2015- 2:48:59.31",1447788610,1447789739,21605,1447788596,1447789766,14,27,1129,1170,41
"blast500k_test_pub_fileFULL_gr_3319","IS24T-06XX254-DT","Wed 11/18/2015- 2:26:01.71","Wed 11/18/2015- 2:46:47.30",1447788361,1447789607,21606,1447788332,1447789625,29,18,1246,1293,47
"blast500k_test_pub_fileFULL_gr_332","IS24T-06XX289-DT","Tue 11/17/2015-18:15:23.91","Tue 11/17/2015-18:33:05.80",1447758923,1447759985,18619,1447758927,1447760020,-4,35,1062,1093,31
"blast500k_test_pub_fileFULL_gr_3320","IS24T-06XX291-DT","Wed 11/18/2015- 3:26:09.46","Wed 11/18/2015- 3:41:29.09",1447791969,1447792889,21607,1447791966,1447792914,3,25,920,948,28
"blast500k_test_pub_fileFULL_gr_3321","IS24T-06XX285-DT","Wed 11/18/2015- 2:48:50.19","Wed 11/18/2015- 3:04:08.14",1447789730,1447790648,21608,1447789716,1447790674,14,26,918,958,40
"blast500k_test_pub_fileFULL_gr_3322","IS24T-06XX293-DT","Wed 11/18/2015- 2:54:12.72","Wed 11/18/2015- 3:14:22.53",1447790052,1447791262,21609,1447790046,1447791296,6,34,1210,1250,40
"blast500k_test_pub_fileFULL_gr_3323","IS24T-06XX289-DT","Wed 11/18/2015- 2:45:26.08","Wed 11/18/2015- 3:00:23.76",1447789526,1447790423,21610,1447789518,1447790458,8,35,897,940,43
"blast500k_test_pub_fileFULL_gr_3324","IS24T-06XX281-DT","Wed 11/18/2015- 2:25:50.78","Wed 11/18/2015- 2:48:19.15",1447788350,1447789699,21611,1447788333,1447789725,17,26,1349,1392,43
"blast500k_test_pub_fileFULL_gr_3325","IS24T-06XX276-DT","Wed 11/18/2015- 2:53:26.86","Wed 11/18/2015- 3:10:53.41",1447790006,1447791053,21612,1447789995,1447791069,11,16,1047,1074,27
"blast500k_test_pub_fileFULL_gr_3326","IS24T-06XX273-DT","Wed 11/18/2015- 2:26:26.90","Wed 11/18/2015- 2:36:56.20",1447788386,1447789016,21613,1447788362,1447789031,24,15,630,669,39
"blast500k_test_pub_fileFULL_gr_3327","IS24T-06XX280-DT","Wed 11/18/2015- 2:46:40.82","Wed 11/18/2015- 3:02:41.20",1447789600,1447790561,21614,1447789738,1447790743,-138,182,961,1005,44
"blast500k_test_pub_fileFULL_gr_3328","IS24T-06XX264-DT","Wed 11/18/2015- 2:33:14.38","Wed 11/18/2015- 2:51:58.58",1447788794,1447789918,21615,1447788768,1447789935,26,17,1124,1167,43
"blast500k_test_pub_fileFULL_gr_3329","IS24T-06XX291-DT","Wed 11/18/2015- 2:34:33.07","Wed 11/18/2015- 2:51:26.94",1447788873,1447789886,21616,1447788871,1447789918,2,32,1013,1047,34
"blast500k_test_pub_fileFULL_gr_333","IS24T-06XX259-DT","Tue 11/17/2015-18:20:23.61","Tue 11/17/2015-18:32:04.18",1447759223,1447759924,18620,1447759196,1447759940,27,16,701,744,43
"blast500k_test_pub_fileFULL_gr_3330","IS24T-06XX266-DT","Wed 11/18/2015- 2:32:49.30","Wed 11/18/2015- 2:49:11.45",1447788769,1447789751,21617,1447788726,1447789767,43,16,982,1041,59
"blast500k_test_pub_fileFULL_gr_3331","IS24T-06XX264-DT","Wed 11/18/2015- 2:52:58.82","Wed 11/18/2015- 3:11:57.32",1447789978,1447791117,21618,1447789947,1447791134,31,17,1139,1187,48
"blast500k_test_pub_fileFULL_gr_3332","IS24T-06XX275-DT","Wed 11/18/2015- 2:28:04.04","Wed 11/18/2015- 2:41:51.93",1447788484,1447789311,21619,1447788484,1447789339,0,28,827,855,28
"blast500k_test_pub_fileFULL_gr_3333","IS24T-06XX295-DT","Wed 11/18/2015- 2:38:38.69","Wed 11/18/2015- 2:50:39.67",1447789118,1447789839,21620,1447789150,1447789897,-32,58,721,747,26
"blast500k_test_pub_fileFULL_gr_3334","IS24T-06XX283-DT","Wed 11/18/2015- 3:11:34.00","Wed 11/18/2015- 3:23:03.58",1447791094,1447791783,21621,1447791079,1447791813,15,30,689,734,45
"blast500k_test_pub_fileFULL_gr_3335","IS24T-06XX300-DT","Wed 11/18/2015- 2:28:27.59","Wed 11/18/2015- 2:43:22.60",1447788507,1447789402,21622,1447788490,1447789426,17,24,895,936,41
"blast500k_test_pub_fileFULL_gr_3336","IS24T-06XX280-DT","Wed 11/18/2015- 2:33:15.62","Wed 11/18/2015- 2:46:06.52",1447788795,1447789566,21623,1447788935,1447789751,-140,185,771,816,45
"blast500k_test_pub_fileFULL_gr_3337","IS24T-06XX296-DT","Wed 11/18/2015- 2:31:29.14","Wed 11/18/2015- 2:49:36.87",1447788689,1447789776,21624,1447788674,1447789804,15,28,1087,1130,43
"blast500k_test_pub_fileFULL_gr_3338","IS24T-06XX288-DT","Wed 11/18/2015- 2:30:54.90","Wed 11/18/2015- 3:02:06.29",1447788654,1447790526,21625,1447788578,1447790538,76,12,1872,1960,88
"blast500k_test_pub_fileFULL_gr_3339","IS24T-06XX293-DT","Wed 11/18/2015- 2:40:08.44","Wed 11/18/2015- 2:54:30.26",1447789208,1447790070,21626,1447789213,1447790097,-5,27,862,884,22
"blast500k_test_pub_fileFULL_gr_334","IS24T-06XX269-DT","Tue 11/17/2015-18:21:06.50","Tue 11/17/2015-18:36:56.03",1447759266,1447760216,18621,1447759256,1447760244,10,28,950,988,38
"blast500k_test_pub_fileFULL_gr_3340","IS24T-06XX277-DT","Wed 11/18/2015- 2:30:54.59","Wed 11/18/2015- 2:59:23.55",1447788654,1447790363,21627,1447788642,1447790372,12,9,1709,1730,21
"blast500k_test_pub_fileFULL_gr_3341","IS24T-06XX261-DT","Wed 11/18/2015- 2:48:02.40","Wed 11/18/2015- 3:05:15.93",1447789682,1447790715,21628,1447789670,1447790733,12,18,1033,1063,30
"blast500k_test_pub_fileFULL_gr_3342","IS24T-06XX209-DT","Wed 11/18/2015- 2:47:15.66","Wed 11/18/2015- 3:07:18.88",1447789635,1447790838,21629,1447789654,1447790907,-19,69,1203,1253,50
"blast500k_test_pub_fileFULL_gr_3343","IS24T-06XX261-DT","Wed 11/18/2015- 2:32:14.36","Wed 11/18/2015- 2:45:20.71",1447788734,1447789520,21630,1447788722,1447789538,12,18,786,816,30
"blast500k_test_pub_fileFULL_gr_3344","IS24T-06XX278-DT","Wed 11/18/2015- 2:42:36.26","Wed 11/18/2015- 2:55:17.29",1447789356,1447790117,21631,1447789357,1447790149,-1,32,761,792,31
"blast500k_test_pub_fileFULL_gr_3345","IS24T-06XX289-DT","Wed 11/18/2015- 2:29:53.31","Wed 11/18/2015- 2:57:06.67",1447788593,1447790226,21632,1447788582,1447790257,11,31,1633,1675,42
"blast500k_test_pub_fileFULL_gr_3346","IS24T-06XX276-DT","Wed 11/18/2015- 2:36:38.88","Wed 11/18/2015- 2:53:07.76",1447788998,1447789987,21633,1447788976,1447790008,22,21,989,1032,43
"blast500k_test_pub_fileFULL_gr_3347","IS24T-06XX254-DT","Wed 11/18/2015- 2:47:32.39","Wed 11/18/2015- 3:09:12.43",1447789652,1447790952,21634,1447789613,1447790970,39,18,1300,1357,57
"blast500k_test_pub_fileFULL_gr_3348","IS24T-06XX264-DT","Wed 11/18/2015- 2:51:28.81","Wed 11/18/2015- 3:11:32.44",1447789888,1447791092,21635,1447789858,1447791109,30,17,1204,1251,47
"blast500k_test_pub_fileFULL_gr_3349","IS24T-06XX267-DT","Wed 11/18/2015- 4:08:50.17","Wed 11/18/2015- 4:23:24.66",1447794530,1447795404,21636,1447794518,1447795422,12,18,874,904,30
"blast500k_test_pub_fileFULL_gr_335","IS24T-06XX281-DT","Tue 11/17/2015-18:21:01.91","Tue 11/17/2015-18:35:36.60",1447759261,1447760136,18622,1447759247,1447760162,14,26,875,915,40
"blast500k_test_pub_fileFULL_gr_3350","IS24T-06XX297-DT","Wed 11/18/2015- 2:33:23.87","Wed 11/18/2015- 3:00:03.92",1447788803,1447790403,21637,1447788792,1447790430,11,27,1600,1638,38
"blast500k_test_pub_fileFULL_gr_3351","IS24T-06XX258-DT","Wed 11/18/2015- 2:44:09.41","Wed 11/18/2015- 3:00:58.06",1447789449,1447790458,21638,1447789435,1447790471,14,13,1009,1036,27
"blast500k_test_pub_fileFULL_gr_3352","IS24T-06XX295-DT","Wed 11/18/2015- 2:51:28.91","Wed 11/18/2015- 3:09:13.60",1447789888,1447790953,21639,1447789908,1447791013,-20,60,1065,1105,40
"blast500k_test_pub_fileFULL_gr_3353","IS24T-06XX252-DT","Wed 11/18/2015- 2:42:54.94","Wed 11/18/2015- 2:59:39.36",1447789374,1447790379,21640,1447789358,1447790399,16,20,1005,1041,36
"blast500k_test_pub_fileFULL_gr_3354","IS24T-06XX253-DT","Wed 11/18/2015- 2:33:40.88","Wed 11/18/2015- 2:43:51.20",1447788820,1447789431,21641,1447788794,1447789445,26,14,611,651,40
"blast500k_test_pub_fileFULL_gr_3355","IS24T-06XX257-DT","Wed 11/18/2015- 2:53:46.85","Wed 11/18/2015- 3:11:31.54",1447790026,1447791091,21642,1447790013,1447791104,13,13,1065,1091,26
"blast500k_test_pub_fileFULL_gr_3356","IS24T-06XX279-DT","Wed 11/18/2015- 2:41:35.45","Wed 11/18/2015- 2:56:01.44",1447789295,1447790161,21643,1447789310,1447790207,-15,46,866,897,31
"blast500k_test_pub_fileFULL_gr_3357","IS24T-06XX279-DT","Wed 11/18/2015- 3:05:33.71","Wed 11/18/2015- 3:27:33.81",1447790733,1447792053,21644,1447790738,1447792096,-5,43,1320,1358,38
"blast500k_test_pub_fileFULL_gr_3358","IS24T-06XX289-DT","Wed 11/18/2015- 2:57:32.83","Wed 11/18/2015- 3:10:43.15",1447790252,1447791043,21645,1447790245,1447791075,7,32,791,830,39
"blast500k_test_pub_fileFULL_gr_3359","IS24T-06XX299-DT","Wed 11/18/2015- 2:38:01.00","Wed 11/18/2015- 2:53:58.78",1447789081,1447790038,21646,1447789095,1447790092,-14,54,957,997,40
"blast500k_test_pub_fileFULL_gr_336","IS24T-06XX275-DT","Tue 11/17/2015-18:18:22.07","Tue 11/17/2015-18:32:32.82",1447759102,1447759952,18623,1447759067,1447759981,35,29,850,914,64
"blast500k_test_pub_fileFULL_gr_3360","IS24T-06XX253-DT","Wed 11/18/2015- 3:01:43.91","Wed 11/18/2015- 3:17:39.64",1447790503,1447791459,21647,1447790471,1447791473,32,14,956,1002,46
"blast500k_test_pub_fileFULL_gr_3361","IS24T-06XX282-DT","Wed 11/18/2015- 2:48:31.20","Wed 11/18/2015- 3:07:26.41",1447789711,1447790846,21648,1447789696,1447790862,15,16,1135,1166,31
"blast500k_test_pub_fileFULL_gr_3362","IS24T-06XX289-DT","Wed 11/18/2015- 3:25:32.25","Wed 11/18/2015- 3:47:33.81",1447791932,1447793253,21649,1447791921,1447793286,11,33,1321,1365,44
"blast500k_test_pub_fileFULL_gr_3363","IS24T-06XX277-DT","Wed 11/18/2015- 2:47:50.02","Wed 11/18/2015- 2:59:12.78",1447789670,1447790352,21650,1447789642,1447790372,28,20,682,730,48
"blast500k_test_pub_fileFULL_gr_3364","IS24T-06XX295-DT","Wed 11/18/2015- 3:03:50.05","Wed 11/18/2015- 3:20:37.93",1447790630,1447791637,21651,1447790651,1447791696,-21,59,1007,1045,38
"blast500k_test_pub_fileFULL_gr_3365","IS24T-06XX300-DT","Wed 11/18/2015- 2:44:30.35","Wed 11/18/2015- 2:57:36.24",1447789470,1447790256,21652,1447789466,1447790272,4,16,786,806,20
"blast500k_test_pub_fileFULL_gr_3366","IS24T-06XX272-DT","Wed 11/18/2015- 2:41:40.72","Wed 11/18/2015- 2:52:35.84",1447789300,1447789955,21653,1447789276,1447789975,24,20,655,699,44
"blast500k_test_pub_fileFULL_gr_3367","IS24T-06XX278-DT","Wed 11/18/2015- 2:42:17.15","Wed 11/18/2015- 3:09:10.24",1447789337,1447790950,21654,1447789327,1447790984,10,34,1613,1657,44
"blast500k_test_pub_fileFULL_gr_3368","IS24T-06XX286-DT","Wed 11/18/2015- 2:38:25.74","Wed 11/18/2015- 2:59:35.45",1447789105,1447790375,21655,1447789094,1447790407,11,32,1270,1313,43
"blast500k_test_pub_fileFULL_gr_3369","IS24T-06XX258-DT","Wed 11/18/2015- 2:37:10.32","Wed 11/18/2015- 2:56:41.17",1447789030,1447790201,21656,1447789011,1447790215,19,14,1171,1204,33
"blast500k_test_pub_fileFULL_gr_337","IS24T-06XX253-DT","Tue 11/17/2015-18:27:18.32","Tue 11/17/2015-18:46:22.71",1447759638,1447760782,18624,1447759613,1447760798,25,16,1144,1185,41
"blast500k_test_pub_fileFULL_gr_3370","IS24T-06XX269-DT","Wed 11/18/2015- 3:21:13.18","Wed 11/18/2015- 3:37:20.33",1447791673,1447792640,21657,1447791661,1447792671,12,31,967,1010,43
"blast500k_test_pub_fileFULL_gr_3371","IS24T-06XX263-DT","Wed 11/18/2015- 3:06:36.08","Wed 11/18/2015- 3:29:26.10",1447790796,1447792166,21658,1447790767,1447792185,29,19,1370,1418,48
"blast500k_test_pub_fileFULL_gr_3372","IS24T-06XX284-DT","Wed 11/18/2015- 2:37:22.08","Wed 11/18/2015- 3:12:13.08",1447789042,1447791133,21659,1447789053,1447791194,-11,61,2091,2141,50
"blast500k_test_pub_fileFULL_gr_3373","IS24T-06XX271-DT","Wed 11/18/2015- 2:42:48.77","Wed 11/18/2015- 2:58:19.82",1447789368,1447790299,21660,1447789344,1447790314,24,15,931,970,39
"blast500k_test_pub_fileFULL_gr_3374","IS24T-06XX254-DT","Wed 11/18/2015- 2:35:05.83","Wed 11/18/2015- 3:05:06.25",1447788905,1447790706,21661,1447788878,1447790722,27,16,1801,1844,43
"blast500k_test_pub_fileFULL_gr_3375","IS24T-06XX258-DT","Wed 11/18/2015- 2:57:08.58","Wed 11/18/2015- 3:15:40.81",1447790228,1447791340,21662,1447790203,1447791356,25,16,1112,1153,41
"blast500k_test_pub_fileFULL_gr_3376","IS24T-06XX282-DT","Wed 11/18/2015- 3:17:24.84","Wed 11/18/2015- 3:37:05.64",1447791444,1447792625,21663,1447791429,1447792652,15,27,1181,1223,42
"blast500k_test_pub_fileFULL_gr_3377","IS24T-06XX255-DT","Wed 11/18/2015- 2:45:02.47","Wed 11/18/2015- 2:58:32.93",1447789502,1447790312,21664,1447789477,1447790331,25,19,810,854,44
"blast500k_test_pub_fileFULL_gr_3378","IS24T-06XX283-DT","Wed 11/18/2015- 2:43:12.36","Wed 11/18/2015- 3:00:19.32",1447789392,1447790419,21665,1447789379,1447790446,13,27,1027,1067,40
"blast500k_test_pub_fileFULL_gr_3379","IS24T-06XX252-DT","Wed 11/18/2015- 2:39:36.02","Wed 11/18/2015- 2:50:07.11",1447789176,1447789807,21666,1447789150,1447789825,26,18,631,675,44
"blast500k_test_pub_fileFULL_gr_338","IS24T-06XX276-DT","Tue 11/17/2015-18:44:38.02","Tue 11/17/2015-19:08:04.36",1447760678,1447762084,18625,1447760652,1447762102,26,18,1406,1450,44
"blast500k_test_pub_fileFULL_gr_3380","IS24T-06XX271-DT","Wed 11/18/2015- 2:44:33.57","Wed 11/18/2015- 2:59:35.24",1447789473,1447790375,21667,1447789459,1447790390,14,15,902,931,29
"blast500k_test_pub_fileFULL_gr_3381","IS24T-06XX262-DT","Wed 11/18/2015- 2:59:06.58","Wed 11/18/2015- 3:26:44.17",1447790346,1447792004,21668,1447790316,1447792032,30,28,1658,1716,58
"blast500k_test_pub_fileFULL_gr_3382","IS24T-06XX295-DT","Wed 11/18/2015- 2:55:36.38","Wed 11/18/2015- 3:03:22.31",1447790136,1447790602,21669,1447790153,1447790662,-17,60,466,509,43
"blast500k_test_pub_fileFULL_gr_3383","IS24T-06XX298-DT","Wed 11/18/2015- 2:38:44.70","Wed 11/18/2015- 2:57:30.13",1447789124,1447790250,21670,1447789166,1447790321,-42,71,1126,1155,29
"blast500k_test_pub_fileFULL_gr_3384","IS24T-06XX274-DT","Wed 11/18/2015- 2:49:48.56","Wed 11/18/2015- 3:01:27.86",1447789788,1447790487,21671,1447789758,1447790504,30,17,699,746,47
"blast500k_test_pub_fileFULL_gr_3385","IS24T-06XX263-DT","Wed 11/18/2015- 2:47:30.96","Wed 11/18/2015- 3:06:03.29",1447789650,1447790763,21672,1447789623,1447790780,27,17,1113,1157,44
"blast500k_test_pub_fileFULL_gr_3386","IS24T-06XX269-DT","Wed 11/18/2015- 2:45:46.10","Wed 11/18/2015- 3:05:30.04",1447789546,1447790730,21673,1447789529,1447790759,17,29,1184,1230,46
"blast500k_test_pub_fileFULL_gr_3387","IS24T-06XX266-DT","Wed 11/18/2015- 2:46:09.26","Wed 11/18/2015- 2:58:50.10",1447789569,1447790330,21674,1447789540,1447790343,29,13,761,803,42
"blast500k_test_pub_fileFULL_gr_3388","IS24T-06XX255-DT","Wed 11/18/2015- 2:52:07.90","Wed 11/18/2015- 3:12:15.20",1447789927,1447791135,21675,1447789901,1447791151,26,16,1208,1250,42
"blast500k_test_pub_fileFULL_gr_3389","IS24T-06XX259-DT","Wed 11/18/2015- 2:48:34.71","Wed 11/18/2015- 3:00:09.07",1447789714,1447790409,21676,1447789688,1447790428,26,19,695,740,45
"blast500k_test_pub_fileFULL_gr_339","IS24T-06XX288-DT","Tue 11/17/2015-18:39:31.40","Tue 11/17/2015-18:54:24.82",1447760371,1447761264,18626,1447760340,1447761279,31,15,893,939,46
"blast500k_test_pub_fileFULL_gr_3390","IS24T-06XX272-DT","Wed 11/18/2015- 3:04:29.62","Wed 11/18/2015- 3:19:54.03",1447790669,1447791594,21677,1447790651,1447791610,18,16,925,959,34
"blast500k_test_pub_fileFULL_gr_3391","IS24T-06XX294-DT","Wed 11/18/2015- 2:40:48.56","Wed 11/18/2015- 2:58:24.66",1447789248,1447790304,21678,1447789237,1447790336,11,32,1056,1099,43
"blast500k_test_pub_fileFULL_gr_3392","IS24T-06XX260-DT","Wed 11/18/2015- 2:40:45.04","Wed 11/18/2015- 2:59:54.60",1447789245,1447790394,21679,1447789221,1447790408,24,14,1149,1187,38
"blast500k_test_pub_fileFULL_gr_3393","IS24T-06XX267-DT","Wed 11/18/2015- 2:42:43.30","Wed 11/18/2015- 2:55:46.58",1447789363,1447790146,21680,1447789345,1447790165,18,19,783,820,37
"blast500k_test_pub_fileFULL_gr_3394","IS24T-06XX293-DT","Wed 11/18/2015- 2:39:33.05","Wed 11/18/2015- 2:53:40.45",1447789173,1447790020,21681,1447789167,1447790058,6,38,847,891,44
"blast500k_test_pub_fileFULL_gr_3395","IS24T-06XX267-DT","Wed 11/18/2015- 2:39:40.18","Wed 11/18/2015- 2:51:28.37",1447789180,1447789888,21682,1447789155,1447789903,25,15,708,748,40
"blast500k_test_pub_fileFULL_gr_3396","IS24T-06XX252-DT","Wed 11/18/2015- 3:03:34.19","Wed 11/18/2015- 3:16:10.89",1447790614,1447791370,21683,1447790599,1447791387,15,17,756,788,32
"blast500k_test_pub_fileFULL_gr_3397","IS24T-06XX275-DT","Wed 11/18/2015- 3:02:00.91","Wed 11/18/2015- 3:19:55.25",1447790520,1447791595,21684,1447790519,1447791622,1,27,1075,1103,28
"blast500k_test_pub_fileFULL_gr_3398","IS24T-06XX262-DT","Wed 11/18/2015- 3:06:28.11","Wed 11/18/2015- 3:21:40.04",1447790788,1447791700,21685,1447790768,1447791728,20,28,912,960,48
"blast500k_test_pub_fileFULL_gr_3399","IS24T-06XX274-DT","Wed 11/18/2015- 3:05:48.37","Wed 11/18/2015- 3:20:46.22",1447790748,1447791646,21686,1447790725,1447791664,23,18,898,939,41
"blast500k_test_pub_fileFULL_gr_34","IS24T-06XX262-DT","Tue 11/17/2015-17:44:38.88","Tue 11/17/2015-18:14:13.26",1447757078,1447758853,18321,1447757043,1447758881,35,28,1775,1838,63
"blast500k_test_pub_fileFULL_gr_340","IS24T-06XX275-DT","Tue 11/17/2015-18:18:22.04","Tue 11/17/2015-18:29:27.11",1447759102,1447759767,18627,1447759078,1447759795,24,28,665,717,52
"blast500k_test_pub_fileFULL_gr_3400","IS24T-06XX281-DT","Wed 11/18/2015- 2:49:31.41","Wed 11/18/2015- 3:01:01.84",1447789771,1447790461,21687,1447789766,1447790490,5,29,690,724,34
"blast500k_test_pub_fileFULL_gr_3401","IS24T-06XX294-DT","Wed 11/18/2015- 2:59:11.36","Wed 11/18/2015- 3:20:23.50",1447790351,1447791623,21688,1447790348,1447791651,3,28,1272,1303,31
"blast500k_test_pub_fileFULL_gr_3402","IS24T-06XX298-DT","Wed 11/18/2015- 2:58:01.35","Wed 11/18/2015- 3:19:39.22",1447790281,1447791579,21689,1447790308,1447791651,-27,72,1298,1343,45
"blast500k_test_pub_fileFULL_gr_3403","IS24T-06XX292-DT","Wed 11/18/2015- 2:45:29.91","Wed 11/18/2015- 2:57:38.02",1447789529,1447790258,21690,1447789571,1447790342,-42,84,729,771,42
"blast500k_test_pub_fileFULL_gr_3404","IS24T-06XX260-DT","Wed 11/18/2015- 2:46:25.17","Wed 11/18/2015- 2:58:27.94",1447789585,1447790307,21691,1447789563,1447790322,22,15,722,759,37
"blast500k_test_pub_fileFULL_gr_3405","IS24T-06XX256-DT","Wed 11/18/2015- 2:41:04.22","Wed 11/18/2015- 2:57:29.50",1447789264,1447790249,21692,1447789238,1447790266,26,17,985,1028,43
"blast500k_test_pub_fileFULL_gr_3406","IS24T-06XX277-DT","Wed 11/18/2015- 3:00:28.40","Wed 11/18/2015- 3:13:11.18",1447790428,1447791191,21693,1447790396,1447791207,32,16,763,811,48
"blast500k_test_pub_fileFULL_gr_3407","IS24T-06XX209-DT","Wed 11/18/2015- 2:53:02.36","Wed 11/18/2015- 3:15:06.47",1447789982,1447791306,21694,1447790002,1447791377,-20,71,1324,1375,51
"blast500k_test_pub_fileFULL_gr_3408","IS24T-06XX265-DT","Wed 11/18/2015- 2:48:00.02","Wed 11/18/2015- 3:05:48.34",1447789680,1447790748,21695,1447789653,1447790765,27,17,1068,1112,44
"blast500k_test_pub_fileFULL_gr_3409","IS24T-06XX300-DT","Wed 11/18/2015- 2:43:51.60","Wed 11/18/2015- 2:56:44.42",1447789431,1447790204,21696,1447789415,1447790228,16,24,773,813,40
"blast500k_test_pub_fileFULL_gr_341","IS24T-06XX264-DT","Tue 11/17/2015-18:31:02.08","Tue 11/17/2015-19:12:55.42",1447759862,1447762375,18628,1447759827,1447762390,35,15,2513,2563,50
"blast500k_test_pub_fileFULL_gr_3410","IS24T-06XX291-DT","Wed 11/18/2015- 2:51:32.75","Wed 11/18/2015- 3:02:57.26",1447789892,1447790577,21697,1447789878,1447790605,14,28,685,727,42
"blast500k_test_pub_fileFULL_gr_3411","IS24T-06XX256-DT","Wed 11/18/2015- 2:41:37.43","Wed 11/18/2015- 2:54:36.92",1447789297,1447790076,21698,1447789284,1447790097,13,21,779,813,34
"blast500k_test_pub_fileFULL_gr_3412","IS24T-06XX297-DT","Wed 11/18/2015- 2:45:20.23","Wed 11/18/2015- 3:13:10.25",1447789520,1447791190,21699,1447789501,1447791224,19,34,1670,1723,53
"blast500k_test_pub_fileFULL_gr_3413","IS24T-06XX209-DT","Wed 11/18/2015- 2:43:15.20","Wed 11/18/2015- 3:06:28.29",1447789395,1447790788,21700,1447789409,1447790855,-14,67,1393,1446,53
"blast500k_test_pub_fileFULL_gr_3414","IS24T-06XX296-DT","Wed 11/18/2015- 2:50:13.91","Wed 11/18/2015- 3:03:41.54",1447789813,1447790621,21701,1447789792,1447790649,21,28,808,857,49
"blast500k_test_pub_fileFULL_gr_3415","IS24T-06XX254-DT","Wed 11/18/2015- 2:58:12.94","Wed 11/18/2015- 3:37:08.16",1447790292,1447792628,21702,1447790261,1447792645,31,17,2336,2384,48
"blast500k_test_pub_fileFULL_gr_3416","IS24T-06XX256-DT","Wed 11/18/2015- 2:57:45.52","Wed 11/18/2015- 3:07:26.57",1447790265,1447790846,21703,1447790252,1447790862,13,16,581,610,29
"blast500k_test_pub_fileFULL_gr_3417","IS24T-06XX284-DT","Wed 11/18/2015- 2:44:51.03","Wed 11/18/2015- 3:03:25.52",1447789491,1447790605,21704,1447789503,1447790669,-12,64,1114,1166,52
"blast500k_test_pub_fileFULL_gr_3418","IS24T-06XX256-DT","Wed 11/18/2015- 3:19:04.76","Wed 11/18/2015- 3:36:47.71",1447791544,1447792607,21705,1447791519,1447792627,25,20,1063,1108,45
"blast500k_test_pub_fileFULL_gr_3419","IS24T-06XX283-DT","Wed 11/18/2015- 2:43:28.76","Wed 11/18/2015- 2:56:06.97",1447789408,1447790166,21706,1447789405,1447790196,3,30,758,791,33
"blast500k_test_pub_fileFULL_gr_342","IS24T-06XX284-DT","Tue 11/17/2015-18:35:16.99","Tue 11/17/2015-18:56:29.39",1447760116,1447761389,18629,1447760130,1447761451,-14,62,1273,1321,48
"blast500k_test_pub_fileFULL_gr_3420","IS24T-06XX259-DT","Wed 11/18/2015- 2:51:37.71","Wed 11/18/2015- 3:04:03.01",1447789897,1447790643,21707,1447789885,1447790659,12,16,746,774,28
"blast500k_test_pub_fileFULL_gr_3421","IS24T-06XX297-DT","Wed 11/18/2015- 2:57:13.91","Wed 11/18/2015- 3:23:09.20",1447790233,1447791789,21708,1447790218,1447791814,15,25,1556,1596,40
"blast500k_test_pub_fileFULL_gr_3422","IS24T-06XX272-DT","Wed 11/18/2015- 2:56:12.53","Wed 11/18/2015- 3:24:52.32",1447790172,1447791892,21709,1447790146,1447791912,26,20,1720,1766,46
"blast500k_test_pub_fileFULL_gr_3423","IS24T-06XX291-DT","Wed 11/18/2015- 3:03:28.33","Wed 11/18/2015- 3:25:28.63",1447790608,1447791928,21710,1447790593,1447791954,15,26,1320,1361,41
"blast500k_test_pub_fileFULL_gr_3424","IS24T-06XX254-DT","Wed 11/18/2015- 3:09:46.58","Wed 11/18/2015- 3:29:58.59",1447790986,1447792198,21711,1447790959,1447792215,27,17,1212,1256,44
"blast500k_test_pub_fileFULL_gr_3425","IS24T-06XX268-DT","Wed 11/18/2015- 2:47:54.22","Wed 11/18/2015- 3:04:35.67",1447789674,1447790675,21712,1447789650,1447790692,24,17,1001,1042,41
"blast500k_test_pub_fileFULL_gr_3426","IS24T-06XX257-DT","Wed 11/18/2015- 4:20:41.72","Wed 11/18/2015- 4:36:49.95",1447795241,1447796209,21713,1447795215,1447796223,26,14,968,1008,40
"blast500k_test_pub_fileFULL_gr_3427","IS24T-06XX296-DT","Wed 11/18/2015- 2:50:13.08","Wed 11/18/2015- 3:09:43.01",1447789813,1447790983,21714,1447789779,1447791002,34,19,1170,1223,53
"blast500k_test_pub_fileFULL_gr_3428","IS24T-06XX264-DT","Wed 11/18/2015- 3:27:15.26","Wed 11/18/2015- 3:42:33.51",1447792035,1447792953,21715,1447792009,1447792969,26,16,918,960,42
"blast500k_test_pub_fileFULL_gr_3429","IS24T-06XX280-DT","Wed 11/18/2015- 2:49:16.92","Wed 11/18/2015- 3:18:07.03",1447789756,1447791487,21716,1447789906,1447791670,-150,183,1731,1764,33
"blast500k_test_pub_fileFULL_gr_343","IS24T-06XX279-DT","Tue 11/17/2015-18:17:57.26","Tue 11/17/2015-18:36:25.85",1447759077,1447760185,18630,1447759078,1447760228,-1,43,1108,1150,42
"blast500k_test_pub_fileFULL_gr_3430","IS24T-06XX262-DT","Wed 11/18/2015- 2:45:50.92","Wed 11/18/2015- 3:05:53.57",1447789550,1447790753,21717,1447789530,1447790781,20,28,1203,1251,48
"blast500k_test_pub_fileFULL_gr_3431","IS24T-06XX281-DT","Wed 11/18/2015- 2:48:50.75","Wed 11/18/2015- 3:09:24.68",1447789730,1447790964,21718,1447789713,1447790982,17,18,1234,1269,35
"blast500k_test_pub_fileFULL_gr_3432","IS24T-06XX299-DT","Wed 11/18/2015- 3:07:49.47","Wed 11/18/2015- 3:29:30.96",1447790869,1447792170,21719,1447790882,1447792226,-13,56,1301,1344,43
"blast500k_test_pub_fileFULL_gr_3433","IS24T-06XX266-DT","Wed 11/18/2015- 3:03:55.40","Wed 11/18/2015- 3:27:02.45",1447790635,1447792022,21720,1447790620,1447792038,15,16,1387,1418,31
"blast500k_test_pub_fileFULL_gr_3434","IS24T-06XX256-DT","Wed 11/18/2015- 2:55:15.84","Wed 11/18/2015- 3:18:31.50",1447790115,1447791511,21721,1447790085,1447791531,30,20,1396,1446,50
"blast500k_test_pub_fileFULL_gr_3435","IS24T-06XX286-DT","Wed 11/18/2015- 2:55:41.19","Wed 11/18/2015- 3:06:30.59",1447790141,1447790790,21722,1447790130,1447790822,11,32,649,692,43
"blast500k_test_pub_fileFULL_gr_3436","IS24T-06XX260-DT","Wed 11/18/2015- 3:00:10.02","Wed 11/18/2015- 3:22:27.00",1447790410,1447791747,21723,1447790396,1447791761,14,14,1337,1365,28
"blast500k_test_pub_fileFULL_gr_3437","IS24T-06XX275-DT","Wed 11/18/2015- 2:47:07.69","Wed 11/18/2015- 3:01:44.61",1447789627,1447790504,21724,1447789615,1447790532,12,28,877,917,40
"blast500k_test_pub_fileFULL_gr_3438","IS24T-06XX287-DT","Wed 11/18/2015- 3:03:46.55","Wed 11/18/2015- 3:24:43.27",1447790626,1447791883,21725,1447790621,1447791915,5,32,1257,1294,37
"blast500k_test_pub_fileFULL_gr_3439","IS24T-06XX269-DT","Wed 11/18/2015- 2:56:05.89","Wed 11/18/2015- 3:20:38.69",1447790165,1447791638,21726,1447790152,1447791673,13,35,1473,1521,48
"blast500k_test_pub_fileFULL_gr_344","IS24T-06XX254-DT","Tue 11/17/2015-18:48:48.74","Tue 11/17/2015-19:05:24.49",1447760928,1447761924,18631,1447760871,1447761940,57,16,996,1069,73
"blast500k_test_pub_fileFULL_gr_3440","IS24T-06XX265-DT","Wed 11/18/2015- 2:50:04.91","Wed 11/18/2015- 3:01:15.38",1447789804,1447790475,21727,1447789789,1447790494,15,19,671,705,34
"blast500k_test_pub_fileFULL_gr_3441","IS24T-06XX252-DT","Wed 11/18/2015- 2:50:40.54","Wed 11/18/2015- 3:03:14.90",1447789840,1447790594,21728,1447789812,1447790611,28,17,754,799,45
"blast500k_test_pub_fileFULL_gr_3442","IS24T-06XX277-DT","Wed 11/18/2015- 3:00:28.41","Wed 11/18/2015- 3:18:49.64",1447790428,1447791529,21729,1447790384,1447791543,44,14,1101,1159,58
"blast500k_test_pub_fileFULL_gr_3443","IS24T-06XX259-DT","Wed 11/18/2015- 3:16:27.79","Wed 11/18/2015- 3:38:12.61",1447791387,1447792692,21730,1447791360,1447792711,27,19,1305,1351,46
"blast500k_test_pub_fileFULL_gr_3444","IS24T-06XX288-DT","Wed 11/18/2015- 2:50:37.19","Wed 11/18/2015- 3:11:47.94",1447789837,1447791107,21731,1447789794,1447791122,43,15,1270,1328,58
"blast500k_test_pub_fileFULL_gr_3445","IS24T-06XX260-DT","Wed 11/18/2015- 2:59:06.77","Wed 11/18/2015- 3:19:46.43",1447790346,1447791586,21732,1447790322,1447791600,24,14,1240,1278,38
"blast500k_test_pub_fileFULL_gr_3446","IS24T-06XX296-DT","Wed 11/18/2015- 3:19:36.31","Wed 11/18/2015- 3:33:54.41",1447791576,1447792434,21733,1447791563,1447792463,13,29,858,900,42
"blast500k_test_pub_fileFULL_gr_3447","IS24T-06XX266-DT","Wed 11/18/2015- 2:49:49.20","Wed 11/18/2015- 3:03:33.23",1447789789,1447790613,21734,1447789767,1447790631,22,18,824,864,40
"blast500k_test_pub_fileFULL_gr_3448","IS24T-06XX261-DT","Wed 11/18/2015- 3:03:24.36","Wed 11/18/2015- 3:24:30.30",1447790604,1447791870,21735,1447790579,1447791887,25,17,1266,1308,42
"blast500k_test_pub_fileFULL_gr_3449","IS24T-06XX293-DT","Wed 11/18/2015- 3:30:52.65","Wed 11/18/2015- 3:42:24.64",1447792252,1447792944,21736,1447792247,1447792982,5,38,692,735,43
"blast500k_test_pub_fileFULL_gr_345","IS24T-06XX260-DT","Tue 11/17/2015-18:42:13.82","Tue 11/17/2015-18:59:20.23",1447760533,1447761560,18632,1447760514,1447761577,19,17,1027,1063,36
"blast500k_test_pub_fileFULL_gr_3450","IS24T-06XX271-DT","Wed 11/18/2015- 2:59:51.35","Wed 11/18/2015- 3:11:50.08",1447790391,1447791110,21737,1447790378,1447791128,13,18,719,750,31
"blast500k_test_pub_fileFULL_gr_3451","IS24T-06XX273-DT","Wed 11/18/2015- 2:56:42.60","Wed 11/18/2015- 3:15:28.99",1447790202,1447791328,21738,1447790179,1447791343,23,15,1126,1164,38
"blast500k_test_pub_fileFULL_gr_3452","IS24T-06XX291-DT","Wed 11/18/2015- 2:51:48.68","Wed 11/18/2015- 3:12:11.23",1447789908,1447791131,21739,1447789904,1447791157,4,26,1223,1253,30
"blast500k_test_pub_fileFULL_gr_3453","IS24T-06XX277-DT","Wed 11/18/2015- 3:19:19.79","Wed 11/18/2015- 3:34:13.89",1447791559,1447792453,21740,1447791531,1447792468,28,15,894,937,43
"blast500k_test_pub_fileFULL_gr_3454","IS24T-06XX300-DT","Wed 11/18/2015- 4:12:00.22","Wed 11/18/2015- 4:27:02.40",1447794720,1447795622,21741,1447794703,1447795648,17,26,902,945,43
"blast500k_test_pub_fileFULL_gr_3455","IS24T-06XX292-DT","Wed 11/18/2015- 2:56:40.50","Wed 11/18/2015- 3:07:11.90",1447790200,1447790831,21742,1447790244,1447790913,-44,82,631,669,38
"blast500k_test_pub_fileFULL_gr_3456","IS24T-06XX264-DT","Wed 11/18/2015- 3:10:15.77","Wed 11/18/2015- 3:26:55.00",1447791015,1447792015,21743,1447790973,1447792021,42,6,1000,1048,48
"blast500k_test_pub_fileFULL_gr_3457","IS24T-06XX273-DT","Wed 11/18/2015- 3:15:54.64","Wed 11/18/2015- 3:32:01.31",1447791354,1447792321,21744,1447791331,1447792335,23,14,967,1004,37
"blast500k_test_pub_fileFULL_gr_3458","IS24T-06XX292-DT","Wed 11/18/2015- 3:51:56.04","Wed 11/18/2015- 4:10:19.70",1447793516,1447794619,21745,1447793554,1447794705,-38,86,1103,1151,48
"blast500k_test_pub_fileFULL_gr_3459","IS24T-06XX279-DT","Wed 11/18/2015- 2:56:33.23","Wed 11/18/2015- 3:05:02.70",1447790193,1447790702,21746,1447790195,1447790750,-2,48,509,555,46
"blast500k_test_pub_fileFULL_gr_346","IS24T-06XX292-DT","Tue 11/17/2015-18:24:59.04","Tue 11/17/2015-18:48:57.74",1447759499,1447760937,18633,1447759541,1447761023,-42,86,1438,1482,44
"blast500k_test_pub_fileFULL_gr_3460","IS24T-06XX286-DT","Wed 11/18/2015- 3:22:57.59","Wed 11/18/2015- 3:39:14.68",1447791777,1447792754,21747,1447791778,1447792775,-1,21,977,997,20
"blast500k_test_pub_fileFULL_gr_3461","IS24T-06XX297-DT","Wed 11/18/2015- 3:24:02.46","Wed 11/18/2015- 3:45:51.51",1447791842,1447793151,21748,1447791814,1447793185,28,34,1309,1371,62
"blast500k_test_pub_fileFULL_gr_3462","IS24T-06XX263-DT","Wed 11/18/2015- 3:26:24.93","Wed 11/18/2015- 3:43:46.09",1447791984,1447793026,21749,1447791957,1447793042,27,16,1042,1085,43
"blast500k_test_pub_fileFULL_gr_3463","IS24T-06XX252-DT","Wed 11/18/2015- 3:00:12.74","Wed 11/18/2015- 3:16:55.28",1447790412,1447791415,21750,1447790387,1447791435,25,20,1003,1048,45
"blast500k_test_pub_fileFULL_gr_3464","IS24T-06XX276-DT","Wed 11/18/2015- 2:51:44.59","Wed 11/18/2015- 3:09:02.83",1447789904,1447790942,21751,1447789880,1447790962,24,20,1038,1082,44
"blast500k_test_pub_fileFULL_gr_3465","IS24T-06XX272-DT","Wed 11/18/2015- 2:53:07.16","Wed 11/18/2015- 3:03:52.88",1447789987,1447790632,21752,1447789962,1447790651,25,19,645,689,44
"blast500k_test_pub_fileFULL_gr_3466","IS24T-06XX264-DT","Wed 11/18/2015- 2:59:14.03","Wed 11/18/2015- 3:26:45.35",1447790354,1447792005,21753,1447790325,1447792021,29,16,1651,1696,45
"blast500k_test_pub_fileFULL_gr_3467","IS24T-06XX273-DT","Wed 11/18/2015- 3:07:32.73","Wed 11/18/2015- 3:21:01.11",1447790852,1447791661,21754,1447790829,1447791675,23,14,809,846,37
"blast500k_test_pub_fileFULL_gr_3468","IS24T-06XX264-DT","Wed 11/18/2015- 3:31:30.09","Wed 11/18/2015- 3:55:04.87",1447792290,1447793704,21755,1447792252,1447793718,38,14,1414,1466,52
"blast500k_test_pub_fileFULL_gr_3469","IS24T-06XX271-DT","Wed 11/18/2015- 4:08:34.14","Wed 11/18/2015- 4:23:56.07",1447794514,1447795436,21756,1447794501,1447795451,13,15,922,950,28
"blast500k_test_pub_fileFULL_gr_347","IS24T-06XX256-DT","Tue 11/17/2015-18:38:24.92","Tue 11/17/2015-18:54:29.96",1447760304,1447761269,18634,1447760283,1447761285,21,16,965,1002,37
"blast500k_test_pub_fileFULL_gr_3470","IS24T-06XX266-DT","Wed 11/18/2015- 2:59:18.17","Wed 11/18/2015- 3:12:30.64",1447790358,1447791150,21757,1447790331,1447791170,27,20,792,839,47
"blast500k_test_pub_fileFULL_gr_3471","IS24T-06XX280-DT","Wed 11/18/2015- 3:03:15.28","Wed 11/18/2015- 3:28:42.60",1447790595,1447792122,21758,1447790730,1447792303,-135,181,1527,1573,46
"blast500k_test_pub_fileFULL_gr_3472","IS24T-06XX283-DT","Wed 11/18/2015- 2:56:48.80","Wed 11/18/2015- 3:10:50.24",1447790208,1447791050,21759,1447790196,1447791079,12,29,842,883,41
"blast500k_test_pub_fileFULL_gr_3473","IS24T-06XX282-DT","Wed 11/18/2015- 2:56:08.09","Wed 11/18/2015- 3:07:05.83",1447790168,1447790825,21760,1447790152,1447790851,16,26,657,699,42
"blast500k_test_pub_fileFULL_gr_3474","IS24T-06XX258-DT","Wed 11/18/2015- 3:01:25.15","Wed 11/18/2015- 3:17:32.82",1447790485,1447791452,21761,1447790471,1447791465,14,13,967,994,27
"blast500k_test_pub_fileFULL_gr_3475","IS24T-06XX257-DT","Wed 11/18/2015- 3:12:16.38","Wed 11/18/2015- 3:26:32.34",1447791136,1447791992,21762,1447791104,1447792008,32,16,856,904,48
"blast500k_test_pub_fileFULL_gr_3476","IS24T-06XX285-DT","Wed 11/18/2015- 2:52:15.65","Wed 11/18/2015- 3:07:37.31",1447789935,1447790857,21763,1447789929,1447790881,6,24,922,952,30
"blast500k_test_pub_fileFULL_gr_3477","IS24T-06XX265-DT","Wed 11/18/2015- 3:01:48.18","Wed 11/18/2015- 3:22:32.71",1447790508,1447791752,21764,1447790481,1447791769,27,17,1244,1288,44
"blast500k_test_pub_fileFULL_gr_3478","IS24T-06XX277-DT","Wed 11/18/2015- 3:49:54.90","Wed 11/18/2015- 4:05:13.04",1447793394,1447794313,21765,1447793349,1447794331,45,18,919,982,63
"blast500k_test_pub_fileFULL_gr_3479","IS24T-06XX264-DT","Wed 11/18/2015- 3:12:22.25","Wed 11/18/2015- 3:30:38.69",1447791142,1447792238,21766,1447791122,1447792251,20,13,1096,1129,33
"blast500k_test_pub_fileFULL_gr_348","IS24T-06XX291-DT","Tue 11/17/2015-18:44:25.84","Tue 11/17/2015-18:56:51.57",1447760665,1447761411,18635,1447760651,1447761441,14,30,746,790,44
"blast500k_test_pub_fileFULL_gr_3480","IS24T-06XX209-DT","Wed 11/18/2015- 3:15:59.05","Wed 11/18/2015- 3:48:53.45",1447791359,1447793333,21767,1447791377,1447793400,-18,67,1974,2023,49
"blast500k_test_pub_fileFULL_gr_3481","IS24T-06XX292-DT","Wed 11/18/2015- 3:07:37.44","Wed 11/18/2015- 3:19:12.64",1447790857,1447791552,21768,1447790901,1447791635,-44,83,695,734,39
"blast500k_test_pub_fileFULL_gr_3482","IS24T-06XX298-DT","Wed 11/18/2015- 2:52:59.80","Wed 11/18/2015- 3:11:39.94",1447789979,1447791099,21769,1447790009,1447791161,-30,62,1120,1152,32
"blast500k_test_pub_fileFULL_gr_3483","IS24T-06XX292-DT","Wed 11/18/2015- 2:57:55.27","Wed 11/18/2015- 3:22:35.69",1447790275,1447791755,21770,1447790329,1447791836,-54,81,1480,1507,27
"blast500k_test_pub_fileFULL_gr_3484","IS24T-06XX297-DT","Wed 11/18/2015- 3:07:13.00","Wed 11/18/2015- 3:33:32.35",1447790833,1447792412,21771,1447790819,1447792446,14,34,1579,1627,48
"blast500k_test_pub_fileFULL_gr_3485","IS24T-06XX259-DT","Wed 11/18/2015- 3:04:18.09","Wed 11/18/2015- 3:21:59.92",1447790658,1447791719,21772,1447790647,1447791739,11,20,1061,1092,31
"blast500k_test_pub_fileFULL_gr_3486","IS24T-06XX262-DT","Wed 11/18/2015- 3:25:17.33","Wed 11/18/2015- 3:44:31.50",1447791917,1447793071,21773,1447791850,1447793100,67,29,1154,1250,96
"blast500k_test_pub_fileFULL_gr_3487","IS24T-06XX299-DT","Wed 11/18/2015- 2:54:27.57","Wed 11/18/2015- 3:07:21.69",1447790067,1447790841,21774,1447790093,1447790894,-26,53,774,801,27
"blast500k_test_pub_fileFULL_gr_3488","IS24T-06XX209-DT","Wed 11/18/2015- 2:55:14.15","Wed 11/18/2015- 3:23:55.88",1447790114,1447791835,21775,1447790135,1447791904,-21,69,1721,1769,48
"blast500k_test_pub_fileFULL_gr_3489","IS24T-06XX269-DT","Wed 11/18/2015- 3:05:57.74","Wed 11/18/2015- 3:25:03.44",1447790757,1447791903,21776,1447790746,1447791935,11,32,1146,1189,43
"blast500k_test_pub_fileFULL_gr_349","IS24T-06XX279-DT","Tue 11/17/2015-18:36:54.11","Tue 11/17/2015-18:46:01.86",1447760214,1447760761,18636,1447760216,1447760804,-2,43,547,588,41
"blast500k_test_pub_fileFULL_gr_3490","IS24T-06XX267-DT","Wed 11/18/2015- 2:56:20.32","Wed 11/18/2015- 3:08:54.65",1447790180,1447790934,21777,1447790154,1447790955,26,21,754,801,47
"blast500k_test_pub_fileFULL_gr_3491","IS24T-06XX274-DT","Wed 11/18/2015- 3:02:00.35","Wed 11/18/2015- 3:20:21.95",1447790520,1447791621,21778,1447790492,1447791639,28,18,1101,1147,46
"blast500k_test_pub_fileFULL_gr_3492","IS24T-06XX297-DT","Wed 11/18/2015- 3:00:41.26","Wed 11/18/2015- 3:21:12.26",1447790441,1447791672,21779,1447790430,1447791697,11,25,1231,1267,36
"blast500k_test_pub_fileFULL_gr_3493","IS24T-06XX254-DT","Wed 11/18/2015- 3:05:49.50","Wed 11/18/2015- 3:42:22.00",1447790749,1447792942,21780,1447790710,1447792959,39,17,2193,2249,56
"blast500k_test_pub_fileFULL_gr_3494","IS24T-06XX257-DT","Wed 11/18/2015- 3:01:52.84","Wed 11/18/2015- 3:11:45.49",1447790512,1447791105,21781,1447790485,1447791117,27,12,593,632,39
"blast500k_test_pub_fileFULL_gr_3495","IS24T-06XX300-DT","Wed 11/18/2015- 2:57:14.48","Wed 11/18/2015- 3:13:41.34",1447790234,1447791221,21782,1447790216,1447791247,18,26,987,1031,44
"blast500k_test_pub_fileFULL_gr_3496","IS24T-06XX253-DT","Wed 11/18/2015- 3:09:04.42","Wed 11/18/2015- 3:31:39.34",1447790944,1447792299,21783,1447790919,1447792313,25,14,1355,1394,39
"blast500k_test_pub_fileFULL_gr_3497","IS24T-06XX279-DT","Wed 11/18/2015- 3:45:57.97","Wed 11/18/2015- 4:02:25.99",1447793157,1447794145,21784,1447793161,1447794188,-4,43,988,1027,39
"blast500k_test_pub_fileFULL_gr_3498","IS24T-06XX299-DT","Wed 11/18/2015- 3:20:10.27","Wed 11/18/2015- 3:48:10.52",1447791610,1447793290,21785,1447791623,1447793342,-13,52,1680,1719,39
"blast500k_test_pub_fileFULL_gr_3499","IS24T-06XX261-DT","Wed 11/18/2015- 3:25:01.53","Wed 11/18/2015- 3:37:01.73",1447791901,1447792621,21786,1447791874,1447792639,27,18,720,765,45
"blast500k_test_pub_fileFULL_gr_35","IS24T-06XX262-DT","Tue 11/17/2015-17:44:27.64","Tue 11/17/2015-18:10:20.31",1447757067,1447758620,18322,1447757031,1447758648,36,28,1553,1617,64
"blast500k_test_pub_fileFULL_gr_350","IS24T-06XX287-DT","Tue 11/17/2015-18:22:02.89","Tue 11/17/2015-18:43:24.29",1447759322,1447760604,18637,1447759319,1447760638,3,34,1282,1319,37
"blast500k_test_pub_fileFULL_gr_3500","IS24T-06XX268-DT","Wed 11/18/2015- 3:05:00.22","Wed 11/18/2015- 3:15:15.94",1447790700,1447791315,21787,1447790679,1447791333,21,18,615,654,39
"blast500k_test_pub_fileFULL_gr_3501","IS24T-06XX275-DT","Wed 11/18/2015- 2:59:34.81","Wed 11/18/2015- 3:16:00.84",1447790374,1447791360,21788,1447790363,1447791391,11,31,986,1028,42
"blast500k_test_pub_fileFULL_gr_3502","IS24T-06XX255-DT","Wed 11/18/2015- 3:16:15.89","Wed 11/18/2015- 3:31:27.88",1447791375,1447792287,21789,1447791349,1447792304,26,17,912,955,43
"blast500k_test_pub_fileFULL_gr_3503","IS24T-06XX283-DT","Wed 11/18/2015- 3:00:47.59","Wed 11/18/2015- 3:10:54.61",1447790447,1447791054,21790,1447790446,1447791079,1,25,607,633,26
"blast500k_test_pub_fileFULL_gr_3504","IS24T-06XX258-DT","Wed 11/18/2015- 3:17:58.11","Wed 11/18/2015- 3:32:50.47",1447791478,1447792370,21791,1447791466,1447792386,12,16,892,920,28
"blast500k_test_pub_fileFULL_gr_3505","IS24T-06XX288-DT","Wed 11/18/2015- 3:03:00.56","Wed 11/18/2015- 3:19:28.10",1447790580,1447791568,21792,1447790526,1447791582,54,14,988,1056,68
"blast500k_test_pub_fileFULL_gr_3506","IS24T-06XX288-DT","Wed 11/18/2015- 3:05:33.86","Wed 11/18/2015- 3:31:56.33",1447790733,1447792316,21793,1447790697,1447792329,36,13,1583,1632,49
"blast500k_test_pub_fileFULL_gr_3507","IS24T-06XX255-DT","Wed 11/18/2015- 2:59:06.98","Wed 11/18/2015- 3:15:44.85",1447790346,1447791344,21794,1447790319,1447791361,27,17,998,1042,44
"blast500k_test_pub_fileFULL_gr_3508","IS24T-06XX293-DT","Wed 11/18/2015- 3:14:43.56","Wed 11/18/2015- 3:30:24.55",1447791283,1447792224,21795,1447791283,1447792258,0,34,941,975,34
"blast500k_test_pub_fileFULL_gr_3509","IS24T-06XX294-DT","Wed 11/18/2015- 2:58:54.59","Wed 11/18/2015- 3:25:08.28",1447790334,1447791908,21796,1447790322,1447791935,12,27,1574,1613,39
"blast500k_test_pub_fileFULL_gr_351","IS24T-06XX297-DT","Tue 11/17/2015-18:35:41.70","Tue 11/17/2015-18:53:25.97",1447760141,1447761205,18638,1447760130,1447761241,11,36,1064,1111,47
"blast500k_test_pub_fileFULL_gr_3510","IS24T-06XX289-DT","Wed 11/18/2015- 3:00:42.22","Wed 11/18/2015- 3:18:01.49",1447790442,1447791481,21797,1447790446,1447791511,-4,30,1039,1065,26
"blast500k_test_pub_fileFULL_gr_3511","IS24T-06XX209-DT","Wed 11/18/2015- 3:07:28.68","Wed 11/18/2015- 3:32:39.00",1447790848,1447792359,21798,1447790866,1447792426,-18,67,1511,1560,49
"blast500k_test_pub_fileFULL_gr_3512","IS24T-06XX294-DT","Wed 11/18/2015- 3:43:20.75","Wed 11/18/2015- 4:13:09.45",1447793000,1447794789,21799,1447792992,1447794817,8,28,1789,1825,36
"blast500k_test_pub_fileFULL_gr_3513","IS24T-06XX281-DT","Wed 11/18/2015- 3:01:35.68","Wed 11/18/2015- 3:12:55.35",1447790495,1447791175,21800,1447790478,1447791200,17,25,680,722,42
"blast500k_test_pub_fileFULL_gr_3514","IS24T-06XX296-DT","Wed 11/18/2015- 3:10:17.76","Wed 11/18/2015- 3:22:17.88",1447791017,1447791737,21801,1447791002,1447791767,15,30,720,765,45
"blast500k_test_pub_fileFULL_gr_3515","IS24T-06XX209-DT","Wed 11/18/2015- 3:08:07.40","Wed 11/18/2015- 3:36:38.69",1447790887,1447792598,21802,1447790895,1447792665,-8,67,1711,1770,59
"blast500k_test_pub_fileFULL_gr_3516","IS24T-06XX292-DT","Wed 11/18/2015- 3:19:38.68","Wed 11/18/2015- 3:40:02.30",1447791578,1447792802,21803,1447791624,1447792886,-46,84,1224,1262,38
"blast500k_test_pub_fileFULL_gr_3517","IS24T-06XX271-DT","Wed 11/18/2015- 3:12:20.61","Wed 11/18/2015- 3:25:07.15",1447791140,1447791907,21804,1447791115,1447791923,25,16,767,808,41
"blast500k_test_pub_fileFULL_gr_3518","IS24T-06XX268-DT","Wed 11/18/2015- 3:15:56.91","Wed 11/18/2015- 3:29:27.66",1447791356,1447792167,21805,1447791333,1447792182,23,15,811,849,38
"blast500k_test_pub_fileFULL_gr_3519","IS24T-06XX278-DT","Wed 11/18/2015- 3:09:42.92","Wed 11/18/2015- 3:31:19.64",1447790982,1447792279,21806,1447790972,1447792313,10,34,1297,1341,44
"blast500k_test_pub_fileFULL_gr_352","IS24T-06XX279-DT","Tue 11/17/2015-18:20:30.38","Tue 11/17/2015-18:33:58.45",1447759230,1447760038,18639,1447759235,1447760083,-5,45,808,848,40
"blast500k_test_pub_fileFULL_gr_3520","IS24T-06XX254-DT","Wed 11/18/2015- 3:16:12.67","Wed 11/18/2015- 3:35:05.24",1447791372,1447792505,21807,1447791341,1447792520,31,15,1133,1179,46
"blast500k_test_pub_fileFULL_gr_3521","IS24T-06XX259-DT","Wed 11/18/2015- 3:00:41.94","Wed 11/18/2015- 3:15:51.83",1447790441,1447791351,21808,1447790416,1447791372,25,21,910,956,46
"blast500k_test_pub_fileFULL_gr_3522","IS24T-06XX255-DT","Wed 11/18/2015- 3:12:47.82","Wed 11/18/2015- 3:32:38.69",1447791167,1447792358,21809,1447791138,1447792372,29,14,1191,1234,43
"blast500k_test_pub_fileFULL_gr_3523","IS24T-06XX268-DT","Wed 11/18/2015- 3:00:17.70","Wed 11/18/2015- 3:15:51.87",1447790417,1447791351,21810,1447790393,1447791369,24,18,934,976,42
"blast500k_test_pub_fileFULL_gr_3524","IS24T-06XX258-DT","Wed 11/18/2015- 3:34:07.71","Wed 11/18/2015- 3:51:22.64",1447792447,1447793482,21811,1447792435,1447793499,12,17,1035,1064,29
"blast500k_test_pub_fileFULL_gr_3525","IS24T-06XX260-DT","Wed 11/18/2015- 3:38:22.16","Wed 11/18/2015- 3:56:55.38",1447792702,1447793815,21812,1447792671,1447793834,31,19,1113,1163,50
"blast500k_test_pub_fileFULL_gr_3526","IS24T-06XX254-DT","Wed 11/18/2015- 3:35:53.41","Wed 11/18/2015- 3:52:59.63",1447792553,1447793579,21813,1447792508,1447793594,45,15,1026,1086,60
"blast500k_test_pub_fileFULL_gr_3527","IS24T-06XX257-DT","Wed 11/18/2015- 3:12:16.39","Wed 11/18/2015- 3:22:27.57",1447791136,1447791747,21814,1447791092,1447791764,44,17,611,672,61
"blast500k_test_pub_fileFULL_gr_3528","IS24T-06XX286-DT","Wed 11/18/2015- 3:07:02.55","Wed 11/18/2015- 3:20:06.05",1447790822,1447791606,21815,1447790811,1447791635,11,29,784,824,40
"blast500k_test_pub_fileFULL_gr_3529","IS24T-06XX299-DT","Wed 11/18/2015- 3:41:46.93","Wed 11/18/2015- 3:55:46.50",1447792906,1447793746,21816,1447792920,1447793799,-14,53,840,879,39
"blast500k_test_pub_fileFULL_gr_353","IS24T-06XX257-DT","Tue 11/17/2015-18:42:59.93","Tue 11/17/2015-18:58:22.11",1447760579,1447761502,18640,1447760554,1447761516,25,14,923,962,39
"blast500k_test_pub_fileFULL_gr_3530","IS24T-06XX284-DT","Wed 11/18/2015- 3:28:48.44","Wed 11/18/2015- 4:03:59.77",1447792128,1447794239,21817,1447792135,1447794301,-7,62,2111,2166,55
"blast500k_test_pub_fileFULL_gr_3531","IS24T-06XX276-DT","Wed 11/18/2015- 3:09:35.46","Wed 11/18/2015- 3:20:38.99",1447790975,1447791638,21818,1447790951,1447791657,24,19,663,706,43
"blast500k_test_pub_fileFULL_gr_3532","IS24T-06XX292-DT","Wed 11/18/2015- 3:22:50.49","Wed 11/18/2015- 3:38:01.66",1447791770,1447792681,21819,1447791824,1447792764,-54,83,911,940,29
"blast500k_test_pub_fileFULL_gr_3533","IS24T-06XX261-DT","Wed 11/18/2015- 3:05:56.71","Wed 11/18/2015- 3:20:08.53",1447790756,1447791608,21820,1447790733,1447791623,23,15,852,890,38
"blast500k_test_pub_fileFULL_gr_3534","IS24T-06XX276-DT","Wed 11/18/2015- 3:11:07.90","Wed 11/18/2015- 3:23:24.30",1447791067,1447791804,21821,1447791056,1447791820,11,16,737,764,27
"blast500k_test_pub_fileFULL_gr_3535","IS24T-06XX252-DT","Wed 11/18/2015- 3:16:43.63","Wed 11/18/2015- 3:36:50.66",1447791403,1447792610,21822,1447791375,1447792618,28,8,1207,1243,36
"blast500k_test_pub_fileFULL_gr_3536","IS24T-06XX284-DT","Wed 11/18/2015- 3:21:05.26","Wed 11/18/2015- 3:38:06.65",1447791665,1447792686,21823,1447791674,1447792750,-9,64,1021,1076,55
"blast500k_test_pub_fileFULL_gr_3537","IS24T-06XX295-DT","Wed 11/18/2015- 3:09:42.03","Wed 11/18/2015- 3:28:53.08",1447790982,1447792133,21824,1447791002,1447792193,-20,60,1151,1191,40
"blast500k_test_pub_fileFULL_gr_3538","IS24T-06XX275-DT","Wed 11/18/2015- 3:20:13.88","Wed 11/18/2015- 3:35:53.67",1447791613,1447792553,21825,1447791609,1447792575,4,22,940,966,26
"blast500k_test_pub_fileFULL_gr_3539","IS24T-06XX284-DT","Wed 11/18/2015- 3:08:20.95","Wed 11/18/2015- 3:28:04.97",1447790900,1447792084,21826,1447790915,1447792146,-15,62,1184,1231,47
"blast500k_test_pub_fileFULL_gr_354","IS24T-06XX299-DT","Tue 11/17/2015-18:30:09.96","Tue 11/17/2015-18:46:24.46",1447759809,1447760784,18641,1447759822,1447760838,-13,54,975,1016,41
"blast500k_test_pub_fileFULL_gr_3540","IS24T-06XX267-DT","Wed 11/18/2015- 3:06:33.06","Wed 11/18/2015- 3:23:53.47",1447790793,1447791833,21827,1447790769,1447791851,24,18,1040,1082,42
"blast500k_test_pub_fileFULL_gr_3541","IS24T-06XX294-DT","Wed 11/18/2015- 3:20:49.24","Wed 11/18/2015- 3:36:55.15",1447791649,1447792615,21828,1447791639,1447792645,10,30,966,1006,40
"blast500k_test_pub_fileFULL_gr_3542","IS24T-06XX256-DT","Wed 11/18/2015- 3:08:08.25","Wed 11/18/2015- 3:30:25.05",1447790888,1447792225,21829,1447790862,1447792245,26,20,1337,1383,46
"blast500k_test_pub_fileFULL_gr_3543","IS24T-06XX287-DT","Wed 11/18/2015- 3:04:51.92","Wed 11/18/2015- 3:16:26.28",1447790691,1447791386,21830,1447790692,1447791420,-1,34,695,728,33
"blast500k_test_pub_fileFULL_gr_3544","IS24T-06XX293-DT","Wed 11/18/2015- 3:11:20.17","Wed 11/18/2015- 3:22:35.13",1447791080,1447791755,21831,1447791071,1447791790,9,35,675,719,44
"blast500k_test_pub_fileFULL_gr_3545","IS24T-06XX280-DT","Wed 11/18/2015- 3:18:40.68","Wed 11/18/2015- 3:40:33.31",1447791520,1447792833,21832,1447791658,1447793017,-138,184,1313,1359,46
"blast500k_test_pub_fileFULL_gr_3546","IS24T-06XX253-DT","Wed 11/18/2015- 3:18:07.30","Wed 11/18/2015- 3:31:36.74",1447791487,1447792296,21833,1447791461,1447792313,26,17,809,852,43
"blast500k_test_pub_fileFULL_gr_3547","IS24T-06XX284-DT","Wed 11/18/2015- 3:04:15.78","Wed 11/18/2015- 3:39:43.92",1447790655,1447792783,21834,1447790670,1447792846,-15,63,2128,2176,48
"blast500k_test_pub_fileFULL_gr_3548","IS24T-06XX262-DT","Wed 11/18/2015- 3:05:23.43","Wed 11/18/2015- 3:42:25.17",1447790723,1447792945,21835,1447790703,1447792972,20,27,2222,2269,47
"blast500k_test_pub_fileFULL_gr_3549","IS24T-06XX285-DT","Wed 11/18/2015- 3:04:37.89","Wed 11/18/2015- 3:18:28.25",1447790677,1447791508,21836,1447790663,1447791532,14,24,831,869,38
"blast500k_test_pub_fileFULL_gr_355","IS24T-06XX259-DT","Tue 11/17/2015-18:36:17.81","Tue 11/17/2015-18:53:53.76",1447760177,1447761233,18642,1447760154,1447761250,23,17,1056,1096,40
"blast500k_test_pub_fileFULL_gr_3550","IS24T-06XX291-DT","Wed 11/18/2015- 3:12:40.69","Wed 11/18/2015- 3:25:13.80",1447791160,1447791913,21837,1447791146,1447791942,14,29,753,796,43
"blast500k_test_pub_fileFULL_gr_3551","IS24T-06XX268-DT","Wed 11/18/2015- 3:59:35.09","Wed 11/18/2015- 4:11:17.22",1447793975,1447794677,21838,1447793950,1447794690,25,13,702,740,38
"blast500k_test_pub_fileFULL_gr_3552","IS24T-06XX287-DT","Wed 11/18/2015- 3:25:10.68","Wed 11/18/2015- 3:43:02.30",1447791910,1447792982,21839,1447791904,1447793012,6,30,1072,1108,36
"blast500k_test_pub_fileFULL_gr_3553","IS24T-06XX300-DT","Wed 11/18/2015- 3:32:34.67","Wed 11/18/2015- 3:55:23.24",1447792354,1447793723,21840,1447792351,1447793739,3,16,1369,1388,19
"blast500k_test_pub_fileFULL_gr_3554","IS24T-06XX288-DT","Wed 11/18/2015- 3:26:02.96","Wed 11/18/2015- 3:52:40.04",1447791962,1447793560,21841,1447791865,1447793575,97,15,1598,1710,112
"blast500k_test_pub_fileFULL_gr_3555","IS24T-06XX275-DT","Wed 11/18/2015- 3:30:59.10","Wed 11/18/2015- 3:38:54.17",1447792259,1447792734,21842,1447792248,1447792761,11,27,475,513,38
"blast500k_test_pub_fileFULL_gr_3556","IS24T-06XX275-DT","Wed 11/18/2015- 3:51:09.82","Wed 11/18/2015- 4:07:52.33",1447793469,1447794472,21843,1447793457,1447794498,12,26,1003,1041,38
"blast500k_test_pub_fileFULL_gr_3557","IS24T-06XX275-DT","Wed 11/18/2015- 3:16:32.99","Wed 11/18/2015- 3:30:32.89",1447791392,1447792232,21844,1447791379,1447792259,13,27,840,880,40
"blast500k_test_pub_fileFULL_gr_3558","IS24T-06XX286-DT","Wed 11/18/2015- 3:20:33.82","Wed 11/18/2015- 3:39:05.18",1447791633,1447792745,21845,1447791623,1447792775,10,30,1112,1152,40
"blast500k_test_pub_fileFULL_gr_3559","IS24T-06XX298-DT","Wed 11/18/2015- 3:12:14.03","Wed 11/18/2015- 3:24:15.81",1447791134,1447791855,21846,1447791161,1447791919,-27,64,721,758,37
"blast500k_test_pub_fileFULL_gr_356","IS24T-06XX274-DT","Tue 11/17/2015-18:48:17.83","Tue 11/17/2015-18:59:14.61",1447760897,1447761554,18643,1447760872,1447761570,25,16,657,698,41
"blast500k_test_pub_fileFULL_gr_3560","IS24T-06XX267-DT","Wed 11/18/2015- 3:09:21.10","Wed 11/18/2015- 3:30:03.84",1447790961,1447792203,21847,1447790943,1447792221,18,18,1242,1278,36
"blast500k_test_pub_fileFULL_gr_3561","IS24T-06XX294-DT","Wed 11/18/2015- 3:25:36.03","Wed 11/18/2015- 3:42:44.63",1447791936,1447792964,21848,1447791922,1447792992,14,28,1028,1070,42
"blast500k_test_pub_fileFULL_gr_3562","IS24T-06XX285-DT","Wed 11/18/2015- 4:49:40.76","Wed 11/18/2015- 5:02:53.01",1447796980,1447797773,21849,1447796967,1447797793,13,20,793,826,33
"blast500k_test_pub_fileFULL_gr_3563","IS24T-06XX274-DT","Wed 11/18/2015- 3:33:04.32","Wed 11/18/2015- 3:53:20.04",1447792384,1447793600,21850,1447792356,1447793617,28,17,1216,1261,45
"blast500k_test_pub_fileFULL_gr_3564","IS24T-06XX276-DT","Wed 11/18/2015- 4:27:13.85","Wed 11/18/2015- 4:46:41.18",1447795633,1447796801,21851,1447795615,1447796816,18,15,1168,1201,33
"blast500k_test_pub_fileFULL_gr_3565","IS24T-06XX283-DT","Wed 11/18/2015- 3:23:33.75","Wed 11/18/2015- 3:35:06.50",1447791813,1447792506,21852,1447791801,1447792533,12,27,693,732,39
"blast500k_test_pub_fileFULL_gr_3566","IS24T-06XX280-DT","Wed 11/18/2015- 3:45:23.10","Wed 11/18/2015- 4:09:36.29",1447793123,1447794576,21853,1447793258,1447794757,-135,181,1453,1499,46
"blast500k_test_pub_fileFULL_gr_3567","IS24T-06XX273-DT","Wed 11/18/2015- 3:32:38.68","Wed 11/18/2015- 3:47:01.76",1447792358,1447793221,21854,1447792335,1447793241,23,20,863,906,43
"blast500k_test_pub_fileFULL_gr_3568","IS24T-06XX261-DT","Wed 11/18/2015- 5:07:31.35","Wed 11/18/2015- 5:26:58.22",1447798051,1447799218,21855,1447798025,1447799234,26,16,1167,1209,42
"blast500k_test_pub_fileFULL_gr_3569","IS24T-06XX282-DT","Wed 11/18/2015- 3:07:57.93","Wed 11/18/2015- 3:27:12.66",1447790877,1447792032,21856,1447790862,1447792058,15,26,1155,1196,41
"blast500k_test_pub_fileFULL_gr_357","IS24T-06XX277-DT","Tue 11/17/2015-18:33:37.45","Tue 11/17/2015-18:46:32.83",1447760017,1447760792,18644,1447759993,1447760807,24,15,775,814,39
"blast500k_test_pub_fileFULL_gr_3570","IS24T-06XX289-DT","Wed 11/18/2015- 3:18:24.15","Wed 11/18/2015- 3:34:21.71",1447791504,1447792461,21857,1447791499,1447792495,5,34,957,996,39
"blast500k_test_pub_fileFULL_gr_3571","IS24T-06XX268-DT","Wed 11/18/2015- 3:16:12.79","Wed 11/18/2015- 3:45:38.94",1447791372,1447793138,21858,1447791357,1447793155,15,17,1766,1798,32
"blast500k_test_pub_fileFULL_gr_3572","IS24T-06XX266-DT","Wed 11/18/2015- 3:41:49.15","Wed 11/18/2015- 3:59:09.69",1447792909,1447793949,21859,1447792883,1447793968,26,19,1040,1085,45
"blast500k_test_pub_fileFULL_gr_3573","IS24T-06XX299-DT","Wed 11/18/2015- 3:10:21.37","Wed 11/18/2015- 3:19:40.47",1447791021,1447791580,21860,1447791045,1447791635,-24,55,559,590,31
"blast500k_test_pub_fileFULL_gr_3574","IS24T-06XX283-DT","Wed 11/18/2015- 3:52:12.32","Wed 11/18/2015- 4:09:26.52",1447793532,1447794566,21861,1447793519,1447794595,13,29,1034,1076,42
"blast500k_test_pub_fileFULL_gr_3575","IS24T-06XX289-DT","Wed 11/18/2015- 3:11:11.32","Wed 11/18/2015- 3:24:48.25",1447791071,1447791888,21862,1447791062,1447791921,9,33,817,859,42
"blast500k_test_pub_fileFULL_gr_3576","IS24T-06XX258-DT","Wed 11/18/2015- 3:16:09.39","Wed 11/18/2015- 3:33:39.34",1447791369,1447792419,21863,1447791344,1447792435,25,16,1050,1091,41
"blast500k_test_pub_fileFULL_gr_3577","IS24T-06XX300-DT","Wed 11/18/2015- 3:11:58.27","Wed 11/18/2015- 3:32:17.58",1447791118,1447792337,21864,1447791102,1447792362,16,25,1219,1260,41
"blast500k_test_pub_fileFULL_gr_3578","IS24T-06XX292-DT","Wed 11/18/2015- 3:38:30.72","Wed 11/18/2015- 3:51:41.92",1447792710,1447793501,21865,1447792753,1447793578,-43,77,791,825,34
"blast500k_test_pub_fileFULL_gr_3579","IS24T-06XX285-DT","Wed 11/18/2015- 3:18:55.00","Wed 11/18/2015- 3:37:29.00",1447791535,1447792649,21866,1447791520,1447792676,15,27,1114,1156,42
"blast500k_test_pub_fileFULL_gr_358","IS24T-06XX298-DT","Tue 11/17/2015-18:31:51.15","Tue 11/17/2015-18:54:38.45",1447759911,1447761278,18645,1447759944,1447761352,-33,74,1367,1408,41
"blast500k_test_pub_fileFULL_gr_3580","IS24T-06XX265-DT","Wed 11/18/2015- 3:41:21.23","Wed 11/18/2015- 3:57:56.46",1447792881,1447793876,21867,1447792864,1447793891,17,15,995,1027,32
"blast500k_test_pub_fileFULL_gr_3581","IS24T-06XX278-DT","Wed 11/18/2015- 3:13:39.75","Wed 11/18/2015- 3:23:48.94",1447791219,1447791828,21868,1447791207,1447791858,12,30,609,651,42
"blast500k_test_pub_fileFULL_gr_3582","IS24T-06XX287-DT","Wed 11/18/2015- 3:16:56.27","Wed 11/18/2015- 3:29:22.27",1447791416,1447792162,21869,1447791409,1447792195,7,33,746,786,40
"blast500k_test_pub_fileFULL_gr_3583","IS24T-06XX283-DT","Wed 11/18/2015- 3:29:13.35","Wed 11/18/2015- 3:44:32.47",1447792153,1447793072,21870,1447792139,1447793099,14,27,919,960,41
"blast500k_test_pub_fileFULL_gr_3584","IS24T-06XX281-DT","Wed 11/18/2015- 3:09:58.64","Wed 11/18/2015- 3:30:06.27",1447790998,1447792206,21871,1447790982,1447792235,16,29,1208,1253,45
"blast500k_test_pub_fileFULL_gr_3585","IS24T-06XX264-DT","Wed 11/18/2015- 3:12:09.01","Wed 11/18/2015- 3:39:07.37",1447791129,1447792747,21872,1447791097,1447792762,32,15,1618,1665,47
"blast500k_test_pub_fileFULL_gr_3586","IS24T-06XX277-DT","Wed 11/18/2015- 3:13:46.33","Wed 11/18/2015- 3:33:56.99",1447791226,1447792436,21873,1447791195,1447792455,31,19,1210,1260,50
"blast500k_test_pub_fileFULL_gr_3587","IS24T-06XX254-DT","Wed 11/18/2015- 3:30:38.78","Wed 11/18/2015- 3:47:46.53",1447792238,1447793266,21874,1447792204,1447793281,34,15,1028,1077,49
"blast500k_test_pub_fileFULL_gr_3588","IS24T-06XX296-DT","Wed 11/18/2015- 3:22:38.01","Wed 11/18/2015- 3:34:26.47",1447791758,1447792466,21875,1447791754,1447792494,4,28,708,740,32
"blast500k_test_pub_fileFULL_gr_3589","IS24T-06XX252-DT","Wed 11/18/2015- 3:17:13.64","Wed 11/18/2015- 3:36:06.90",1447791433,1447792566,21876,1447791421,1447792583,12,17,1133,1162,29
"blast500k_test_pub_fileFULL_gr_359","IS24T-06XX299-DT","Tue 11/17/2015-18:24:07.16","Tue 11/17/2015-18:43:56.49",1447759447,1447760636,18646,1447759461,1447760690,-14,54,1189,1229,40
"blast500k_test_pub_fileFULL_gr_3590","IS24T-06XX297-DT","Wed 11/18/2015- 3:13:44.50","Wed 11/18/2015- 3:37:04.97",1447791224,1447792624,21877,1447791212,1447792656,12,32,1400,1444,44
"blast500k_test_pub_fileFULL_gr_3591","IS24T-06XX288-DT","Wed 11/18/2015- 3:12:32.81","Wed 11/18/2015- 3:30:12.31",1447791152,1447792212,21878,1447791110,1447792223,42,11,1060,1113,53
"blast500k_test_pub_fileFULL_gr_3592","IS24T-06XX271-DT","Wed 11/18/2015- 3:17:26.92","Wed 11/18/2015- 3:30:22.05",1447791446,1447792222,21879,1447791423,1447792240,23,18,776,817,41
"blast500k_test_pub_fileFULL_gr_3593","IS24T-06XX271-DT","Wed 11/18/2015- 3:41:58.93","Wed 11/18/2015- 3:54:15.50",1447792918,1447793655,21880,1447792895,1447793669,23,14,737,774,37
"blast500k_test_pub_fileFULL_gr_3594","IS24T-06XX291-DT","Wed 11/18/2015- 3:25:45.32","Wed 11/18/2015- 3:42:46.82",1447791945,1447792966,21881,1447791929,1447792995,16,29,1021,1066,45
"blast500k_test_pub_fileFULL_gr_3595","IS24T-06XX293-DT","Wed 11/18/2015- 3:23:05.67","Wed 11/18/2015- 3:36:32.84",1447791785,1447792592,21882,1447791790,1447792630,-5,38,807,840,33
"blast500k_test_pub_fileFULL_gr_3596","IS24T-06XX281-DT","Wed 11/18/2015- 3:13:36.94","Wed 11/18/2015- 3:26:41.04",1447791216,1447792001,21883,1447791200,1447792029,16,28,785,829,44
"blast500k_test_pub_fileFULL_gr_3597","IS24T-06XX274-DT","Wed 11/18/2015- 3:20:52.81","Wed 11/18/2015- 3:32:28.64",1447791652,1447792348,21884,1447791628,1447792368,24,20,696,740,44
"blast500k_test_pub_fileFULL_gr_3598","IS24T-06XX209-DT","Wed 11/18/2015- 3:37:16.33","Wed 11/18/2015- 4:00:01.08",1447792636,1447794001,21885,1447792654,1447794068,-18,67,1365,1414,49
"blast500k_test_pub_fileFULL_gr_3599","IS24T-06XX284-DT","Wed 11/18/2015- 3:12:50.95","Wed 11/18/2015- 3:36:29.40",1447791170,1447792589,21886,1447791183,1447792652,-13,63,1419,1469,50
"blast500k_test_pub_fileFULL_gr_36","IS24T-06XX286-DT","Tue 11/17/2015-18:41:19.46","Tue 11/17/2015-18:54:24.82",1447760479,1447761264,18323,1447760468,1447761296,11,32,785,828,43
"blast500k_test_pub_fileFULL_gr_360","IS24T-06XX276-DT","Tue 11/17/2015-18:59:46.56","Tue 11/17/2015-19:25:08.07",1447761586,1447763108,18647,1447761564,1447763125,22,17,1522,1561,39
"blast500k_test_pub_fileFULL_gr_3600","IS24T-06XX264-DT","Wed 11/18/2015- 3:31:30.10","Wed 11/18/2015- 4:05:45.77",1447792290,1447794345,21887,1447792264,1447794360,26,15,2055,2096,41
"blast500k_test_pub_fileFULL_gr_3601","IS24T-06XX266-DT","Wed 11/18/2015- 3:13:05.96","Wed 11/18/2015- 3:23:37.41",1447791185,1447791817,21888,1447791157,1447791834,28,17,632,677,45
"blast500k_test_pub_fileFULL_gr_3602","IS24T-06XX286-DT","Wed 11/18/2015- 3:56:27.71","Wed 11/18/2015- 4:03:14.75",1447793787,1447794194,21889,1447793774,1447794227,13,33,407,453,46
"blast500k_test_pub_fileFULL_gr_3603","IS24T-06XX265-DT","Wed 11/18/2015- 3:27:50.55","Wed 11/18/2015- 3:38:36.29",1447792070,1447792716,21890,1447792042,1447792733,28,17,646,691,45
"blast500k_test_pub_fileFULL_gr_3604","IS24T-06XX281-DT","Wed 11/18/2015- 3:27:14.42","Wed 11/18/2015- 3:43:39.40",1447792034,1447793019,21891,1447792018,1447793042,16,23,985,1024,39
"blast500k_test_pub_fileFULL_gr_3605","IS24T-06XX263-DT","Wed 11/18/2015- 3:29:53.45","Wed 11/18/2015- 3:43:02.21",1447792193,1447792982,21892,1447792172,1447792996,21,14,789,824,35
"blast500k_test_pub_fileFULL_gr_3606","IS24T-06XX286-DT","Wed 11/18/2015- 3:39:52.83","Wed 11/18/2015- 3:55:56.73",1447792792,1447793756,21893,1447792763,1447793785,29,29,964,1022,58
"blast500k_test_pub_fileFULL_gr_3607","IS24T-06XX281-DT","Wed 11/18/2015- 4:16:12.57","Wed 11/18/2015- 4:31:06.06",1447794972,1447795866,21894,1447794956,1447795890,16,24,894,934,40
"blast500k_test_pub_fileFULL_gr_3608","IS24T-06XX287-DT","Wed 11/18/2015- 3:53:21.75","Wed 11/18/2015- 4:06:20.39",1447793601,1447794380,21895,1447793604,1447794410,-3,30,779,806,27
"blast500k_test_pub_fileFULL_gr_3609","IS24T-06XX267-DT","Wed 11/18/2015- 3:48:43.27","Wed 11/18/2015- 4:06:50.76",1447793323,1447794410,21896,1447793300,1447794429,23,19,1087,1129,42
"blast500k_test_pub_fileFULL_gr_361","IS24T-06XX291-DT","Tue 11/17/2015-18:20:24.99","Tue 11/17/2015-18:37:57.29",1447759224,1447760277,18648,1447759217,1447760302,7,25,1053,1085,32
"blast500k_test_pub_fileFULL_gr_3610","IS24T-06XX275-DT","Wed 11/18/2015- 3:36:30.86","Wed 11/18/2015- 3:51:57.89",1447792590,1447793517,21897,1447792576,1447793546,14,29,927,970,43
"blast500k_test_pub_fileFULL_gr_3611","IS24T-06XX276-DT","Wed 11/18/2015- 3:21:11.37","Wed 11/18/2015- 3:35:50.73",1447791671,1447792550,21898,1447791645,1447792567,26,17,879,922,43
"blast500k_test_pub_fileFULL_gr_3612","IS24T-06XX260-DT","Wed 11/18/2015- 3:22:55.38","Wed 11/18/2015- 3:37:36.06",1447791775,1447792656,21899,1447791762,1447792671,13,15,881,909,28
"blast500k_test_pub_fileFULL_gr_3613","IS24T-06XX271-DT","Wed 11/18/2015- 3:54:30.47","Wed 11/18/2015- 4:08:15.96",1447793670,1447794495,21900,1447793657,1447794514,13,19,825,857,32
"blast500k_test_pub_fileFULL_gr_3614","IS24T-06XX261-DT","Wed 11/18/2015- 3:53:18.91","Wed 11/18/2015- 4:08:55.71",1447793598,1447794535,21901,1447793574,1447794553,24,18,937,979,42
"blast500k_test_pub_fileFULL_gr_3615","IS24T-06XX269-DT","Wed 11/18/2015- 3:25:46.92","Wed 11/18/2015- 3:45:03.29",1447791946,1447793103,21902,1447791923,1447793133,23,30,1157,1210,53
"blast500k_test_pub_fileFULL_gr_3616","IS24T-06XX262-DT","Wed 11/18/2015- 3:27:27.26","Wed 11/18/2015- 3:56:56.93",1447792047,1447793816,21903,1447792019,1447793844,28,28,1769,1825,56
"blast500k_test_pub_fileFULL_gr_3617","IS24T-06XX298-DT","Wed 11/18/2015- 3:20:09.98","Wed 11/18/2015- 3:34:03.74",1447791609,1447792443,21904,1447791639,1447792515,-30,72,834,876,42
"blast500k_test_pub_fileFULL_gr_3618","IS24T-06XX261-DT","Wed 11/18/2015- 3:20:38.07","Wed 11/18/2015- 3:43:08.60",1447791638,1447792988,21905,1447791611,1447793005,27,17,1350,1394,44
"blast500k_test_pub_fileFULL_gr_3619","IS24T-06XX273-DT","Wed 11/18/2015- 3:21:15.08","Wed 11/18/2015- 3:36:21.75",1447791675,1447792581,21906,1447791663,1447792599,12,18,906,936,30
"blast500k_test_pub_fileFULL_gr_362","IS24T-06XX260-DT","Tue 11/17/2015-18:20:16.43","Tue 11/17/2015-18:35:16.08",1447759216,1447760116,18649,1447759202,1447760130,14,14,900,928,28
"blast500k_test_pub_fileFULL_gr_3620","IS24T-06XX276-DT","Wed 11/18/2015- 3:36:27.40","Wed 11/18/2015- 3:47:55.32",1447792587,1447793275,21907,1447792555,1447793295,32,20,688,740,52
"blast500k_test_pub_fileFULL_gr_3621","IS24T-06XX282-DT","Wed 11/18/2015- 3:37:34.50","Wed 11/18/2015- 3:55:59.23",1447792654,1447793759,21908,1447792641,1447793784,13,25,1105,1143,38
"blast500k_test_pub_fileFULL_gr_3622","IS24T-06XX257-DT","Wed 11/18/2015- 3:23:29.29","Wed 11/18/2015- 3:38:55.73",1447791809,1447792735,21909,1447791775,1447792753,34,18,926,978,52
"blast500k_test_pub_fileFULL_gr_3623","IS24T-06XX252-DT","Wed 11/18/2015- 4:08:29.02","Wed 11/18/2015- 4:26:27.14",1447794509,1447795587,21910,1447794482,1447795604,27,17,1078,1122,44
"blast500k_test_pub_fileFULL_gr_3624","IS24T-06XX272-DT","Wed 11/18/2015- 3:37:05.04","Wed 11/18/2015- 3:49:47.94",1447792625,1447793387,21911,1447792599,1447793404,26,17,762,805,43
"blast500k_test_pub_fileFULL_gr_3625","IS24T-06XX256-DT","Wed 11/18/2015- 3:37:19.09","Wed 11/18/2015- 3:51:21.43",1447792639,1447793481,21912,1447792615,1447793496,24,15,842,881,39
"blast500k_test_pub_fileFULL_gr_3626","IS24T-06XX272-DT","Wed 11/18/2015- 3:20:23.80","Wed 11/18/2015- 3:36:33.20",1447791623,1447792593,21913,1447791599,1447792611,24,18,970,1012,42
"blast500k_test_pub_fileFULL_gr_3627","IS24T-06XX281-DT","Wed 11/18/2015- 3:49:54.96","Wed 11/18/2015- 4:02:08.36",1447793394,1447794128,21914,1447793378,1447794155,16,27,734,777,43
"blast500k_test_pub_fileFULL_gr_3628","IS24T-06XX285-DT","Wed 11/18/2015- 3:22:06.26","Wed 11/18/2015- 3:45:23.83",1447791726,1447793123,21915,1447791721,1447793148,5,25,1397,1427,30
"blast500k_test_pub_fileFULL_gr_3629","IS24T-06XX291-DT","Wed 11/18/2015- 3:43:06.03","Wed 11/18/2015- 3:50:42.17",1447792986,1447793442,21916,1447792983,1447793471,3,29,456,488,32
"blast500k_test_pub_fileFULL_gr_363","IS24T-06XX288-DT","Tue 11/17/2015-18:25:14.79","Tue 11/17/2015-18:45:26.17",1447759514,1447760726,18650,1447759481,1447760739,33,13,1212,1258,46
"blast500k_test_pub_fileFULL_gr_3630","IS24T-06XX296-DT","Wed 11/18/2015- 4:31:52.29","Wed 11/18/2015- 4:44:57.73",1447795912,1447796697,21917,1447795901,1447796725,11,28,785,824,39
"blast500k_test_pub_fileFULL_gr_3631","IS24T-06XX263-DT","Wed 11/18/2015- 4:32:29.80","Wed 11/18/2015- 4:51:15.11",1447795949,1447797075,21918,1447795928,1447797093,21,18,1126,1165,39
"blast500k_test_pub_fileFULL_gr_3632","IS24T-06XX284-DT","Wed 11/18/2015- 3:55:48.16","Wed 11/18/2015- 4:16:23.98",1447793748,1447794983,21919,1447793741,1447795046,7,63,1235,1305,70
"blast500k_test_pub_fileFULL_gr_3633","IS24T-06XX274-DT","Wed 11/18/2015- 3:21:11.39","Wed 11/18/2015- 3:39:41.12",1447791671,1447792781,21920,1447791652,1447792797,19,16,1110,1145,35
"blast500k_test_pub_fileFULL_gr_3634","IS24T-06XX299-DT","Wed 11/18/2015- 3:30:02.63","Wed 11/18/2015- 3:41:17.86",1447792202,1447792877,21921,1447792214,1447792931,-12,54,675,717,42
"blast500k_test_pub_fileFULL_gr_3635","IS24T-06XX266-DT","Wed 11/18/2015- 3:24:13.21","Wed 11/18/2015- 3:41:05.66",1447791853,1447792865,21922,1447791821,1447792883,32,18,1012,1062,50
"blast500k_test_pub_fileFULL_gr_3636","IS24T-06XX281-DT","Wed 11/18/2015- 3:30:41.47","Wed 11/18/2015- 3:49:21.51",1447792241,1447793361,21923,1447792235,1447793391,6,30,1120,1156,36
"blast500k_test_pub_fileFULL_gr_3637","IS24T-06XX298-DT","Wed 11/18/2015- 3:25:14.47","Wed 11/18/2015- 3:41:17.75",1447791914,1447792877,21924,1447791919,1447792940,-5,63,963,1021,58
"blast500k_test_pub_fileFULL_gr_3638","IS24T-06XX271-DT","Wed 11/18/2015- 3:25:37.61","Wed 11/18/2015- 3:41:29.61",1447791937,1447792889,21925,1447791910,1447792907,27,18,952,997,45
"blast500k_test_pub_fileFULL_gr_3639","IS24T-06XX257-DT","Wed 11/18/2015- 3:27:25.72","Wed 11/18/2015- 3:45:29.22",1447792045,1447793129,21926,1447792008,1447793140,37,11,1084,1132,48
"blast500k_test_pub_fileFULL_gr_364","IS24T-06XX295-DT","Tue 11/17/2015-19:44:22.64","Tue 11/17/2015-20:02:11.77",1447764262,1447765331,18651,1447764282,1447765390,-20,59,1069,1108,39
"blast500k_test_pub_fileFULL_gr_3640","IS24T-06XX298-DT","Wed 11/18/2015- 3:34:29.17","Wed 11/18/2015- 3:51:05.56",1447792469,1447793465,21927,1447792505,1447793536,-36,71,996,1031,35
"blast500k_test_pub_fileFULL_gr_3641","IS24T-06XX297-DT","Wed 11/18/2015- 3:21:52.46","Wed 11/18/2015- 3:42:36.56",1447791712,1447792956,21928,1447791697,1447792982,15,26,1244,1285,41
"blast500k_test_pub_fileFULL_gr_3642","IS24T-06XX294-DT","Wed 11/18/2015- 3:37:22.39","Wed 11/18/2015- 3:48:28.56",1447792642,1447793308,21929,1447792632,1447793334,10,26,666,702,36
"blast500k_test_pub_fileFULL_gr_3643","IS24T-06XX295-DT","Wed 11/18/2015- 3:21:06.48","Wed 11/18/2015- 3:36:11.39",1447791666,1447792571,21930,1447791684,1447792631,-18,60,905,947,42
"blast500k_test_pub_fileFULL_gr_3644","IS24T-06XX277-DT","Wed 11/18/2015- 3:34:48.52","Wed 11/18/2015- 3:48:50.72",1447792488,1447793330,21931,1447792443,1447793349,45,19,842,906,64
"blast500k_test_pub_fileFULL_gr_3645","IS24T-06XX295-DT","Wed 11/18/2015- 3:48:36.91","Wed 11/18/2015- 4:03:28.77",1447793316,1447794208,21932,1447793337,1447794267,-21,59,892,930,38
"blast500k_test_pub_fileFULL_gr_3646","IS24T-06XX276-DT","Wed 11/18/2015- 3:23:38.79","Wed 11/18/2015- 3:33:21.76",1447791818,1447792401,21933,1447791807,1447792417,11,16,583,610,27
"blast500k_test_pub_fileFULL_gr_3647","IS24T-06XX282-DT","Wed 11/18/2015- 3:42:57.92","Wed 11/18/2015- 4:02:32.01",1447792977,1447794152,21934,1447792972,1447794179,5,27,1175,1207,32
"blast500k_test_pub_fileFULL_gr_3648","IS24T-06XX279-DT","Wed 11/18/2015- 3:27:59.70","Wed 11/18/2015- 3:45:30.32",1447792079,1447793130,21935,1447792085,1447793174,-6,44,1051,1089,38
"blast500k_test_pub_fileFULL_gr_3649","IS24T-06XX285-DT","Wed 11/18/2015- 3:38:02.58","Wed 11/18/2015- 3:55:55.52",1447792682,1447793755,21936,1447792664,1447793780,18,25,1073,1116,43
"blast500k_test_pub_fileFULL_gr_365","IS24T-06XX254-DT","Tue 11/17/2015-18:32:15.36","Tue 11/17/2015-18:47:46.68",1447759935,1447760866,18652,1447759906,1447760883,29,17,931,977,46
"blast500k_test_pub_fileFULL_gr_3650","IS24T-06XX283-DT","Wed 11/18/2015- 3:35:27.59","Wed 11/18/2015- 3:51:40.61",1447792527,1447793500,21937,1447792521,1447793530,6,30,973,1009,36
"blast500k_test_pub_fileFULL_gr_3651","IS24T-06XX267-DT","Wed 11/18/2015- 3:25:51.73","Wed 11/18/2015- 3:39:43.26",1447791951,1447792783,21938,1447791923,1447792800,28,17,832,877,45
"blast500k_test_pub_fileFULL_gr_3652","IS24T-06XX254-DT","Wed 11/18/2015- 3:42:56.89","Wed 11/18/2015- 4:07:04.60",1447792976,1447794424,21939,1447792947,1447794443,29,19,1448,1496,48
"blast500k_test_pub_fileFULL_gr_3653","IS24T-06XX259-DT","Wed 11/18/2015- 3:22:17.83","Wed 11/18/2015- 3:34:56.59",1447791737,1447792496,21940,1447791726,1447792516,11,20,759,790,31
"blast500k_test_pub_fileFULL_gr_3654","IS24T-06XX278-DT","Wed 11/18/2015- 3:24:18.78","Wed 11/18/2015- 3:43:26.80",1447791858,1447793006,21941,1447791846,1447793038,12,32,1148,1192,44
"blast500k_test_pub_fileFULL_gr_3655","IS24T-06XX272-DT","Wed 11/18/2015- 3:25:25.12","Wed 11/18/2015- 3:44:12.92",1447791925,1447793052,21942,1447791900,1447793073,25,21,1127,1173,46
"blast500k_test_pub_fileFULL_gr_3656","IS24T-06XX268-DT","Wed 11/18/2015- 3:29:55.92","Wed 11/18/2015- 3:41:46.49",1447792195,1447792906,21943,1447792170,1447792923,25,17,711,753,42
"blast500k_test_pub_fileFULL_gr_3657","IS24T-06XX256-DT","Wed 11/18/2015- 3:30:59.16","Wed 11/18/2015- 3:40:40.57",1447792259,1447792840,21944,1447792233,1447792860,26,20,581,627,46
"blast500k_test_pub_fileFULL_gr_3658","IS24T-06XX209-DT","Wed 11/18/2015- 3:25:05.08","Wed 11/18/2015- 3:53:58.53",1447791905,1447793638,21945,1447791892,1447793711,13,73,1733,1819,86
"blast500k_test_pub_fileFULL_gr_3659","IS24T-06XX277-DT","Wed 11/18/2015- 3:34:48.53","Wed 11/18/2015- 3:53:01.14",1447792488,1447793581,21946,1447792455,1447793598,33,17,1093,1143,50
"blast500k_test_pub_fileFULL_gr_366","IS24T-06XX259-DT","Tue 11/17/2015-18:32:43.28","Tue 11/17/2015-18:50:22.68",1447759963,1447761022,18653,1447759940,1447761039,23,17,1059,1099,40
"blast500k_test_pub_fileFULL_gr_3660","IS24T-06XX255-DT","Wed 11/18/2015- 3:32:13.09","Wed 11/18/2015- 3:53:09.13",1447792333,1447793589,21947,1447792304,1447793606,29,17,1256,1302,46
"blast500k_test_pub_fileFULL_gr_3661","IS24T-06XX298-DT","Wed 11/18/2015- 3:42:01.57","Wed 11/18/2015- 4:04:01.15",1447792921,1447794241,21948,1447792951,1447794314,-30,73,1320,1363,43
"blast500k_test_pub_fileFULL_gr_3662","IS24T-06XX282-DT","Wed 11/18/2015- 3:27:52.76","Wed 11/18/2015- 3:42:24.84",1447792072,1447792944,21949,1447792058,1447792972,14,28,872,914,42
"blast500k_test_pub_fileFULL_gr_3663","IS24T-06XX266-DT","Wed 11/18/2015- 3:27:47.22","Wed 11/18/2015- 3:43:03.73",1447792067,1447792983,21950,1447792038,1447792999,29,16,916,961,45
"blast500k_test_pub_fileFULL_gr_3664","IS24T-06XX284-DT","Wed 11/18/2015- 3:37:12.72","Wed 11/18/2015- 4:10:32.26",1447792632,1447794632,21951,1447792640,1447794691,-8,59,2000,2051,51
"blast500k_test_pub_fileFULL_gr_3665","IS24T-06XX287-DT","Wed 11/18/2015- 4:04:01.73","Wed 11/18/2015- 4:16:46.01",1447794241,1447795006,21952,1447794237,1447795036,4,30,765,799,34
"blast500k_test_pub_fileFULL_gr_3666","IS24T-06XX286-DT","Wed 11/18/2015- 3:39:52.83","Wed 11/18/2015- 3:58:28.03",1447792792,1447793908,21953,1447792775,1447793936,17,28,1116,1161,45
"blast500k_test_pub_fileFULL_gr_3667","IS24T-06XX268-DT","Wed 11/18/2015- 3:42:28.83","Wed 11/18/2015- 3:59:08.70",1447792948,1447793948,21954,1447792923,1447793962,25,14,1000,1039,39
"blast500k_test_pub_fileFULL_gr_3668","IS24T-06XX259-DT","Wed 11/18/2015- 3:35:29.47","Wed 11/18/2015- 3:50:53.45",1447792529,1447793453,21955,1447792504,1447793469,25,16,924,965,41
"blast500k_test_pub_fileFULL_gr_3669","IS24T-06XX300-DT","Wed 11/18/2015- 3:31:04.22","Wed 11/18/2015- 3:49:43.33",1447792264,1447793383,21956,1447792244,1447793410,20,27,1119,1166,47
"blast500k_test_pub_fileFULL_gr_367","IS24T-06XX261-DT","Tue 11/17/2015-18:21:18.95","Tue 11/17/2015-18:40:29.51",1447759278,1447760429,18654,1447759255,1447760445,23,16,1151,1190,39
"blast500k_test_pub_fileFULL_gr_3670","IS24T-06XX293-DT","Wed 11/18/2015- 3:51:32.31","Wed 11/18/2015- 4:03:42.68",1447793492,1447794222,21957,1447793482,1447794257,10,35,730,775,45
"blast500k_test_pub_fileFULL_gr_3671","IS24T-06XX274-DT","Wed 11/18/2015- 3:54:08.59","Wed 11/18/2015- 4:12:01.37",1447793648,1447794721,21958,1447793630,1447794740,18,19,1073,1110,37
"blast500k_test_pub_fileFULL_gr_3672","IS24T-06XX288-DT","Wed 11/18/2015- 3:54:58.51","Wed 11/18/2015- 4:14:21.33",1447793698,1447794861,21959,1447793641,1447794875,57,14,1163,1234,71
"blast500k_test_pub_fileFULL_gr_3673","IS24T-06XX276-DT","Wed 11/18/2015- 3:53:01.98","Wed 11/18/2015- 4:11:19.27",1447793581,1447794679,21960,1447793565,1447794697,16,18,1098,1132,34
"blast500k_test_pub_fileFULL_gr_3674","IS24T-06XX297-DT","Wed 11/18/2015- 3:46:29.93","Wed 11/18/2015- 4:15:36.66",1447793189,1447794936,21961,1447793172,1447794972,17,36,1747,1800,53
"blast500k_test_pub_fileFULL_gr_3675","IS24T-06XX256-DT","Wed 11/18/2015- 3:53:45.73","Wed 11/18/2015- 4:10:42.37",1447793625,1447794642,21962,1447793615,1447794660,10,18,1017,1045,28
"blast500k_test_pub_fileFULL_gr_3676","IS24T-06XX295-DT","Wed 11/18/2015- 3:29:22.35","Wed 11/18/2015- 3:47:58.87",1447792162,1447793278,21963,1447792182,1447793337,-20,59,1116,1155,39
"blast500k_test_pub_fileFULL_gr_3677","IS24T-06XX267-DT","Wed 11/18/2015- 3:40:11.91","Wed 11/18/2015- 3:54:46.30",1447792811,1447793686,21964,1447792788,1447793701,23,15,875,913,38
"blast500k_test_pub_fileFULL_gr_3678","IS24T-06XX258-DT","Wed 11/18/2015- 3:33:19.70","Wed 11/18/2015- 3:43:15.31",1447792399,1447792995,21965,1447792374,1447793011,25,16,596,637,41
"blast500k_test_pub_fileFULL_gr_3679","IS24T-06XX298-DT","Wed 11/18/2015- 3:51:36.40","Wed 11/18/2015- 4:07:59.13",1447793496,1447794479,21966,1447793525,1447794544,-29,65,983,1019,36
"blast500k_test_pub_fileFULL_gr_368","IS24T-06XX259-DT","Tue 11/17/2015-18:54:22.55","Tue 11/17/2015-19:11:45.94",1447761262,1447762305,18655,1447761238,1447762317,24,12,1043,1079,36
"blast500k_test_pub_fileFULL_gr_3680","IS24T-06XX288-DT","Wed 11/18/2015- 3:30:42.69","Wed 11/18/2015- 3:56:20.18",1447792242,1447793780,21967,1447792212,1447793792,30,12,1538,1580,42
"blast500k_test_pub_fileFULL_gr_3681","IS24T-06XX288-DT","Wed 11/18/2015- 3:32:44.58","Wed 11/18/2015- 3:54:03.05",1447792364,1447793643,21968,1447792318,1447793653,46,10,1279,1335,56
"blast500k_test_pub_fileFULL_gr_3682","IS24T-06XX284-DT","Wed 11/18/2015- 3:40:17.59","Wed 11/18/2015- 3:58:51.02",1447792817,1447793931,21969,1447792834,1447793993,-17,62,1114,1159,45
"blast500k_test_pub_fileFULL_gr_3683","IS24T-06XX252-DT","Wed 11/18/2015- 3:37:11.94","Wed 11/18/2015- 3:54:33.04",1447792631,1447793673,21970,1447792618,1447793693,13,20,1042,1075,33
"blast500k_test_pub_fileFULL_gr_3684","IS24T-06XX271-DT","Wed 11/18/2015- 3:30:40.13","Wed 11/18/2015- 3:48:25.75",1447792240,1447793305,21971,1447792228,1447793323,12,18,1065,1095,30
"blast500k_test_pub_fileFULL_gr_3685","IS24T-06XX253-DT","Wed 11/18/2015- 3:32:24.40","Wed 11/18/2015- 3:53:10.98",1447792344,1447793590,21972,1447792301,1447793611,43,21,1246,1310,64
"blast500k_test_pub_fileFULL_gr_3686","IS24T-06XX253-DT","Wed 11/18/2015- 3:46:17.72","Wed 11/18/2015- 3:53:59.15",1447793177,1447793639,21973,1447793150,1447793655,27,16,462,505,43
"blast500k_test_pub_fileFULL_gr_3687","IS24T-06XX284-DT","Wed 11/18/2015- 3:38:39.89","Wed 11/18/2015- 3:54:50.24",1447792719,1447793690,21974,1447792738,1447793753,-19,63,971,1015,44
"blast500k_test_pub_fileFULL_gr_3688","IS24T-06XX267-DT","Wed 11/18/2015- 3:30:28.13","Wed 11/18/2015- 3:48:16.13",1447792228,1447793296,21975,1447792209,1447793312,19,16,1068,1103,35
"blast500k_test_pub_fileFULL_gr_3689","IS24T-06XX276-DT","Wed 11/18/2015- 3:36:27.42","Wed 11/18/2015- 3:52:38.72",1447792587,1447793558,21976,1447792405,1447793578,182,20,971,1173,202
"blast500k_test_pub_fileFULL_gr_369","IS24T-06XX257-DT","Tue 11/17/2015-18:21:09.50","Tue 11/17/2015-18:42:47.46",1447759269,1447760567,18656,1447759246,1447760579,23,12,1298,1333,35
"blast500k_test_pub_fileFULL_gr_3690","IS24T-06XX281-DT","Wed 11/18/2015- 3:44:04.61","Wed 11/18/2015- 4:01:02.08",1447793044,1447794062,21977,1447793030,1447794090,14,28,1018,1060,42
"blast500k_test_pub_fileFULL_gr_3691","IS24T-06XX283-DT","Wed 11/18/2015- 3:44:47.31","Wed 11/18/2015- 4:00:00.32",1447793087,1447794000,21978,1447793087,1447794028,0,28,913,941,28
"blast500k_test_pub_fileFULL_gr_3692","IS24T-06XX287-DT","Wed 11/18/2015- 3:29:41.99","Wed 11/18/2015- 3:53:01.10",1447792181,1447793581,21979,1447792182,1447793616,-1,35,1400,1434,34
"blast500k_test_pub_fileFULL_gr_3693","IS24T-06XX279-DT","Wed 11/18/2015- 3:29:15.16","Wed 11/18/2015- 3:40:08.64",1447792155,1447792808,21980,1447792168,1447792855,-13,47,653,687,34
"blast500k_test_pub_fileFULL_gr_3694","IS24T-06XX265-DT","Wed 11/18/2015- 3:39:08.41","Wed 11/18/2015- 3:56:44.61",1447792748,1447793804,21981,1447792721,1447793818,27,14,1056,1097,41
"blast500k_test_pub_fileFULL_gr_3695","IS24T-06XX280-DT","Wed 11/18/2015- 3:29:15.02","Wed 11/18/2015- 3:44:44.83",1447792155,1447793084,21982,1447792290,1447793270,-135,186,929,980,51
"blast500k_test_pub_fileFULL_gr_3696","IS24T-06XX209-DT","Wed 11/18/2015- 3:33:19.88","Wed 11/18/2015- 3:51:25.69",1447792399,1447793485,21983,1447792415,1447793553,-16,68,1086,1138,52
"blast500k_test_pub_fileFULL_gr_3697","IS24T-06XX272-DT","Wed 11/18/2015- 3:44:35.26","Wed 11/18/2015- 4:00:28.20",1447793075,1447794028,21984,1447793060,1447794047,15,19,953,987,34
"blast500k_test_pub_fileFULL_gr_3698","IS24T-06XX300-DT","Wed 11/18/2015- 3:55:50.93","Wed 11/18/2015- 4:14:14.76",1447793750,1447794854,21985,1447793740,1447794871,10,17,1104,1131,27
"blast500k_test_pub_fileFULL_gr_3699","IS24T-06XX278-DT","Wed 11/18/2015- 3:31:47.15","Wed 11/18/2015- 3:48:51.98",1447792307,1447793331,21986,1447792300,1447793366,7,35,1024,1066,42
"blast500k_test_pub_fileFULL_gr_37","IS24T-06XX294-DT","Tue 11/17/2015-17:59:20.97","Tue 11/17/2015-18:14:20.53",1447757960,1447758860,18324,1447757950,1447758889,10,29,900,939,39
"blast500k_test_pub_fileFULL_gr_370","IS24T-06XX271-DT","Tue 11/17/2015-18:22:49.16","Tue 11/17/2015-18:40:14.45",1447759369,1447760414,18657,1447759350,1447760432,19,18,1045,1082,37
"blast500k_test_pub_fileFULL_gr_3700","IS24T-06XX279-DT","Wed 11/18/2015- 3:40:42.22","Wed 11/18/2015- 4:10:03.54",1447792842,1447794603,21987,1447792843,1447794647,-1,44,1761,1804,43
"blast500k_test_pub_fileFULL_gr_3701","IS24T-06XX260-DT","Wed 11/18/2015- 3:38:22.16","Wed 11/18/2015- 3:45:58.57",1447792702,1447793158,21988,1447792659,1447793175,43,17,456,516,60
"blast500k_test_pub_fileFULL_gr_3702","IS24T-06XX271-DT","Wed 11/18/2015- 3:48:55.58","Wed 11/18/2015- 4:06:40.84",1447793335,1447794400,21989,1447793312,1447794417,23,17,1065,1105,40
"blast500k_test_pub_fileFULL_gr_3703","IS24T-06XX257-DT","Wed 11/18/2015- 3:39:26.90","Wed 11/18/2015- 3:50:24.45",1447792766,1447793424,21990,1447792741,1447793442,25,18,658,701,43
"blast500k_test_pub_fileFULL_gr_3704","IS24T-06XX296-DT","Wed 11/18/2015- 3:34:48.31","Wed 11/18/2015- 3:51:00.92",1447792488,1447793460,21991,1447792482,1447793489,6,29,972,1007,35
"blast500k_test_pub_fileFULL_gr_3705","IS24T-06XX264-DT","Wed 11/18/2015- 3:39:44.96","Wed 11/18/2015- 4:02:39.18",1447792784,1447794159,21992,1447792750,1447794173,34,14,1375,1423,48
"blast500k_test_pub_fileFULL_gr_3706","IS24T-06XX296-DT","Wed 11/18/2015- 3:34:27.54","Wed 11/18/2015- 3:57:27.48",1447792467,1447793847,21993,1447792452,1447793865,15,18,1380,1413,33
"blast500k_test_pub_fileFULL_gr_3707","IS24T-06XX253-DT","Wed 11/18/2015- 3:32:24.40","Wed 11/18/2015- 3:45:49.05",1447792344,1447793149,21994,1447792313,1447793162,31,13,805,849,44
"blast500k_test_pub_fileFULL_gr_3708","IS24T-06XX297-DT","Wed 11/18/2015- 3:34:20.30","Wed 11/18/2015- 4:02:07.07",1447792460,1447794127,21995,1447792433,1447794161,27,34,1667,1728,61
"blast500k_test_pub_fileFULL_gr_3709","IS24T-06XX253-DT","Wed 11/18/2015- 4:21:57.46","Wed 11/18/2015- 4:35:57.41",1447795317,1447796157,21996,1447795277,1447796172,40,15,840,895,55
"blast500k_test_pub_fileFULL_gr_371","IS24T-06XX299-DT","Tue 11/17/2015-18:46:52.09","Tue 11/17/2015-19:05:39.98",1447760812,1447761939,18658,1447760826,1447761995,-14,56,1127,1169,42
"blast500k_test_pub_fileFULL_gr_3710","IS24T-06XX267-DT","Wed 11/18/2015- 5:14:17.72","Wed 11/18/2015- 5:29:40.33",1447798457,1447799380,21997,1447798432,1447799389,25,9,923,957,34
"blast500k_test_pub_fileFULL_gr_3711","IS24T-06XX256-DT","Wed 11/18/2015- 3:41:03.83","Wed 11/18/2015- 3:53:31.44",1447792863,1447793611,21998,1447792846,1447793627,17,16,748,781,33
"blast500k_test_pub_fileFULL_gr_3712","IS24T-06XX276-DT","Wed 11/18/2015- 4:03:43.21","Wed 11/18/2015- 4:26:47.27",1447794223,1447795607,21999,1447794198,1447795626,25,19,1384,1428,44
"blast500k_test_pub_fileFULL_gr_3713","IS24T-06XX209-DT","Wed 11/18/2015- 4:00:30.80","Wed 11/18/2015- 4:18:57.65",1447794030,1447795137,22000,1447794056,1447795207,-26,70,1107,1151,44
"blast500k_test_pub_fileFULL_gr_3714","IS24T-06XX299-DT","Wed 11/18/2015- 3:56:13.04","Wed 11/18/2015- 4:12:59.30",1447793773,1447794779,22001,1447793788,1447794833,-15,54,1006,1045,39
"blast500k_test_pub_fileFULL_gr_3715","IS24T-06XX297-DT","Wed 11/18/2015- 3:43:11.83","Wed 11/18/2015- 3:54:54.70",1447792991,1447793694,22002,1447792982,1447793719,9,25,703,737,34
"blast500k_test_pub_fileFULL_gr_3716","IS24T-06XX253-DT","Wed 11/18/2015- 3:54:15.74","Wed 11/18/2015- 4:07:17.45",1447793655,1447794437,22003,1447793643,1447794452,12,15,782,809,27
"blast500k_test_pub_fileFULL_gr_3717","IS24T-06XX289-DT","Wed 11/18/2015- 3:34:41.67","Wed 11/18/2015- 3:53:25.08",1447792481,1447793605,22004,1447792483,1447793637,-2,32,1124,1154,30
"blast500k_test_pub_fileFULL_gr_3718","IS24T-06XX255-DT","Wed 11/18/2015- 3:32:57.61","Wed 11/18/2015- 3:46:38.54",1447792377,1447793198,22005,1447792360,1447793214,17,16,821,854,33
"blast500k_test_pub_fileFULL_gr_3719","IS24T-06XX264-DT","Wed 11/18/2015- 3:55:39.62","Wed 11/18/2015- 4:15:44.55",1447793739,1447794944,22006,1447793706,1447794958,33,14,1205,1252,47
"blast500k_test_pub_fileFULL_gr_372","IS24T-06XX286-DT","Tue 11/17/2015-18:40:33.73","Tue 11/17/2015-18:52:32.14",1447760433,1447761152,18659,1447760422,1447761180,11,28,719,758,39
"blast500k_test_pub_fileFULL_gr_3720","IS24T-06XX292-DT","Wed 11/18/2015- 3:40:17.58","Wed 11/18/2015- 3:51:25.62",1447792817,1447793485,22007,1447792873,1447793566,-56,81,668,693,25
"blast500k_test_pub_fileFULL_gr_3721","IS24T-06XX258-DT","Wed 11/18/2015- 3:43:57.64","Wed 11/18/2015- 4:06:55.12",1447793037,1447794415,22008,1447793011,1447794426,26,11,1378,1415,37
"blast500k_test_pub_fileFULL_gr_3722","IS24T-06XX252-DT","Wed 11/18/2015- 3:36:37.99","Wed 11/18/2015- 3:55:28.74",1447792597,1447793728,22009,1447792571,1447793736,26,8,1131,1165,34
"blast500k_test_pub_fileFULL_gr_3723","IS24T-06XX262-DT","Wed 11/18/2015- 3:51:07.86","Wed 11/18/2015- 4:29:17.56",1447793467,1447795757,22010,1447793428,1447795784,39,27,2290,2356,66
"blast500k_test_pub_fileFULL_gr_3724","IS24T-06XX293-DT","Wed 11/18/2015- 3:42:42.84","Wed 11/18/2015- 4:06:36.77",1447792962,1447794396,22011,1447792970,1447794435,-8,39,1434,1465,31
"blast500k_test_pub_fileFULL_gr_3725","IS24T-06XX259-DT","Wed 11/18/2015- 3:51:33.35","Wed 11/18/2015- 4:03:31.09",1447793493,1447794211,22012,1447793469,1447794228,24,17,718,759,41
"blast500k_test_pub_fileFULL_gr_3726","IS24T-06XX273-DT","Wed 11/18/2015- 3:36:48.05","Wed 11/18/2015- 3:53:18.30",1447792608,1447793598,22013,1447792587,1447793617,21,19,990,1030,40
"blast500k_test_pub_fileFULL_gr_3727","IS24T-06XX259-DT","Wed 11/18/2015- 4:04:12.07","Wed 11/18/2015- 4:14:34.66",1447794252,1447794874,22014,1447794229,1447794892,23,18,622,663,41
"blast500k_test_pub_fileFULL_gr_3728","IS24T-06XX289-DT","Wed 11/18/2015- 3:53:40.19","Wed 11/18/2015- 4:04:07.77",1447793620,1447794247,22015,1447793624,1447794278,-4,31,627,654,27
"blast500k_test_pub_fileFULL_gr_3729","IS24T-06XX261-DT","Wed 11/18/2015- 3:43:38.58","Wed 11/18/2015- 3:58:15.75",1447793018,1447793895,22016,1447793005,1447793911,13,16,877,906,29
"blast500k_test_pub_fileFULL_gr_373","IS24T-06XX258-DT","Tue 11/17/2015-18:24:14.13","Tue 11/17/2015-18:37:53.73",1447759454,1447760273,18660,1447759429,1447760290,25,17,819,861,42
"blast500k_test_pub_fileFULL_gr_3730","IS24T-06XX262-DT","Wed 11/18/2015- 3:43:08.63","Wed 11/18/2015- 4:04:44.88",1447792988,1447794284,22017,1447792959,1447794310,29,26,1296,1351,55
"blast500k_test_pub_fileFULL_gr_3731","IS24T-06XX285-DT","Wed 11/18/2015- 3:45:52.18","Wed 11/18/2015- 4:04:19.59",1447793152,1447794259,22018,1447793136,1447794282,16,23,1107,1146,39
"blast500k_test_pub_fileFULL_gr_3732","IS24T-06XX293-DT","Wed 11/18/2015- 3:37:07.36","Wed 11/18/2015- 3:50:59.29",1447792627,1447793459,22019,1447792619,1447793494,8,35,832,875,43
"blast500k_test_pub_fileFULL_gr_3733","IS24T-06XX261-DT","Wed 11/18/2015- 3:58:44.60","Wed 11/18/2015- 4:18:38.06",1447793924,1447795118,22020,1447793899,1447795136,25,18,1194,1237,43
"blast500k_test_pub_fileFULL_gr_3734","IS24T-06XX263-DT","Wed 11/18/2015- 4:00:35.21","Wed 11/18/2015- 4:08:41.23",1447794035,1447794521,22021,1447794008,1447794541,27,20,486,533,47
"blast500k_test_pub_fileFULL_gr_3735","IS24T-06XX255-DT","Wed 11/18/2015- 4:13:02.78","Wed 11/18/2015- 4:27:55.66",1447794782,1447795675,22022,1447794761,1447795689,21,14,893,928,35
"blast500k_test_pub_fileFULL_gr_3736","IS24T-06XX296-DT","Wed 11/18/2015- 3:51:34.28","Wed 11/18/2015- 4:10:20.96",1447793494,1447794620,22023,1447793477,1447794646,17,26,1126,1169,43
"blast500k_test_pub_fileFULL_gr_3737","IS24T-06XX297-DT","Wed 11/18/2015- 3:37:35.77","Wed 11/18/2015- 4:02:09.56",1447792655,1447794129,22024,1447792643,1447794161,12,32,1474,1518,44
"blast500k_test_pub_fileFULL_gr_3738","IS24T-06XX258-DT","Wed 11/18/2015- 4:21:51.28","Wed 11/18/2015- 4:38:01.19",1447795311,1447796281,22025,1447795285,1447796296,26,15,970,1011,41
"blast500k_test_pub_fileFULL_gr_3739","IS24T-06XX254-DT","Wed 11/18/2015- 3:37:44.77","Wed 11/18/2015- 4:08:49.46",1447792664,1447794529,22026,1447792633,1447794546,31,17,1865,1913,48
"blast500k_test_pub_fileFULL_gr_374","IS24T-06XX283-DT","Tue 11/17/2015-18:28:24.30","Tue 11/17/2015-18:44:43.20",1447759704,1447760683,18661,1447759692,1447760711,12,28,979,1019,40
"blast500k_test_pub_fileFULL_gr_3740","IS24T-06XX262-DT","Wed 11/18/2015- 3:45:09.06","Wed 11/18/2015- 4:01:45.99",1447793109,1447794105,22027,1447793088,1447794132,21,27,996,1044,48
"blast500k_test_pub_fileFULL_gr_3741","IS24T-06XX269-DT","Wed 11/18/2015- 3:37:49.98","Wed 11/18/2015- 3:50:11.41",1447792669,1447793411,22028,1447792659,1447793440,10,29,742,781,39
"blast500k_test_pub_fileFULL_gr_3742","IS24T-06XX288-DT","Wed 11/18/2015- 4:08:58.00","Wed 11/18/2015- 4:38:26.69",1447794538,1447796306,22029,1447794497,1447796316,41,10,1768,1819,51
"blast500k_test_pub_fileFULL_gr_3743","IS24T-06XX261-DT","Wed 11/18/2015- 3:37:30.11","Wed 11/18/2015- 3:52:27.40",1447792650,1447793547,22030,1447792627,1447793563,23,16,897,936,39
"blast500k_test_pub_fileFULL_gr_3744","IS24T-06XX266-DT","Wed 11/18/2015- 3:59:42.77","Wed 11/18/2015- 4:13:56.80",1447793982,1447794836,22031,1447793956,1447794852,26,16,854,896,42
"blast500k_test_pub_fileFULL_gr_3745","IS24T-06XX263-DT","Wed 11/18/2015- 3:43:32.86","Wed 11/18/2015- 4:00:02.83",1447793012,1447794002,22032,1447792984,1447794020,28,18,990,1036,46
"blast500k_test_pub_fileFULL_gr_3746","IS24T-06XX292-DT","Wed 11/18/2015- 3:52:13.36","Wed 11/18/2015- 4:06:36.86",1447793533,1447794396,22033,1447793578,1447794478,-45,82,863,900,37
"blast500k_test_pub_fileFULL_gr_3747","IS24T-06XX274-DT","Wed 11/18/2015- 3:40:12.49","Wed 11/18/2015- 3:53:39.28",1447792812,1447793619,22034,1447792785,1447793630,27,11,807,845,38
"blast500k_test_pub_fileFULL_gr_3748","IS24T-06XX299-DT","Wed 11/18/2015- 3:48:38.03","Wed 11/18/2015- 4:05:08.43",1447793318,1447794308,22035,1447793330,1447794362,-12,54,990,1032,42
"blast500k_test_pub_fileFULL_gr_3749","IS24T-06XX269-DT","Wed 11/18/2015- 3:45:46.97","Wed 11/18/2015- 4:03:41.70",1447793146,1447794221,22036,1447793133,1447794254,13,33,1075,1121,46
"blast500k_test_pub_fileFULL_gr_375","IS24T-06XX260-DT","Tue 11/17/2015-18:31:36.64","Tue 11/17/2015-18:52:59.17",1447759896,1447761179,18662,1447759879,1447761196,17,17,1283,1317,34
"blast500k_test_pub_fileFULL_gr_3750","IS24T-06XX287-DT","Wed 11/18/2015- 3:50:47.03","Wed 11/18/2015- 4:03:36.09",1447793447,1447794216,22037,1447793443,1447794249,4,33,769,806,37
"blast500k_test_pub_fileFULL_gr_3751","IS24T-06XX275-DT","Wed 11/18/2015- 3:39:10.24","Wed 11/18/2015- 3:50:39.79",1447792750,1447793439,22038,1447792750,1447793469,0,30,689,719,30
"blast500k_test_pub_fileFULL_gr_3752","IS24T-06XX259-DT","Wed 11/18/2015- 3:38:32.59","Wed 11/18/2015- 3:53:54.16",1447792712,1447793634,22039,1447792699,1447793652,13,18,922,953,31
"blast500k_test_pub_fileFULL_gr_3753","IS24T-06XX288-DT","Wed 11/18/2015- 3:53:34.69","Wed 11/18/2015- 4:08:18.30",1447793614,1447794498,22040,1447793563,1447794508,51,10,884,945,61
"blast500k_test_pub_fileFULL_gr_3754","IS24T-06XX293-DT","Wed 11/18/2015- 4:15:47.69","Wed 11/18/2015- 4:33:09.99",1447794947,1447795989,22041,1447794940,1447796028,7,39,1042,1088,46
"blast500k_test_pub_fileFULL_gr_3755","IS24T-06XX286-DT","Wed 11/18/2015- 4:03:33.91","Wed 11/18/2015- 4:16:41.07",1447794213,1447795001,22042,1447794214,1447795025,-1,24,788,811,23
"blast500k_test_pub_fileFULL_gr_3756","IS24T-06XX261-DT","Wed 11/18/2015- 4:19:10.43","Wed 11/18/2015- 4:30:24.26",1447795150,1447795824,22043,1447795124,1447795839,26,15,674,715,41
"blast500k_test_pub_fileFULL_gr_3757","IS24T-06XX289-DT","Wed 11/18/2015- 4:04:34.00","Wed 11/18/2015- 4:21:59.79",1447794274,1447795319,22044,1447794267,1447795352,7,33,1045,1085,40
"blast500k_test_pub_fileFULL_gr_3758","IS24T-06XX263-DT","Wed 11/18/2015- 4:05:56.12","Wed 11/18/2015- 4:26:13.05",1447794356,1447795573,22045,1447794320,1447795588,36,15,1217,1268,51
"blast500k_test_pub_fileFULL_gr_3759","IS24T-06XX294-DT","Wed 11/18/2015- 4:04:32.32","Wed 11/18/2015- 4:24:35.35",1447794272,1447795475,22046,1447794264,1447795500,8,25,1203,1236,33
"blast500k_test_pub_fileFULL_gr_376","IS24T-06XX267-DT","Tue 11/17/2015-18:50:52.13","Tue 11/17/2015-19:14:27.35",1447761052,1447762467,18663,1447761009,1447762483,43,16,1415,1474,59
"blast500k_test_pub_fileFULL_gr_3760","IS24T-06XX295-DT","Wed 11/18/2015- 4:03:43.35","Wed 11/18/2015- 4:15:10.16",1447794223,1447794910,22047,1447794255,1447794968,-32,58,687,713,26
"blast500k_test_pub_fileFULL_gr_3761","IS24T-06XX280-DT","Wed 11/18/2015- 3:41:18.02","Wed 11/18/2015- 3:58:43.63",1447792878,1447793923,22048,1447793017,1447794103,-139,180,1045,1086,41
"blast500k_test_pub_fileFULL_gr_3762","IS24T-06XX252-DT","Wed 11/18/2015- 3:55:47.61","Wed 11/18/2015- 4:11:53.08",1447793747,1447794713,22049,1447793736,1447794731,11,18,966,995,29
"blast500k_test_pub_fileFULL_gr_3763","IS24T-06XX280-DT","Wed 11/18/2015- 3:59:12.07","Wed 11/18/2015- 4:11:55.55",1447793952,1447794715,22050,1447794091,1447794900,-139,185,763,809,46
"blast500k_test_pub_fileFULL_gr_3764","IS24T-06XX289-DT","Wed 11/18/2015- 3:48:00.93","Wed 11/18/2015- 4:06:38.61",1447793280,1447794398,22051,1447793275,1447794429,5,31,1118,1154,36
"blast500k_test_pub_fileFULL_gr_3765","IS24T-06XX257-DT","Wed 11/18/2015- 3:50:42.63","Wed 11/18/2015- 4:08:47.54",1447793442,1447794527,22052,1447793430,1447794541,12,14,1085,1111,26
"blast500k_test_pub_fileFULL_gr_3766","IS24T-06XX266-DT","Wed 11/18/2015- 3:43:20.57","Wed 11/18/2015- 4:02:29.25",1447793000,1447794149,22053,1447792988,1447794165,12,16,1149,1177,28
"blast500k_test_pub_fileFULL_gr_3767","IS24T-06XX264-DT","Wed 11/18/2015- 3:43:03.82","Wed 11/18/2015- 4:15:20.35",1447792983,1447794920,22054,1447792957,1447794933,26,13,1937,1976,39
"blast500k_test_pub_fileFULL_gr_3768","IS24T-06XX287-DT","Wed 11/18/2015- 4:06:41.61","Wed 11/18/2015- 4:23:37.96",1447794401,1447795417,22055,1447794398,1447795452,3,35,1016,1054,38
"blast500k_test_pub_fileFULL_gr_3769","IS24T-06XX263-DT","Wed 11/18/2015- 3:44:05.63","Wed 11/18/2015- 4:05:15.92",1447793045,1447794315,22056,1447793030,1447794332,15,17,1270,1302,32
"blast500k_test_pub_fileFULL_gr_377","IS24T-06XX282-DT","Tue 11/17/2015-19:15:18.90","Tue 11/17/2015-19:28:50.02",1447762518,1447763330,18664,1447762503,1447763352,15,22,812,849,37
"blast500k_test_pub_fileFULL_gr_3770","IS24T-06XX291-DT","Wed 11/18/2015- 3:41:56.18","Wed 11/18/2015- 3:55:20.36",1447792916,1447793720,22057,1447792903,1447793747,13,27,804,844,40
"blast500k_test_pub_fileFULL_gr_3771","IS24T-06XX267-DT","Wed 11/18/2015- 4:20:35.82","Wed 11/18/2015- 4:35:41.82",1447795235,1447796141,22058,1447795212,1447796160,23,19,906,948,42
"blast500k_test_pub_fileFULL_gr_3772","IS24T-06XX255-DT","Wed 11/18/2015- 3:47:10.70","Wed 11/18/2015- 4:00:44.83",1447793230,1447794044,22059,1447793202,1447794062,28,18,814,860,46
"blast500k_test_pub_fileFULL_gr_3773","IS24T-06XX263-DT","Wed 11/18/2015- 4:39:11.55","Wed 11/18/2015- 4:58:04.44",1447796351,1447797484,22060,1447796323,1447797502,28,18,1133,1179,46
"blast500k_test_pub_fileFULL_gr_3774","IS24T-06XX252-DT","Wed 11/18/2015- 3:55:07.77","Wed 11/18/2015- 4:07:56.56",1447793707,1447794476,22061,1447793681,1447794494,26,18,769,813,44
"blast500k_test_pub_fileFULL_gr_3775","IS24T-06XX278-DT","Wed 11/18/2015- 3:43:56.26","Wed 11/18/2015- 4:06:40.57",1447793036,1447794400,22062,1447793025,1447794434,11,34,1364,1409,45
"blast500k_test_pub_fileFULL_gr_3776","IS24T-06XX287-DT","Wed 11/18/2015- 3:43:37.07","Wed 11/18/2015- 3:50:21.37",1447793017,1447793421,22063,1447793012,1447793455,5,34,404,443,39
"blast500k_test_pub_fileFULL_gr_3777","IS24T-06XX273-DT","Wed 11/18/2015- 4:04:54.01","Wed 11/18/2015- 4:23:22.45",1447794294,1447795402,22064,1447794270,1447795421,24,19,1108,1151,43
"blast500k_test_pub_fileFULL_gr_3778","IS24T-06XX256-DT","Wed 11/18/2015- 3:51:48.21","Wed 11/18/2015- 4:04:37.18",1447793508,1447794277,22065,1447793484,1447794294,24,17,769,810,41
"blast500k_test_pub_fileFULL_gr_3779","IS24T-06XX274-DT","Wed 11/18/2015- 4:25:11.02","Wed 11/18/2015- 4:37:06.58",1447795511,1447796226,22066,1447795489,1447796240,22,14,715,751,36
"blast500k_test_pub_fileFULL_gr_378","IS24T-06XX209-DT","Tue 11/17/2015-18:27:41.11","Tue 11/17/2015-18:53:51.90",1447759661,1447761231,18665,1447759686,1447761303,-25,72,1570,1617,47
"blast500k_test_pub_fileFULL_gr_3780","IS24T-06XX291-DT","Wed 11/18/2015- 3:51:15.11","Wed 11/18/2015- 4:05:53.14",1447793475,1447794353,22067,1447793459,1447794379,16,26,878,920,42
"blast500k_test_pub_fileFULL_gr_3781","IS24T-06XX209-DT","Wed 11/18/2015- 3:49:32.42","Wed 11/18/2015- 4:23:23.52",1447793372,1447795403,22068,1447793388,1447795472,-16,69,2031,2084,53
"blast500k_test_pub_fileFULL_gr_3782","IS24T-06XX300-DT","Wed 11/18/2015- 3:50:17.62","Wed 11/18/2015- 4:11:30.07",1447793417,1447794690,22069,1447793398,1447794715,19,25,1273,1317,44
"blast500k_test_pub_fileFULL_gr_3783","IS24T-06XX288-DT","Wed 11/18/2015- 3:48:18.57","Wed 11/18/2015- 4:11:10.23",1447793298,1447794670,22070,1447793253,1447794683,45,13,1372,1430,58
"blast500k_test_pub_fileFULL_gr_3784","IS24T-06XX269-DT","Wed 11/18/2015- 3:50:33.32","Wed 11/18/2015- 4:02:20.65",1447793433,1447794140,22071,1447793428,1447794172,5,32,707,744,37
"blast500k_test_pub_fileFULL_gr_3785","IS24T-06XX254-DT","Wed 11/18/2015- 3:48:18.60","Wed 11/18/2015- 4:13:51.49",1447793298,1447794831,22072,1447793270,1447794849,28,18,1533,1579,46
"blast500k_test_pub_fileFULL_gr_3786","IS24T-06XX260-DT","Wed 11/18/2015- 3:57:13.91","Wed 11/18/2015- 4:11:33.62",1447793833,1447794693,22073,1447793821,1447794710,12,17,860,889,29
"blast500k_test_pub_fileFULL_gr_3787","IS24T-06XX294-DT","Wed 11/18/2015- 4:25:00.47","Wed 11/18/2015- 4:40:51.34",1447795500,1447796451,22074,1447795488,1447796476,12,25,951,988,37
"blast500k_test_pub_fileFULL_gr_3788","IS24T-06XX266-DT","Wed 11/18/2015- 4:19:16.21","Wed 11/18/2015- 4:32:36.74",1447795156,1447795956,22075,1447795129,1447795974,27,18,800,845,45
"blast500k_test_pub_fileFULL_gr_3789","IS24T-06XX273-DT","Wed 11/18/2015- 3:53:36.11","Wed 11/18/2015- 4:20:41.09",1447793616,1447795241,22076,1447793604,1447795255,12,14,1625,1651,26
"blast500k_test_pub_fileFULL_gr_379","IS24T-06XX209-DT","Tue 11/17/2015-18:37:59.67","Tue 11/17/2015-18:54:57.29",1447760279,1447761297,18666,1447760307,1447761365,-28,68,1018,1058,40
"blast500k_test_pub_fileFULL_gr_3790","IS24T-06XX272-DT","Wed 11/18/2015- 3:50:16.74","Wed 11/18/2015- 4:04:45.51",1447793416,1447794285,22077,1447793392,1447794304,24,19,869,912,43
"blast500k_test_pub_fileFULL_gr_3791","IS24T-06XX272-DT","Wed 11/18/2015- 4:05:11.31","Wed 11/18/2015- 4:18:05.85",1447794311,1447795085,22078,1447794291,1447795101,20,16,774,810,36
"blast500k_test_pub_fileFULL_gr_3792","IS24T-06XX268-DT","Wed 11/18/2015- 3:46:04.68","Wed 11/18/2015- 4:01:15.89",1447793164,1447794075,22079,1447793143,1447794094,21,19,911,951,40
"blast500k_test_pub_fileFULL_gr_3793","IS24T-06XX265-DT","Wed 11/18/2015- 3:58:15.41","Wed 11/18/2015- 4:13:55.81",1447793895,1447794835,22080,1447793878,1447794851,17,16,940,973,33
"blast500k_test_pub_fileFULL_gr_3794","IS24T-06XX283-DT","Wed 11/18/2015- 4:00:27.65","Wed 11/18/2015- 4:17:30.54",1447794027,1447795050,22081,1447794016,1447795077,11,27,1023,1061,38
"blast500k_test_pub_fileFULL_gr_3795","IS24T-06XX255-DT","Wed 11/18/2015- 4:01:18.05","Wed 11/18/2015- 4:12:02.05",1447794078,1447794722,22082,1447794049,1447794738,29,16,644,689,45
"blast500k_test_pub_fileFULL_gr_3796","IS24T-06XX286-DT","Wed 11/18/2015- 3:58:42.58","Wed 11/18/2015- 4:16:26.34",1447793922,1447794986,22083,1447793924,1447795013,-2,27,1064,1089,25
"blast500k_test_pub_fileFULL_gr_3797","IS24T-06XX260-DT","Wed 11/18/2015- 3:46:29.10","Wed 11/18/2015- 3:55:42.06",1447793189,1447793742,22084,1447793164,1447793758,25,16,553,594,41
"blast500k_test_pub_fileFULL_gr_3798","IS24T-06XX274-DT","Wed 11/18/2015- 3:53:50.55","Wed 11/18/2015- 4:07:18.73",1447793630,1447794438,22085,1447793604,1447794453,26,15,808,849,41
"blast500k_test_pub_fileFULL_gr_3799","IS24T-06XX291-DT","Wed 11/18/2015- 3:56:00.58","Wed 11/18/2015- 4:09:49.19",1447793760,1447794589,22086,1447793748,1447794616,12,27,829,868,39
"blast500k_test_pub_fileFULL_gr_38","IS24T-06XX279-DT","Tue 11/17/2015-17:46:03.60","Tue 11/17/2015-17:58:12.42",1447757163,1447757892,18325,1447757145,1447757936,18,44,729,791,62
"blast500k_test_pub_fileFULL_gr_380","IS24T-06XX256-DT","Tue 11/17/2015-18:28:14.37","Tue 11/17/2015-18:36:49.38",1447759694,1447760209,18667,1447759670,1447760228,24,19,515,558,43
"blast500k_test_pub_fileFULL_gr_3800","IS24T-06XX267-DT","Wed 11/18/2015- 3:55:10.13","Wed 11/18/2015- 4:08:31.28",1447793710,1447794511,22087,1447793688,1447794530,22,19,801,842,41
"blast500k_test_pub_fileFULL_gr_3801","IS24T-06XX282-DT","Wed 11/18/2015- 4:03:04.92","Wed 11/18/2015- 4:14:09.80",1447794184,1447794849,22088,1447794179,1447794876,5,27,665,697,32
"blast500k_test_pub_fileFULL_gr_3802","IS24T-06XX285-DT","Wed 11/18/2015- 3:56:22.49","Wed 11/18/2015- 4:16:21.13",1447793782,1447794981,22089,1447793768,1447795008,14,27,1199,1240,41
"blast500k_test_pub_fileFULL_gr_3803","IS24T-06XX273-DT","Wed 11/18/2015- 3:47:30.74","Wed 11/18/2015- 4:04:26.82",1447793250,1447794266,22090,1447793228,1447794283,22,17,1016,1055,39
"blast500k_test_pub_fileFULL_gr_3804","IS24T-06XX276-DT","Wed 11/18/2015- 3:48:27.41","Wed 11/18/2015- 4:03:13.41",1447793307,1447794193,22091,1447793283,1447794210,24,17,886,927,41
"blast500k_test_pub_fileFULL_gr_3805","IS24T-06XX293-DT","Wed 11/18/2015- 4:37:11.18","Wed 11/18/2015- 4:50:37.47",1447796231,1447797037,22092,1447796224,1447797073,7,36,806,849,43
"blast500k_test_pub_fileFULL_gr_3806","IS24T-06XX286-DT","Wed 11/18/2015- 4:17:21.81","Wed 11/18/2015- 4:34:22.96",1447795041,1447796062,22093,1447795025,1447796094,16,32,1021,1069,48
"blast500k_test_pub_fileFULL_gr_3807","IS24T-06XX254-DT","Wed 11/18/2015- 4:25:40.80","Wed 11/18/2015- 4:47:20.25",1447795540,1447796840,22094,1447795500,1447796860,40,20,1300,1360,60
"blast500k_test_pub_fileFULL_gr_3808","IS24T-06XX288-DT","Wed 11/18/2015- 3:56:55.31","Wed 11/18/2015- 4:19:39.41",1447793815,1447795179,22095,1447793780,1447795194,35,15,1364,1414,50
"blast500k_test_pub_fileFULL_gr_3809","IS24T-06XX269-DT","Wed 11/18/2015- 4:17:34.87","Wed 11/18/2015- 4:35:18.12",1447795054,1447796118,22096,1447795041,1447796149,13,31,1064,1108,44
"blast500k_test_pub_fileFULL_gr_381","IS24T-06XX281-DT","Tue 11/17/2015-18:36:07.63","Tue 11/17/2015-18:49:28.23",1447760167,1447760968,18668,1447760150,1447760996,17,28,801,846,45
"blast500k_test_pub_fileFULL_gr_3810","IS24T-06XX296-DT","Wed 11/18/2015- 3:57:57.90","Wed 11/18/2015- 4:10:03.03",1447793877,1447794603,22097,1447793865,1447794622,12,19,726,757,31
"blast500k_test_pub_fileFULL_gr_3811","IS24T-06XX277-DT","Wed 11/18/2015- 4:05:46.04","Wed 11/18/2015- 4:19:38.12",1447794346,1447795178,22098,1447794319,1447795195,27,17,832,876,44
"blast500k_test_pub_fileFULL_gr_3812","IS24T-06XX255-DT","Wed 11/18/2015- 3:53:52.95","Wed 11/18/2015- 4:12:36.88",1447793632,1447794756,22099,1447793606,1447794774,26,18,1124,1168,44
"blast500k_test_pub_fileFULL_gr_3813","IS24T-06XX278-DT","Wed 11/18/2015- 3:49:29.51","Wed 11/18/2015- 4:03:24.41",1447793369,1447794204,22100,1447793355,1447794236,14,32,835,881,46
"blast500k_test_pub_fileFULL_gr_3814","IS24T-06XX294-DT","Wed 11/18/2015- 3:48:53.02","Wed 11/18/2015- 4:04:10.97",1447793333,1447794250,22101,1447793322,1447794275,11,25,917,953,36
"blast500k_test_pub_fileFULL_gr_3815","IS24T-06XX254-DT","Wed 11/18/2015- 3:53:39.47","Wed 11/18/2015- 4:07:15.39",1447793619,1447794435,22102,1447793582,1447794443,37,8,816,861,45
"blast500k_test_pub_fileFULL_gr_3816","IS24T-06XX289-DT","Wed 11/18/2015- 4:07:12.21","Wed 11/18/2015- 4:23:21.09",1447794432,1447795401,22103,1447794429,1447795433,3,32,969,1004,35
"blast500k_test_pub_fileFULL_gr_3817","IS24T-06XX293-DT","Wed 11/18/2015- 4:18:45.75","Wed 11/18/2015- 4:36:39.03",1447795125,1447796199,22104,1447795132,1447796235,-7,36,1074,1103,29
"blast500k_test_pub_fileFULL_gr_3818","IS24T-06XX260-DT","Wed 11/18/2015- 3:56:09.81","Wed 11/18/2015- 4:20:29.05",1447793769,1447795229,22105,1447793746,1447795242,23,13,1460,1496,36
"blast500k_test_pub_fileFULL_gr_3819","IS24T-06XX298-DT","Wed 11/18/2015- 4:26:01.97","Wed 11/18/2015- 4:38:01.44",1447795561,1447796281,22106,1447795589,1447796344,-28,63,720,755,35
"blast500k_test_pub_fileFULL_gr_382","IS24T-06XX284-DT","Tue 11/17/2015-18:30:47.95","Tue 11/17/2015-18:52:43.81",1447759847,1447761163,18669,1447759838,1447761216,9,53,1316,1378,62
"blast500k_test_pub_fileFULL_gr_3820","IS24T-06XX266-DT","Wed 11/18/2015- 4:02:45.63","Wed 11/18/2015- 4:18:45.15",1447794165,1447795125,22107,1447794152,1447795141,13,16,960,989,29
"blast500k_test_pub_fileFULL_gr_3821","IS24T-06XX265-DT","Wed 11/18/2015- 3:57:13.97","Wed 11/18/2015- 4:12:05.06",1447793833,1447794725,22108,1447793807,1447794740,26,15,892,933,41
"blast500k_test_pub_fileFULL_gr_3822","IS24T-06XX253-DT","Wed 11/18/2015- 3:53:31.65","Wed 11/18/2015- 4:06:16.52",1447793611,1447794376,22109,1447793598,1447794391,13,15,765,793,28
"blast500k_test_pub_fileFULL_gr_3823","IS24T-06XX288-DT","Wed 11/18/2015- 4:11:49.56","Wed 11/18/2015- 4:44:09.19",1447794709,1447796649,22110,1447794671,1447796662,38,13,1940,1991,51
"blast500k_test_pub_fileFULL_gr_3824","IS24T-06XX262-DT","Wed 11/18/2015- 4:29:59.69","Wed 11/18/2015- 4:41:34.64",1447795799,1447796494,22111,1447795772,1447796523,27,29,695,751,56
"blast500k_test_pub_fileFULL_gr_3825","IS24T-06XX262-DT","Wed 11/18/2015- 4:02:27.12","Wed 11/18/2015- 4:26:47.69",1447794147,1447795607,22112,1447794120,1447795635,27,28,1460,1515,55
"blast500k_test_pub_fileFULL_gr_3826","IS24T-06XX275-DT","Wed 11/18/2015- 3:52:12.96","Wed 11/18/2015- 4:13:13.33",1447793532,1447794793,22113,1447793533,1447794824,-1,31,1261,1291,30
"blast500k_test_pub_fileFULL_gr_3827","IS24T-06XX271-DT","Wed 11/18/2015- 4:24:27.50","Wed 11/18/2015- 4:39:19.83",1447795467,1447796359,22114,1447795439,1447796378,28,19,892,939,47
"blast500k_test_pub_fileFULL_gr_3828","IS24T-06XX262-DT","Wed 11/18/2015- 4:05:23.16","Wed 11/18/2015- 4:28:03.00",1447794323,1447795683,22115,1447794298,1447795711,25,28,1360,1413,53
"blast500k_test_pub_fileFULL_gr_3829","IS24T-06XX258-DT","Wed 11/18/2015- 3:51:51.44","Wed 11/18/2015- 4:24:39.67",1447793511,1447795479,22116,1447793487,1447795493,24,14,1968,2006,38
"blast500k_test_pub_fileFULL_gr_383","IS24T-06XX284-DT","Tue 11/17/2015-18:33:31.20","Tue 11/17/2015-18:51:58.04",1447760011,1447761118,18670,1447760016,1447761181,-5,63,1107,1165,58
"blast500k_test_pub_fileFULL_gr_3830","IS24T-06XX285-DT","Wed 11/18/2015- 4:17:37.64","Wed 11/18/2015- 4:29:32.66",1447795057,1447795772,22117,1447795052,1447795797,5,25,715,745,30
"blast500k_test_pub_fileFULL_gr_3831","IS24T-06XX277-DT","Wed 11/18/2015- 3:53:18.94","Wed 11/18/2015- 4:11:22.87",1447793598,1447794682,22118,1447793585,1447794699,13,17,1084,1114,30
"blast500k_test_pub_fileFULL_gr_3832","IS24T-06XX295-DT","Wed 11/18/2015- 3:55:46.44","Wed 11/18/2015- 4:12:16.99",1447793746,1447794736,22119,1447793764,1447794798,-18,62,990,1034,44
"blast500k_test_pub_fileFULL_gr_3833","IS24T-06XX269-DT","Wed 11/18/2015- 4:02:54.28","Wed 11/18/2015- 4:24:33.95",1447794174,1447795473,22120,1447794160,1447795501,14,28,1299,1341,42
"blast500k_test_pub_fileFULL_gr_3834","IS24T-06XX257-DT","Wed 11/18/2015- 4:07:11.56","Wed 11/18/2015- 4:31:16.49",1447794431,1447795876,22121,1447794403,1447795891,28,15,1445,1488,43
"blast500k_test_pub_fileFULL_gr_3835","IS24T-06XX209-DT","Wed 11/18/2015- 3:51:57.87","Wed 11/18/2015- 4:17:45.43",1447793517,1447795065,22122,1447793541,1447795134,-24,69,1548,1593,45
"blast500k_test_pub_fileFULL_gr_3836","IS24T-06XX281-DT","Wed 11/18/2015- 4:02:38.49","Wed 11/18/2015- 4:15:41.66",1447794158,1447794941,22123,1447794155,1447794968,3,27,783,813,30
"blast500k_test_pub_fileFULL_gr_3837","IS24T-06XX295-DT","Wed 11/18/2015- 4:12:46.91","Wed 11/18/2015- 4:32:06.82",1447794766,1447795926,22124,1447794785,1447795986,-19,60,1160,1201,41
"blast500k_test_pub_fileFULL_gr_3838","IS24T-06XX280-DT","Wed 11/18/2015- 4:10:08.83","Wed 11/18/2015- 4:27:46.77",1447794608,1447795666,22125,1447794744,1447795849,-136,183,1058,1105,47
"blast500k_test_pub_fileFULL_gr_3839","IS24T-06XX258-DT","Wed 11/18/2015- 4:07:32.63","Wed 11/18/2015- 4:21:08.61",1447794452,1447795268,22126,1447794426,1447795285,26,17,816,859,43
"blast500k_test_pub_fileFULL_gr_384","IS24T-06XX261-DT","Tue 11/17/2015-18:57:04.81","Tue 11/17/2015-19:10:15.95",1447761424,1447762215,18671,1447761401,1447762231,23,16,791,830,39
"blast500k_test_pub_fileFULL_gr_3840","IS24T-06XX209-DT","Wed 11/18/2015- 3:54:37.40","Wed 11/18/2015- 4:23:38.03",1447793677,1447795418,22127,1447793698,1447795484,-21,66,1741,1786,45
"blast500k_test_pub_fileFULL_gr_3841","IS24T-06XX269-DT","Wed 11/18/2015- 4:04:14.04","Wed 11/18/2015- 4:17:04.32",1447794254,1447795024,22128,1447794254,1447795054,0,30,770,800,30
"blast500k_test_pub_fileFULL_gr_3842","IS24T-06XX299-DT","Wed 11/18/2015- 4:05:32.93","Wed 11/18/2015- 4:20:14.08",1447794332,1447795214,22129,1447794349,1447795268,-17,54,882,919,37
"blast500k_test_pub_fileFULL_gr_3843","IS24T-06XX285-DT","Wed 11/18/2015- 4:04:43.63","Wed 11/18/2015- 4:17:19.33",1447794283,1447795039,22130,1447794270,1447795064,13,25,756,794,38
"blast500k_test_pub_fileFULL_gr_3844","IS24T-06XX298-DT","Wed 11/18/2015- 4:08:50.70","Wed 11/18/2015- 4:25:29.24",1447794530,1447795529,22131,1447794556,1447795601,-26,72,999,1045,46
"blast500k_test_pub_fileFULL_gr_3845","IS24T-06XX268-DT","Wed 11/18/2015- 4:01:34.62","Wed 11/18/2015- 4:14:20.86",1447794094,1447794860,22132,1447794081,1447794877,13,17,766,796,30
"blast500k_test_pub_fileFULL_gr_3846","IS24T-06XX264-DT","Wed 11/18/2015- 4:03:09.70","Wed 11/18/2015- 4:27:48.23",1447794189,1447795668,22133,1447794162,1447795681,27,13,1479,1519,40
"blast500k_test_pub_fileFULL_gr_3847","IS24T-06XX281-DT","Wed 11/18/2015- 4:16:56.40","Wed 11/18/2015- 4:35:13.01",1447795016,1447796113,22134,1447795012,1447796142,4,29,1097,1130,33
"blast500k_test_pub_fileFULL_gr_3848","IS24T-06XX284-DT","Wed 11/18/2015- 4:11:13.76","Wed 11/18/2015- 4:51:51.14",1447794673,1447797111,22135,1447794679,1447797174,-6,63,2438,2495,57
"blast500k_test_pub_fileFULL_gr_3849","IS24T-06XX253-DT","Wed 11/18/2015- 4:07:32.71","Wed 11/18/2015- 4:21:13.47",1447794452,1447795273,22136,1447794440,1447795289,12,16,821,849,28
"blast500k_test_pub_fileFULL_gr_385","IS24T-06XX256-DT","Tue 11/17/2015-18:37:20.63","Tue 11/17/2015-18:58:28.39",1447760240,1447761508,18672,1447760217,1447761526,23,18,1268,1309,41
"blast500k_test_pub_fileFULL_gr_3850","IS24T-06XX282-DT","Wed 11/18/2015- 3:56:27.01","Wed 11/18/2015- 4:10:26.67",1447793787,1447794626,22137,1447793772,1447794650,15,24,839,878,39
"blast500k_test_pub_fileFULL_gr_3851","IS24T-06XX259-DT","Wed 11/18/2015- 3:54:13.66","Wed 11/18/2015- 4:06:44.82",1447793653,1447794404,22138,1447793639,1447794420,14,16,751,781,30
"blast500k_test_pub_fileFULL_gr_3852","IS24T-06XX262-DT","Wed 11/18/2015- 3:57:41.97","Wed 11/18/2015- 4:22:22.13",1447793861,1447795342,22139,1447793831,1447795366,30,24,1481,1535,54
"blast500k_test_pub_fileFULL_gr_3853","IS24T-06XX262-DT","Wed 11/18/2015- 4:28:54.53","Wed 11/18/2015- 4:51:35.32",1447795734,1447797095,22140,1447795711,1447797119,23,24,1361,1408,47
"blast500k_test_pub_fileFULL_gr_3854","IS24T-06XX281-DT","Wed 11/18/2015- 4:01:33.15","Wed 11/18/2015- 4:16:37.82",1447794093,1447794997,22141,1447794078,1447795023,15,26,904,945,41
"blast500k_test_pub_fileFULL_gr_3855","IS24T-06XX269-DT","Wed 11/18/2015- 4:25:12.29","Wed 11/18/2015- 4:44:31.94",1447795512,1447796671,22142,1447795501,1447796701,11,30,1159,1200,41
"blast500k_test_pub_fileFULL_gr_3856","IS24T-06XX284-DT","Wed 11/18/2015- 3:59:31.91","Wed 11/18/2015- 4:24:39.64",1447793971,1447795479,22143,1447793981,1447795542,-10,63,1508,1561,53
"blast500k_test_pub_fileFULL_gr_3857","IS24T-06XX277-DT","Wed 11/18/2015- 4:23:16.60","Wed 11/18/2015- 4:32:26.92",1447795396,1447795946,22144,1447795384,1447795963,12,17,550,579,29
"blast500k_test_pub_fileFULL_gr_3858","IS24T-06XX296-DT","Wed 11/18/2015- 4:10:54.18","Wed 11/18/2015- 4:31:12.28",1447794654,1447795872,22145,1447794633,1447795890,21,18,1218,1257,39
"blast500k_test_pub_fileFULL_gr_3859","IS24T-06XX297-DT","Wed 11/18/2015- 3:55:31.71","Wed 11/18/2015- 4:12:05.85",1447793731,1447794725,22146,1447793719,1447794750,12,25,994,1031,37
"blast500k_test_pub_fileFULL_gr_386","IS24T-06XX275-DT","Tue 11/17/2015-18:33:02.44","Tue 11/17/2015-18:48:30.86",1447759982,1447760910,18673,1447759970,1447760936,12,26,928,966,38
"blast500k_test_pub_fileFULL_gr_3860","IS24T-06XX289-DT","Wed 11/18/2015- 4:23:36.86","Wed 11/18/2015- 4:41:38.68",1447795416,1447796498,22147,1447795420,1447796527,-4,29,1082,1107,25
"blast500k_test_pub_fileFULL_gr_3861","IS24T-06XX254-DT","Wed 11/18/2015- 4:14:27.91","Wed 11/18/2015- 4:43:07.16",1447794867,1447796587,22148,1447794837,1447796605,30,18,1720,1768,48
"blast500k_test_pub_fileFULL_gr_3862","IS24T-06XX272-DT","Wed 11/18/2015- 4:01:01.64","Wed 11/18/2015- 4:13:55.26",1447794061,1447794835,22149,1447794035,1447794850,26,15,774,815,41
"blast500k_test_pub_fileFULL_gr_3863","IS24T-06XX297-DT","Wed 11/18/2015- 4:02:44.32","Wed 11/18/2015- 4:26:38.50",1447794164,1447795598,22150,1447794149,1447795632,15,34,1434,1483,49
"blast500k_test_pub_fileFULL_gr_3864","IS24T-06XX265-DT","Wed 11/18/2015- 4:14:26.62","Wed 11/18/2015- 4:24:17.10",1447794866,1447795457,22151,1447794851,1447795472,15,15,591,621,30
"blast500k_test_pub_fileFULL_gr_3865","IS24T-06XX282-DT","Wed 11/18/2015- 4:27:27.54","Wed 11/18/2015- 4:39:56.89",1447795647,1447796396,22152,1447795626,1447796425,21,29,749,799,50
"blast500k_test_pub_fileFULL_gr_3866","IS24T-06XX291-DT","Wed 11/18/2015- 4:24:22.17","Wed 11/18/2015- 4:41:45.49",1447795462,1447796505,22153,1447795453,1447796530,9,25,1043,1077,34
"blast500k_test_pub_fileFULL_gr_3867","IS24T-06XX259-DT","Wed 11/18/2015- 4:07:12.87","Wed 11/18/2015- 4:20:04.68",1447794432,1447795204,22154,1447794408,1447795218,24,14,772,810,38
"blast500k_test_pub_fileFULL_gr_3868","IS24T-06XX267-DT","Wed 11/18/2015- 4:07:20.84","Wed 11/18/2015- 4:20:06.32",1447794440,1447795206,22155,1447794417,1447795223,23,17,766,806,40
"blast500k_test_pub_fileFULL_gr_3869","IS24T-06XX291-DT","Wed 11/18/2015- 4:06:41.42","Wed 11/18/2015- 4:19:15.61",1447794401,1447795155,22156,1447794390,1447795182,11,27,754,792,38
"blast500k_test_pub_fileFULL_gr_387","IS24T-06XX286-DT","Tue 11/17/2015-18:33:21.91","Tue 11/17/2015-18:40:04.08",1447760001,1447760404,18674,1447759991,1447760434,10,30,403,443,40
"blast500k_test_pub_fileFULL_gr_3870","IS24T-06XX280-DT","Wed 11/18/2015- 4:26:17.78","Wed 11/18/2015- 4:44:23.25",1447795577,1447796663,22157,1447795717,1447796845,-140,182,1086,1128,42
"blast500k_test_pub_fileFULL_gr_3871","IS24T-06XX279-DT","Wed 11/18/2015- 4:03:16.83","Wed 11/18/2015- 4:19:54.04",1447794196,1447795194,22158,1447794199,1447795240,-3,46,998,1041,43
"blast500k_test_pub_fileFULL_gr_3872","IS24T-06XX209-DT","Wed 11/18/2015- 4:24:13.83","Wed 11/18/2015- 4:46:57.08",1447795453,1447796817,22159,1447795472,1447796885,-19,68,1364,1413,49
"blast500k_test_pub_fileFULL_gr_3873","IS24T-06XX256-DT","Wed 11/18/2015- 4:05:08.24","Wed 11/18/2015- 4:20:02.83",1447794308,1447795202,22160,1447794282,1447795222,26,20,894,940,46
"blast500k_test_pub_fileFULL_gr_3874","IS24T-06XX292-DT","Wed 11/18/2015- 4:21:22.49","Wed 11/18/2015- 4:34:25.87",1447795282,1447796065,22161,1447795324,1447796150,-42,85,783,826,43
"blast500k_test_pub_fileFULL_gr_3875","IS24T-06XX287-DT","Wed 11/18/2015- 4:24:12.94","Wed 11/18/2015- 4:43:33.80",1447795452,1447796613,22162,1447795452,1447796646,0,33,1161,1194,33
"blast500k_test_pub_fileFULL_gr_3876","IS24T-06XX283-DT","Wed 11/18/2015- 4:32:25.62","Wed 11/18/2015- 4:44:34.28",1447795945,1447796674,22163,1447795934,1447796703,11,29,729,769,40
"blast500k_test_pub_fileFULL_gr_3877","IS24T-06XX280-DT","Wed 11/18/2015- 4:12:26.24","Wed 11/18/2015- 4:25:36.99",1447794746,1447795536,22164,1447794887,1447795717,-141,181,790,830,40
"blast500k_test_pub_fileFULL_gr_3878","IS24T-06XX291-DT","Wed 11/18/2015- 4:19:58.95","Wed 11/18/2015- 4:39:38.18",1447795198,1447796378,22165,1447795182,1447796403,16,25,1180,1221,41
"blast500k_test_pub_fileFULL_gr_3879","IS24T-06XX278-DT","Wed 11/18/2015- 4:37:11.80","Wed 11/18/2015- 4:56:48.88",1447796231,1447797408,22166,1447796223,1447797441,8,33,1177,1218,41
"blast500k_test_pub_fileFULL_gr_388","IS24T-06XX269-DT","Tue 11/17/2015-18:29:08.96","Tue 11/17/2015-18:47:10.63",1447759748,1447760830,18675,1447759739,1447760861,9,31,1082,1122,40
"blast500k_test_pub_fileFULL_gr_3880","IS24T-06XX261-DT","Wed 11/18/2015- 4:09:28.91","Wed 11/18/2015- 4:29:01.19",1447794568,1447795741,22167,1447794541,1447795758,27,17,1173,1217,44
"blast500k_test_pub_fileFULL_gr_3881","IS24T-06XX257-DT","Wed 11/18/2015- 4:09:00.82","Wed 11/18/2015- 4:20:12.23",1447794540,1447795212,22168,1447794529,1447795227,11,15,672,698,26
"blast500k_test_pub_fileFULL_gr_3882","IS24T-06XX284-DT","Wed 11/18/2015- 4:04:44.13","Wed 11/18/2015- 4:24:51.80",1447794284,1447795491,22169,1447794289,1447795554,-5,63,1207,1265,58
"blast500k_test_pub_fileFULL_gr_3883","IS24T-06XX297-DT","Wed 11/18/2015- 4:13:09.04","Wed 11/18/2015- 4:38:37.77",1447794789,1447796317,22170,1447794762,1447796351,27,34,1528,1589,61
"blast500k_test_pub_fileFULL_gr_3884","IS24T-06XX255-DT","Wed 11/18/2015- 4:12:46.46","Wed 11/18/2015- 4:23:12.02",1447794766,1447795392,22171,1447794738,1447795405,28,13,626,667,41
"blast500k_test_pub_fileFULL_gr_3885","IS24T-06XX254-DT","Wed 11/18/2015- 4:08:06.58","Wed 11/18/2015- 4:24:51.10",1447794486,1447795491,22172,1447794431,1447795500,55,9,1005,1069,64
"blast500k_test_pub_fileFULL_gr_3886","IS24T-06XX295-DT","Wed 11/18/2015- 4:15:39.14","Wed 11/18/2015- 4:38:53.64",1447794939,1447796333,22173,1447794957,1447796394,-18,61,1394,1437,43
"blast500k_test_pub_fileFULL_gr_3887","IS24T-06XX259-DT","Wed 11/18/2015- 4:20:19.69","Wed 11/18/2015- 4:32:10.86",1447795219,1447795930,22174,1447795206,1447795946,13,16,711,740,29
"blast500k_test_pub_fileFULL_gr_3888","IS24T-06XX253-DT","Wed 11/18/2015- 4:06:46.44","Wed 11/18/2015- 4:21:19.61",1447794406,1447795279,22175,1447794380,1447795289,26,10,873,909,36
"blast500k_test_pub_fileFULL_gr_3889","IS24T-06XX256-DT","Wed 11/18/2015- 4:11:06.80","Wed 11/18/2015- 4:26:35.41",1447794666,1447795595,22176,1447794648,1447795613,18,18,929,965,36
"blast500k_test_pub_fileFULL_gr_389","IS24T-06XX266-DT","Tue 11/17/2015-18:50:19.10","Tue 11/17/2015-19:09:24.93",1447761019,1447762164,18676,1447760999,1447762180,20,16,1145,1181,36
"blast500k_test_pub_fileFULL_gr_3890","IS24T-06XX291-DT","Wed 11/18/2015- 4:10:18.14","Wed 11/18/2015- 4:23:55.79",1447794618,1447795435,22177,1447794617,1447795465,1,30,817,848,31
"blast500k_test_pub_fileFULL_gr_3891","IS24T-06XX282-DT","Wed 11/18/2015- 5:33:02.80","Wed 11/18/2015- 5:47:13.40",1447799582,1447800433,22178,1447799576,1447800460,6,27,851,884,33
"blast500k_test_pub_fileFULL_gr_3892","IS24T-06XX278-DT","Wed 11/18/2015- 4:03:54.76","Wed 11/18/2015- 4:23:23.99",1447794234,1447795403,22179,1447794224,1447795430,10,27,1169,1206,37
"blast500k_test_pub_fileFULL_gr_3893","IS24T-06XX274-DT","Wed 11/18/2015- 4:07:49.46","Wed 11/18/2015- 4:24:34.90",1447794469,1447795474,22180,1447794441,1447795489,28,15,1005,1048,43
"blast500k_test_pub_fileFULL_gr_3894","IS24T-06XX297-DT","Wed 11/18/2015- 4:13:09.04","Wed 11/18/2015- 4:51:51.26",1447794789,1447797111,22181,1447794750,1447797144,39,33,2322,2394,72
"blast500k_test_pub_fileFULL_gr_3895","IS24T-06XX292-DT","Wed 11/18/2015- 4:07:04.61","Wed 11/18/2015- 4:20:53.15",1447794424,1447795253,22182,1447794466,1447795336,-42,83,829,870,41
"blast500k_test_pub_fileFULL_gr_3896","IS24T-06XX276-DT","Wed 11/18/2015- 4:11:49.80","Wed 11/18/2015- 4:24:05.32",1447794709,1447795445,22183,1447794684,1447795464,25,19,736,780,44
"blast500k_test_pub_fileFULL_gr_3897","IS24T-06XX209-DT","Wed 11/18/2015- 4:18:30.39","Wed 11/18/2015- 4:38:18.23",1447795110,1447796298,22184,1447795122,1447796369,-12,71,1188,1247,59
"blast500k_test_pub_fileFULL_gr_3898","IS24T-06XX285-DT","Wed 11/18/2015- 4:16:51.64","Wed 11/18/2015- 4:32:44.31",1447795011,1447795964,22185,1447794996,1447795992,15,28,953,996,43
"blast500k_test_pub_fileFULL_gr_3899","IS24T-06XX258-DT","Wed 11/18/2015- 4:24:55.54","Wed 11/18/2015- 4:34:24.27",1447795495,1447796064,22186,1447795480,1447796078,15,14,569,598,29
"blast500k_test_pub_fileFULL_gr_39","IS24T-06XX255-DT","Tue 11/17/2015-17:40:37.78","Tue 11/17/2015-17:54:28.58",1447756837,1447757668,18326,1447756761,1447757682,76,14,831,921,90
"blast500k_test_pub_fileFULL_gr_390","IS24T-06XX254-DT","Tue 11/17/2015-18:28:39.44","Tue 11/17/2015-18:49:51.18",1447759719,1447760991,18677,1447759688,1447761007,31,16,1272,1319,47
"blast500k_test_pub_fileFULL_gr_3900","IS24T-06XX298-DT","Wed 11/18/2015- 4:23:08.90","Wed 11/18/2015- 4:34:26.77",1447795388,1447796066,22187,1447795416,1447796138,-28,72,678,722,44
"blast500k_test_pub_fileFULL_gr_3901","IS24T-06XX263-DT","Wed 11/18/2015- 4:09:03.61","Wed 11/18/2015- 4:32:03.45",1447794543,1447795923,22188,1447794527,1447795939,16,16,1380,1412,32
"blast500k_test_pub_fileFULL_gr_3902","IS24T-06XX271-DT","Wed 11/18/2015- 4:39:25.43","Wed 11/18/2015- 4:47:39.38",1447796365,1447796859,22189,1447796341,1447796874,24,15,494,533,39
"blast500k_test_pub_fileFULL_gr_3903","IS24T-06XX293-DT","Wed 11/18/2015- 4:04:13.57","Wed 11/18/2015- 4:15:17.75",1447794253,1447794917,22190,1447794245,1447794952,8,35,664,707,43
"blast500k_test_pub_fileFULL_gr_3904","IS24T-06XX275-DT","Wed 11/18/2015- 4:13:33.44","Wed 11/18/2015- 4:26:53.95",1447794813,1447795613,22191,1447794811,1447795642,2,29,800,831,31
"blast500k_test_pub_fileFULL_gr_3905","IS24T-06XX299-DT","Wed 11/18/2015- 4:20:44.86","Wed 11/18/2015- 4:34:43.89",1447795244,1447796083,22192,1447795257,1447796137,-13,54,839,880,41
"blast500k_test_pub_fileFULL_gr_3906","IS24T-06XX273-DT","Wed 11/18/2015- 4:21:04.49","Wed 11/18/2015- 4:32:11.61",1447795264,1447795931,22193,1447795243,1447795947,21,16,667,704,37
"blast500k_test_pub_fileFULL_gr_3907","IS24T-06XX296-DT","Wed 11/18/2015- 4:10:55.12","Wed 11/18/2015- 4:24:58.00",1447794655,1447795498,22194,1447794622,1447795525,33,27,843,903,60
"blast500k_test_pub_fileFULL_gr_3908","IS24T-06XX265-DT","Wed 11/18/2015- 4:26:44.40","Wed 11/18/2015- 4:39:54.28",1447795604,1447796394,22195,1447795577,1447796408,27,14,790,831,41
"blast500k_test_pub_fileFULL_gr_3909","IS24T-06XX260-DT","Wed 11/18/2015- 4:20:54.99","Wed 11/18/2015- 4:34:23.76",1447795254,1447796063,22196,1447795230,1447796075,24,12,809,845,36
"blast500k_test_pub_fileFULL_gr_391","IS24T-06XX253-DT","Tue 11/17/2015-18:42:21.26","Tue 11/17/2015-19:05:33.87",1447760541,1447761933,18678,1447760516,1447761949,25,16,1392,1433,41
"blast500k_test_pub_fileFULL_gr_3910","IS24T-06XX276-DT","Wed 11/18/2015- 4:24:48.77","Wed 11/18/2015- 4:42:23.97",1447795488,1447796543,22197,1447795464,1447796559,24,16,1055,1095,40
"blast500k_test_pub_fileFULL_gr_3911","IS24T-06XX294-DT","Wed 11/18/2015- 4:41:20.89","Wed 11/18/2015- 5:01:01.85",1447796480,1447797661,22198,1447796464,1447797692,16,31,1181,1228,47
"blast500k_test_pub_fileFULL_gr_3912","IS24T-06XX264-DT","Wed 11/18/2015- 4:06:19.58","Wed 11/18/2015- 4:28:09.65",1447794379,1447795689,22199,1447794348,1447795705,31,16,1310,1357,47
"blast500k_test_pub_fileFULL_gr_3913","IS24T-06XX299-DT","Wed 11/18/2015- 4:13:15.56","Wed 11/18/2015- 4:26:08.37",1447794795,1447795568,22200,1447794821,1447795624,-26,56,773,803,30
"blast500k_test_pub_fileFULL_gr_3914","IS24T-06XX278-DT","Wed 11/18/2015- 4:07:24.74","Wed 11/18/2015- 4:23:17.72",1447794444,1447795397,22201,1447794434,1447795430,10,33,953,996,43
"blast500k_test_pub_fileFULL_gr_3915","IS24T-06XX300-DT","Wed 11/18/2015- 4:14:33.60","Wed 11/18/2015- 4:29:26.41",1447794873,1447795766,22202,1447794871,1447795792,2,26,893,921,28
"blast500k_test_pub_fileFULL_gr_3916","IS24T-06XX275-DT","Wed 11/18/2015- 4:08:20.31","Wed 11/18/2015- 4:26:24.73",1447794500,1447795584,22203,1447794487,1447795611,13,27,1084,1124,40
"blast500k_test_pub_fileFULL_gr_3917","IS24T-06XX274-DT","Wed 11/18/2015- 4:12:30.14","Wed 11/18/2015- 4:23:05.56",1447794750,1447795385,22204,1447794729,1447795403,21,18,635,674,39
"blast500k_test_pub_fileFULL_gr_3918","IS24T-06XX299-DT","Wed 11/18/2015- 5:29:00.08","Wed 11/18/2015- 5:42:26.62",1447799340,1447800146,22205,1447799350,1447800200,-10,54,806,850,44
"blast500k_test_pub_fileFULL_gr_3919","IS24T-06XX269-DT","Wed 11/18/2015- 4:35:48.41","Wed 11/18/2015- 4:57:42.89",1447796148,1447797462,22206,1447796138,1447797494,10,32,1314,1356,42
"blast500k_test_pub_fileFULL_gr_392","IS24T-06XX297-DT","Tue 11/17/2015-19:33:15.35","Tue 11/17/2015-19:49:12.39",1447763595,1447764552,18679,1447763581,1447764585,14,33,957,1004,47
"blast500k_test_pub_fileFULL_gr_3920","IS24T-06XX277-DT","Wed 11/18/2015- 4:33:15.23","Wed 11/18/2015- 4:52:15.94",1447795995,1447797135,22207,1447795963,1447797153,32,18,1140,1190,50
"blast500k_test_pub_fileFULL_gr_3921","IS24T-06XX273-DT","Wed 11/18/2015- 4:41:53.08","Wed 11/18/2015- 5:03:57.16",1447796513,1447797837,22208,1447796473,1447797855,40,18,1324,1382,58
"blast500k_test_pub_fileFULL_gr_3922","IS24T-06XX271-DT","Wed 11/18/2015- 4:07:08.47","Wed 11/18/2015- 4:26:26.08",1447794428,1447795586,22209,1447794406,1447795597,22,11,1158,1191,33
"blast500k_test_pub_fileFULL_gr_3923","IS24T-06XX294-DT","Wed 11/18/2015- 4:13:37.89","Wed 11/18/2015- 4:34:31.35",1447794817,1447796071,22210,1447794804,1447796096,13,25,1254,1292,38
"blast500k_test_pub_fileFULL_gr_3924","IS24T-06XX282-DT","Wed 11/18/2015- 4:10:52.10","Wed 11/18/2015- 4:26:29.29",1447794652,1447795589,22211,1447794638,1447795614,14,25,937,976,39
"blast500k_test_pub_fileFULL_gr_3925","IS24T-06XX275-DT","Wed 11/18/2015- 4:26:52.69","Wed 11/18/2015- 4:44:47.31",1447795612,1447796687,22212,1447795599,1447796715,13,28,1075,1116,41
"blast500k_test_pub_fileFULL_gr_3926","IS24T-06XX254-DT","Wed 11/18/2015- 4:09:23.57","Wed 11/18/2015- 4:30:09.60",1447794563,1447795809,22213,1447794535,1447795827,28,18,1246,1292,46
"blast500k_test_pub_fileFULL_gr_3927","IS24T-06XX254-DT","Wed 11/18/2015- 4:08:07.31","Wed 11/18/2015- 4:24:33.56",1447794487,1447795473,22214,1447794443,1447795488,44,15,986,1045,59
"blast500k_test_pub_fileFULL_gr_3928","IS24T-06XX286-DT","Wed 11/18/2015- 4:17:21.66","Wed 11/18/2015- 4:40:26.80",1447795041,1447796426,22215,1447795013,1447796457,28,31,1385,1444,59
"blast500k_test_pub_fileFULL_gr_3929","IS24T-06XX300-DT","Wed 11/18/2015- 4:27:33.95","Wed 11/18/2015- 4:47:09.65",1447795653,1447796829,22216,1447795636,1447796851,17,22,1176,1215,39
"blast500k_test_pub_fileFULL_gr_393","IS24T-06XX267-DT","Tue 11/17/2015-18:50:52.11","Tue 11/17/2015-19:09:27.49",1447761052,1447762167,18680,1447761021,1447762182,31,15,1115,1161,46
"blast500k_test_pub_fileFULL_gr_3930","IS24T-06XX298-DT","Wed 11/18/2015- 4:08:51.15","Wed 11/18/2015- 4:22:27.24",1447794531,1447795347,22217,1447794544,1447795416,-13,69,816,872,56
"blast500k_test_pub_fileFULL_gr_3931","IS24T-06XX255-DT","Wed 11/18/2015- 4:23:50.23","Wed 11/18/2015- 4:44:28.35",1447795430,1447796668,22218,1447795393,1447796683,37,15,1238,1290,52
"blast500k_test_pub_fileFULL_gr_3932","IS24T-06XX277-DT","Wed 11/18/2015- 4:11:38.89","Wed 11/18/2015- 4:23:01.48",1447794698,1447795381,22219,1447794686,1447795396,12,15,683,710,27
"blast500k_test_pub_fileFULL_gr_3933","IS24T-06XX260-DT","Wed 11/18/2015- 4:12:02.71","Wed 11/18/2015- 4:23:52.86",1447794722,1447795432,22220,1447794699,1447795447,23,15,710,748,38
"blast500k_test_pub_fileFULL_gr_3934","IS24T-06XX271-DT","Wed 11/18/2015- 4:51:37.58","Wed 11/18/2015- 5:07:28.18",1447797097,1447798048,22221,1447797084,1447798063,13,15,951,979,28
"blast500k_test_pub_fileFULL_gr_3935","IS24T-06XX277-DT","Wed 11/18/2015- 4:20:09.96","Wed 11/18/2015- 4:32:03.19",1447795209,1447795923,22222,1447795183,1447795940,26,17,714,757,43
"blast500k_test_pub_fileFULL_gr_3936","IS24T-06XX265-DT","Wed 11/18/2015- 4:12:35.96","Wed 11/18/2015- 4:26:11.18",1447794755,1447795571,22223,1447794729,1447795589,26,18,816,860,44
"blast500k_test_pub_fileFULL_gr_3937","IS24T-06XX268-DT","Wed 11/18/2015- 4:59:58.38","Wed 11/18/2015- 5:20:54.38",1447797598,1447798854,22224,1447797579,1447798871,19,17,1256,1292,36
"blast500k_test_pub_fileFULL_gr_3938","IS24T-06XX273-DT","Wed 11/18/2015- 4:23:42.59","Wed 11/18/2015- 4:50:46.87",1447795422,1447797046,22225,1447795409,1447797065,13,19,1624,1656,32
"blast500k_test_pub_fileFULL_gr_3939","IS24T-06XX283-DT","Wed 11/18/2015- 4:45:03.58","Wed 11/18/2015- 5:05:23.76",1447796703,1447797923,22226,1447796703,1447797954,0,31,1220,1251,31
"blast500k_test_pub_fileFULL_gr_394","IS24T-06XX254-DT","Tue 11/17/2015-18:34:15.65","Tue 11/17/2015-18:58:22.43",1447760055,1447761502,18681,1447760022,1447761517,33,15,1447,1495,48
"blast500k_test_pub_fileFULL_gr_3940","IS24T-06XX287-DT","Wed 11/18/2015- 4:17:10.80","Wed 11/18/2015- 4:39:28.86",1447795030,1447796368,22227,1447795025,1447796399,5,31,1338,1374,36
"blast500k_test_pub_fileFULL_gr_3941","IS24T-06XX296-DT","Wed 11/18/2015- 4:42:24.68","Wed 11/18/2015- 4:58:09.02",1447796544,1447797489,22228,1447796533,1447797509,11,20,945,976,31
"blast500k_test_pub_fileFULL_gr_3942","IS24T-06XX257-DT","Wed 11/18/2015- 5:31:49.84","Wed 11/18/2015- 5:52:18.73",1447799509,1447800738,22229,1447799497,1447800755,12,17,1229,1258,29
"blast500k_test_pub_fileFULL_gr_3943","IS24T-06XX279-DT","Wed 11/18/2015- 4:10:36.90","Wed 11/18/2015- 4:26:13.21",1447794636,1447795573,22230,1447794635,1447795617,1,44,937,982,45
"blast500k_test_pub_fileFULL_gr_3944","IS24T-06XX283-DT","Wed 11/18/2015- 4:09:56.57","Wed 11/18/2015- 4:35:47.45",1447794596,1447796147,22231,1447794584,1447796177,12,30,1551,1593,42
"blast500k_test_pub_fileFULL_gr_3945","IS24T-06XX296-DT","Wed 11/18/2015- 4:25:27.47","Wed 11/18/2015- 4:41:58.90",1447795527,1447796518,22232,1447795513,1447796545,14,27,991,1032,41
"blast500k_test_pub_fileFULL_gr_3946","IS24T-06XX266-DT","Wed 11/18/2015- 4:14:27.67","Wed 11/18/2015- 4:34:38.76",1447794867,1447796078,22233,1447794840,1447796095,27,17,1211,1255,44
"blast500k_test_pub_fileFULL_gr_3947","IS24T-06XX260-DT","Wed 11/18/2015- 4:48:15.64","Wed 11/18/2015- 5:01:56.71",1447796895,1447797716,22234,1447796873,1447797733,22,17,821,860,39
"blast500k_test_pub_fileFULL_gr_3948","IS24T-06XX263-DT","Wed 11/18/2015- 4:26:44.63","Wed 11/18/2015- 4:38:40.08",1447795604,1447796320,22235,1447795577,1447796336,27,16,716,759,43
"blast500k_test_pub_fileFULL_gr_3949","IS24T-06XX268-DT","Wed 11/18/2015- 4:13:36.04","Wed 11/18/2015- 4:28:39.19",1447794816,1447795719,22236,1447794690,1447795736,126,17,903,1046,143
"blast500k_test_pub_fileFULL_gr_395","IS24T-06XX296-DT","Tue 11/17/2015-19:11:48.41","Tue 11/17/2015-19:29:17.72",1447762308,1447763357,18682,1447762293,1447763376,15,19,1049,1083,34
"blast500k_test_pub_fileFULL_gr_3950","IS24T-06XX279-DT","Wed 11/18/2015- 4:38:03.54","Wed 11/18/2015- 4:53:21.97",1447796283,1447797201,22237,1447796288,1447797248,-5,47,918,960,42
"blast500k_test_pub_fileFULL_gr_3951","IS24T-06XX264-DT","Wed 11/18/2015- 4:16:23.42","Wed 11/18/2015- 4:36:23.37",1447794983,1447796183,22238,1447794946,1447796197,37,14,1200,1251,51
"blast500k_test_pub_fileFULL_gr_3952","IS24T-06XX260-DT","Wed 11/18/2015- 4:24:28.04","Wed 11/18/2015- 4:42:45.50",1447795468,1447796565,22239,1447795447,1447796582,21,17,1097,1135,38
"blast500k_test_pub_fileFULL_gr_3953","IS24T-06XX262-DT","Wed 11/18/2015- 4:56:55.41","Wed 11/18/2015- 5:13:52.02",1447797415,1447798432,22240,1447797394,1447798460,21,28,1017,1066,49
"blast500k_test_pub_fileFULL_gr_3954","IS24T-06XX259-DT","Wed 11/18/2015- 4:15:06.35","Wed 11/18/2015- 4:27:52.20",1447794906,1447795672,22241,1447794892,1447795690,14,18,766,798,32
"blast500k_test_pub_fileFULL_gr_3955","IS24T-06XX252-DT","Wed 11/18/2015- 4:12:10.20","Wed 11/18/2015- 4:27:56.19",1447794730,1447795676,22242,1447794719,1447795689,11,13,946,970,24
"blast500k_test_pub_fileFULL_gr_3956","IS24T-06XX292-DT","Wed 11/18/2015- 4:10:37.61","Wed 11/18/2015- 4:29:49.03",1447794637,1447795789,22243,1447794692,1447795874,-55,85,1152,1182,30
"blast500k_test_pub_fileFULL_gr_3957","IS24T-06XX262-DT","Wed 11/18/2015- 4:27:26.52","Wed 11/18/2015- 4:56:21.18",1447795646,1447797381,22244,1447795623,1447797406,23,25,1735,1783,48
"blast500k_test_pub_fileFULL_gr_3958","IS24T-06XX257-DT","Wed 11/18/2015- 4:31:45.23","Wed 11/18/2015- 4:44:41.49",1447795905,1447796681,22245,1447795878,1447796694,27,13,776,816,40
"blast500k_test_pub_fileFULL_gr_3959","IS24T-06XX275-DT","Wed 11/18/2015- 4:58:19.07","Wed 11/18/2015- 5:15:00.73",1447797499,1447798500,22246,1447797485,1447798531,14,31,1001,1046,45
"blast500k_test_pub_fileFULL_gr_396","IS24T-06XX278-DT","Tue 11/17/2015-19:15:26.31","Tue 11/17/2015-19:39:41.43",1447762526,1447763981,18683,1447762516,1447764013,10,32,1455,1497,42
"blast500k_test_pub_fileFULL_gr_3960","IS24T-06XX264-DT","Wed 11/18/2015- 4:15:51.76","Wed 11/18/2015- 4:34:34.34",1447794951,1447796074,22247,1447794921,1447796090,30,16,1123,1169,46
"blast500k_test_pub_fileFULL_gr_3961","IS24T-06XX284-DT","Wed 11/18/2015- 4:17:14.35","Wed 11/18/2015- 4:38:24.19",1447795034,1447796304,22248,1447795035,1447796364,-1,60,1270,1329,59
"blast500k_test_pub_fileFULL_gr_3962","IS24T-06XX209-DT","Wed 11/18/2015- 4:24:13.83","Wed 11/18/2015- 4:50:35.50",1447795453,1447797035,22249,1447795460,1447797104,-7,69,1582,1644,62
"blast500k_test_pub_fileFULL_gr_3963","IS24T-06XX298-DT","Wed 11/18/2015- 4:38:27.99","Wed 11/18/2015- 4:50:28.33",1447796307,1447797028,22250,1447796344,1447797100,-37,72,721,756,35
"blast500k_test_pub_fileFULL_gr_3964","IS24T-06XX297-DT","Wed 11/18/2015- 4:16:12.59","Wed 11/18/2015- 4:37:23.69",1447794972,1447796243,22251,1447794960,1447796279,12,36,1271,1319,48
"blast500k_test_pub_fileFULL_gr_3965","IS24T-06XX279-DT","Wed 11/18/2015- 4:26:44.99","Wed 11/18/2015- 4:42:32.01",1447795604,1447796552,22252,1447795605,1447796595,-1,43,948,990,42
"blast500k_test_pub_fileFULL_gr_3966","IS24T-06XX272-DT","Wed 11/18/2015- 4:14:17.01","Wed 11/18/2015- 4:33:40.74",1447794857,1447796020,22253,1447794838,1447796042,19,22,1163,1204,41
"blast500k_test_pub_fileFULL_gr_3967","IS24T-06XX253-DT","Wed 11/18/2015- 4:21:57.15","Wed 11/18/2015- 4:33:53.02",1447795317,1447796033,22254,1447795289,1447796050,28,17,716,761,45
"blast500k_test_pub_fileFULL_gr_3968","IS24T-06XX259-DT","Wed 11/18/2015- 4:32:27.89","Wed 11/18/2015- 4:48:06.40",1447795947,1447796886,22255,1447795934,1447796893,13,7,939,959,20
"blast500k_test_pub_fileFULL_gr_3969","IS24T-06XX299-DT","Wed 11/18/2015- 4:26:39.24","Wed 11/18/2015- 4:44:29.73",1447795599,1447796669,22256,1447795612,1447796725,-13,56,1070,1113,43
"blast500k_test_pub_fileFULL_gr_397","IS24T-06XX285-DT","Tue 11/17/2015-18:56:43.01","Tue 11/17/2015-19:12:09.48",1447761403,1447762329,18684,1447761385,1447762359,18,30,926,974,48
"blast500k_test_pub_fileFULL_gr_3970","IS24T-06XX268-DT","Wed 11/18/2015- 4:14:55.30","Wed 11/18/2015- 4:31:18.08",1447794895,1447795878,22257,1447794877,1447795896,18,18,983,1019,36
"blast500k_test_pub_fileFULL_gr_3971","IS24T-06XX282-DT","Wed 11/18/2015- 4:14:33.68","Wed 11/18/2015- 4:26:38.00",1447794873,1447795598,22258,1447794864,1447795614,9,16,725,750,25
"blast500k_test_pub_fileFULL_gr_3972","IS24T-06XX256-DT","Wed 11/18/2015- 4:20:47.67","Wed 11/18/2015- 4:37:35.04",1447795247,1447796255,22259,1447795222,1447796271,25,16,1008,1049,41
"blast500k_test_pub_fileFULL_gr_3973","IS24T-06XX288-DT","Wed 11/18/2015- 4:14:57.03","Wed 11/18/2015- 4:47:01.28",1447794897,1447796821,22260,1447794863,1447796834,34,13,1924,1971,47
"blast500k_test_pub_fileFULL_gr_3974","IS24T-06XX265-DT","Wed 11/18/2015- 5:00:58.89","Wed 11/18/2015- 5:12:34.22",1447797658,1447798354,22261,1447797638,1447798372,20,18,696,734,38
"blast500k_test_pub_fileFULL_gr_3975","IS24T-06XX291-DT","Wed 11/18/2015- 4:40:08.18","Wed 11/18/2015- 4:55:13.77",1447796408,1447797313,22262,1447796391,1447797341,17,28,905,950,45
"blast500k_test_pub_fileFULL_gr_3976","IS24T-06XX209-DT","Wed 11/18/2015- 4:39:03.45","Wed 11/18/2015- 5:15:01.45",1447796343,1447798501,22263,1447796357,1447798572,-14,71,2158,2215,57
"blast500k_test_pub_fileFULL_gr_3977","IS24T-06XX284-DT","Wed 11/18/2015- 4:26:44.22","Wed 11/18/2015- 4:40:06.39",1447795604,1447796406,22264,1447795542,1447796467,62,61,802,925,123
"blast500k_test_pub_fileFULL_gr_3978","IS24T-06XX283-DT","Wed 11/18/2015- 4:17:58.24","Wed 11/18/2015- 4:31:58.90",1447795078,1447795918,22265,1447795066,1447795945,12,27,840,879,39
"blast500k_test_pub_fileFULL_gr_3979","IS24T-06XX275-DT","Wed 11/18/2015- 4:27:10.84","Wed 11/18/2015- 4:37:57.11",1447795630,1447796277,22266,1447795629,1447796303,1,26,647,674,27
"blast500k_test_pub_fileFULL_gr_398","IS24T-06XX272-DT","Tue 11/17/2015-18:34:51.71","Tue 11/17/2015-18:46:43.18",1447760091,1447760803,18685,1447760070,1447760816,21,13,712,746,34
"blast500k_test_pub_fileFULL_gr_3980","IS24T-06XX252-DT","Wed 11/18/2015- 4:26:58.29","Wed 11/18/2015- 4:41:40.64",1447795618,1447796500,22267,1447795592,1447796516,26,16,882,924,42
"blast500k_test_pub_fileFULL_gr_3981","IS24T-06XX282-DT","Wed 11/18/2015- 4:40:27.92","Wed 11/18/2015- 4:56:22.94",1447796427,1447797382,22268,1447796413,1447797410,14,28,955,997,42
"blast500k_test_pub_fileFULL_gr_3982","IS24T-06XX272-DT","Wed 11/18/2015- 4:34:03.71","Wed 11/18/2015- 4:48:15.18",1447796043,1447796895,22269,1447796028,1447796909,15,14,852,881,29
"blast500k_test_pub_fileFULL_gr_3983","IS24T-06XX275-DT","Wed 11/18/2015- 4:45:08.72","Wed 11/18/2015- 4:57:46.56",1447796708,1447797466,22270,1447796703,1447797497,5,31,758,794,36
"blast500k_test_pub_fileFULL_gr_3984","IS24T-06XX265-DT","Wed 11/18/2015- 4:40:23.60","Wed 11/18/2015- 5:00:23.60",1447796423,1447797623,22271,1447796396,1447797638,27,15,1200,1242,42
"blast500k_test_pub_fileFULL_gr_3985","IS24T-06XX254-DT","Wed 11/18/2015- 4:25:40.90","Wed 11/18/2015- 4:49:06.98",1447795540,1447796946,22272,1447795476,1447796961,64,15,1406,1485,79
"blast500k_test_pub_fileFULL_gr_3986","IS24T-06XX275-DT","Wed 11/18/2015- 5:15:43.57","Wed 11/18/2015- 5:29:14.06",1447798543,1447799354,22273,1447798531,1447799385,12,31,811,854,43
"blast500k_test_pub_fileFULL_gr_3987","IS24T-06XX264-DT","Wed 11/18/2015- 4:28:59.32","Wed 11/18/2015- 4:54:47.87",1447795739,1447797287,22274,1447795705,1447797304,34,17,1548,1599,51
"blast500k_test_pub_fileFULL_gr_3988","IS24T-06XX262-DT","Wed 11/18/2015- 4:22:54.42","Wed 11/18/2015- 4:53:11.26",1447795374,1447797191,22275,1447795354,1447797217,20,26,1817,1863,46
"blast500k_test_pub_fileFULL_gr_3989","IS24T-06XX288-DT","Wed 11/18/2015- 4:20:29.44","Wed 11/18/2015- 4:43:00.58",1447795229,1447796580,22276,1447795182,1447796595,47,15,1351,1413,62
"blast500k_test_pub_fileFULL_gr_399","IS24T-06XX266-DT","Tue 11/17/2015-18:36:53.29","Tue 11/17/2015-18:51:57.71",1447760213,1447761117,18686,1447760200,1447761137,13,20,904,937,33
"blast500k_test_pub_fileFULL_gr_3990","IS24T-06XX268-DT","Wed 11/18/2015- 4:29:08.95","Wed 11/18/2015- 4:44:21.42",1447795748,1447796661,22277,1447795724,1447796678,24,17,913,954,41
"blast500k_test_pub_fileFULL_gr_3991","IS24T-06XX254-DT","Wed 11/18/2015- 4:30:43.63","Wed 11/18/2015- 4:53:02.91",1447795843,1447797182,22278,1447795815,1447797198,28,16,1339,1383,44
"blast500k_test_pub_fileFULL_gr_3992","IS24T-06XX272-DT","Wed 11/18/2015- 4:18:32.03","Wed 11/18/2015- 4:31:25.67",1447795112,1447795885,22279,1447795089,1447795904,23,19,773,815,42
"blast500k_test_pub_fileFULL_gr_3993","IS24T-06XX255-DT","Wed 11/18/2015- 5:01:38.30","Wed 11/18/2015- 5:13:51.57",1447797698,1447798431,22280,1447797672,1447798437,26,6,733,765,32
"blast500k_test_pub_fileFULL_gr_3994","IS24T-06XX278-DT","Wed 11/18/2015- 4:23:49.88","Wed 11/18/2015- 4:36:43.56",1447795429,1447796203,22281,1447795418,1447796236,11,33,774,818,44
"blast500k_test_pub_fileFULL_gr_3995","IS24T-06XX256-DT","Wed 11/18/2015- 4:27:03.45","Wed 11/18/2015- 4:40:29.42",1447795623,1447796429,22282,1447795600,1447796437,23,8,806,837,31
"blast500k_test_pub_fileFULL_gr_3996","IS24T-06XX283-DT","Wed 11/18/2015- 4:36:16.61","Wed 11/18/2015- 4:56:05.60",1447796176,1447797365,22283,1447796165,1447797393,11,28,1189,1228,39
"blast500k_test_pub_fileFULL_gr_3997","IS24T-06XX279-DT","Wed 11/18/2015- 4:20:24.11","Wed 11/18/2015- 4:37:36.33",1447795224,1447796256,22284,1447795228,1447796300,-4,44,1032,1072,40
"blast500k_test_pub_fileFULL_gr_3998","IS24T-06XX288-DT","Wed 11/18/2015- 4:44:43.48","Wed 11/18/2015- 5:04:48.61",1447796683,1447797888,22285,1447796650,1447797900,33,12,1205,1250,45
"blast500k_test_pub_fileFULL_gr_3999","IS24T-06XX274-DT","Wed 11/18/2015- 4:23:38.48","Wed 11/18/2015- 4:33:35.53",1447795418,1447796015,22286,1447795391,1447796033,27,18,597,642,45
"blast500k_test_pub_fileFULL_gr_4","IS24T-06XX269-DT","Tue 11/17/2015-18:09:31.27","Tue 11/17/2015-18:20:38.43",1447758571,1447759238,18291,1447758564,1447759269,7,31,667,705,38
"blast500k_test_pub_fileFULL_gr_40","IS24T-06XX299-DT","Tue 11/17/2015-17:56:46.99","Tue 11/17/2015-18:11:53.29",1447757806,1447758713,18327,1447757831,1447758767,-25,54,907,936,29
"blast500k_test_pub_fileFULL_gr_400","IS24T-06XX265-DT","Tue 11/17/2015-18:47:35.37","Tue 11/17/2015-19:00:26.44",1447760855,1447761626,18687,1447760831,1447761639,24,13,771,808,37
"blast500k_test_pub_fileFULL_gr_4000","IS24T-06XX261-DT","Wed 11/18/2015- 4:30:37.80","Wed 11/18/2015- 4:42:07.84",1447795837,1447796527,22287,1447795827,1447796543,10,16,690,716,26
"blast500k_test_pub_fileFULL_gr_4001","IS24T-06XX258-DT","Wed 11/18/2015- 4:51:09.92","Wed 11/18/2015- 5:02:18.97",1447797069,1447797738,22288,1447797045,1447797755,24,17,669,710,41
"blast500k_test_pub_fileFULL_gr_4002","IS24T-06XX274-DT","Wed 11/18/2015- 4:37:37.20","Wed 11/18/2015- 4:51:26.67",1447796257,1447797086,22289,1447796227,1447797105,30,19,829,878,49
"blast500k_test_pub_fileFULL_gr_4003","IS24T-06XX284-DT","Wed 11/18/2015- 4:26:44.22","Wed 11/18/2015- 4:48:41.22",1447795604,1447796921,22290,1447795530,1447796980,74,59,1317,1450,133
"blast500k_test_pub_fileFULL_gr_4004","IS24T-06XX259-DT","Wed 11/18/2015- 4:47:48.32","Wed 11/18/2015- 5:06:48.97",1447796868,1447798008,22291,1447796843,1447798027,25,19,1140,1184,44
"blast500k_test_pub_fileFULL_gr_4005","IS24T-06XX276-DT","Wed 11/18/2015- 4:42:50.67","Wed 11/18/2015- 5:03:09.76",1447796570,1447797789,22292,1447796547,1447797804,23,15,1219,1257,38
"blast500k_test_pub_fileFULL_gr_4006","IS24T-06XX209-DT","Wed 11/18/2015- 4:19:43.11","Wed 11/18/2015- 4:45:20.87",1447795183,1447796720,22293,1447795195,1447796788,-12,68,1537,1593,56
"blast500k_test_pub_fileFULL_gr_4007","IS24T-06XX289-DT","Wed 11/18/2015- 4:22:25.85","Wed 11/18/2015- 4:38:12.00",1447795345,1447796292,22294,1447795341,1447796321,4,29,947,980,33
"blast500k_test_pub_fileFULL_gr_4008","IS24T-06XX292-DT","Wed 11/18/2015- 4:34:54.48","Wed 11/18/2015- 4:47:11.84",1447796094,1447796831,22295,1447796138,1447796916,-44,85,737,778,41
"blast500k_test_pub_fileFULL_gr_4009","IS24T-06XX276-DT","Wed 11/18/2015- 4:47:11.59","Wed 11/18/2015- 5:04:30.84",1447796831,1447797870,22296,1447796804,1447797890,27,20,1039,1086,47
"blast500k_test_pub_fileFULL_gr_401","IS24T-06XX288-DT","Tue 11/17/2015-18:32:52.24","Tue 11/17/2015-19:04:59.93",1447759972,1447761899,18688,1447759937,1447761908,35,9,1927,1971,44
"blast500k_test_pub_fileFULL_gr_4010","IS24T-06XX260-DT","Wed 11/18/2015- 4:34:48.48","Wed 11/18/2015- 4:47:49.36",1447796088,1447796869,22297,1447796064,1447796884,24,15,781,820,39
"blast500k_test_pub_fileFULL_gr_4011","IS24T-06XX259-DT","Wed 11/18/2015- 4:48:27.15","Wed 11/18/2015- 5:07:01.93",1447796907,1447798021,22298,1447796893,1447798040,14,19,1114,1147,33
"blast500k_test_pub_fileFULL_gr_4012","IS24T-06XX256-DT","Wed 11/18/2015- 4:38:05.39","Wed 11/18/2015- 4:54:12.10",1447796285,1447797252,22299,1447796259,1447797271,26,19,967,1012,45
"blast500k_test_pub_fileFULL_gr_4013","IS24T-06XX298-DT","Wed 11/18/2015- 4:34:48.58","Wed 11/18/2015- 4:48:15.43",1447796088,1447796895,22300,1447796127,1447796957,-39,62,807,830,23
"blast500k_test_pub_fileFULL_gr_4014","IS24T-06XX265-DT","Wed 11/18/2015- 4:24:47.82","Wed 11/18/2015- 4:40:19.72",1447795487,1447796419,22301,1447795460,1447796433,27,14,932,973,41
"blast500k_test_pub_fileFULL_gr_4015","IS24T-06XX281-DT","Wed 11/18/2015- 4:31:34.25","Wed 11/18/2015- 4:45:27.21",1447795894,1447796727,22302,1447795878,1447796755,16,28,833,877,44
"blast500k_test_pub_fileFULL_gr_4016","IS24T-06XX273-DT","Wed 11/18/2015- 5:01:00.23","Wed 11/18/2015- 5:12:58.80",1447797660,1447798378,22303,1447797635,1447798397,25,19,718,762,44
"blast500k_test_pub_fileFULL_gr_4017","IS24T-06XX297-DT","Wed 11/18/2015- 4:27:26.48","Wed 11/18/2015- 4:56:30.80",1447795646,1447797390,22304,1447795632,1447797429,14,39,1744,1797,53
"blast500k_test_pub_fileFULL_gr_4018","IS24T-06XX264-DT","Wed 11/18/2015- 4:35:06.12","Wed 11/18/2015- 4:57:57.89",1447796106,1447797477,22305,1447796078,1447797492,28,15,1371,1414,43
"blast500k_test_pub_fileFULL_gr_4019","IS24T-06XX264-DT","Wed 11/18/2015- 5:22:25.74","Wed 11/18/2015- 5:41:05.45",1447798945,1447800065,22306,1447798914,1447800075,31,10,1120,1161,41
"blast500k_test_pub_fileFULL_gr_402","IS24T-06XX297-DT","Tue 11/17/2015-18:30:41.65","Tue 11/17/2015-18:54:13.20",1447759841,1447761253,18689,1447759827,1447761288,14,35,1412,1461,49
"blast500k_test_pub_fileFULL_gr_4020","IS24T-06XX267-DT","Wed 11/18/2015- 4:23:44.31","Wed 11/18/2015- 4:37:33.40",1447795424,1447796253,22307,1447795408,1447796271,16,18,829,863,34
"blast500k_test_pub_fileFULL_gr_4021","IS24T-06XX266-DT","Wed 11/18/2015- 4:53:07.67","Wed 11/18/2015- 5:06:07.33",1447797187,1447797967,22308,1447797161,1447797983,26,16,780,822,42
"blast500k_test_pub_fileFULL_gr_4022","IS24T-06XX253-DT","Wed 11/18/2015- 4:36:25.13","Wed 11/18/2015- 4:52:15.85",1447796185,1447797135,22309,1447796160,1447797152,25,17,950,992,42
"blast500k_test_pub_fileFULL_gr_4023","IS24T-06XX264-DT","Wed 11/18/2015- 4:36:57.31","Wed 11/18/2015- 4:56:51.80",1447796217,1447797411,22310,1447796186,1447797425,31,14,1194,1239,45
"blast500k_test_pub_fileFULL_gr_4024","IS24T-06XX280-DT","Wed 11/18/2015- 4:28:06.05","Wed 11/18/2015- 4:40:43.05",1447795686,1447796443,22311,1447795836,1447796626,-150,183,757,790,33
"blast500k_test_pub_fileFULL_gr_4025","IS24T-06XX277-DT","Wed 11/18/2015- 4:33:15.21","Wed 11/18/2015- 4:44:12.44",1447795995,1447796652,22312,1447795951,1447796670,44,18,657,719,62
"blast500k_test_pub_fileFULL_gr_4026","IS24T-06XX284-DT","Wed 11/18/2015- 4:38:57.32","Wed 11/18/2015- 5:07:33.92",1447796337,1447798053,22313,1447796352,1447798116,-15,63,1716,1764,48
"blast500k_test_pub_fileFULL_gr_4027","IS24T-06XX266-DT","Wed 11/18/2015- 4:34:56.44","Wed 11/18/2015- 4:56:19.82",1447796096,1447797379,22314,1447796083,1447797395,13,16,1283,1312,29
"blast500k_test_pub_fileFULL_gr_4028","IS24T-06XX255-DT","Wed 11/18/2015- 4:28:24.30","Wed 11/18/2015- 4:45:13.72",1447795704,1447796713,22315,1447795677,1447796729,27,16,1009,1052,43
"blast500k_test_pub_fileFULL_gr_4029","IS24T-06XX265-DT","Wed 11/18/2015- 4:40:39.78","Wed 11/18/2015- 4:55:14.96",1447796439,1447797314,22316,1447796420,1447797331,19,17,875,911,36
"blast500k_test_pub_fileFULL_gr_403","IS24T-06XX281-DT","Tue 11/17/2015-18:50:33.20","Tue 11/17/2015-19:06:39.21",1447761033,1447761999,18690,1447760996,1447762026,37,27,966,1030,64
"blast500k_test_pub_fileFULL_gr_4030","IS24T-06XX288-DT","Wed 11/18/2015- 4:39:15.07","Wed 11/18/2015- 4:59:01.63",1447796355,1447797541,22317,1447796316,1447797555,39,14,1186,1239,53
"blast500k_test_pub_fileFULL_gr_4031","IS24T-06XX252-DT","Wed 11/18/2015- 4:28:08.12","Wed 11/18/2015- 4:38:08.16",1447795688,1447796288,22318,1447795677,1447796305,11,17,600,628,28
"blast500k_test_pub_fileFULL_gr_4032","IS24T-06XX289-DT","Wed 11/18/2015- 5:08:49.90","Wed 11/18/2015- 5:32:51.07",1447798129,1447799571,22319,1447798123,1447799600,6,29,1442,1477,35
"blast500k_test_pub_fileFULL_gr_4033","IS24T-06XX267-DT","Wed 11/18/2015- 4:38:04.27","Wed 11/18/2015- 4:53:47.20",1447796284,1447797227,22320,1447796271,1447797244,13,17,943,973,30
"blast500k_test_pub_fileFULL_gr_4034","IS24T-06XX286-DT","Wed 11/18/2015- 4:35:07.07","Wed 11/18/2015- 4:48:19.39",1447796107,1447796899,22321,1447796094,1447796929,13,30,792,835,43
"blast500k_test_pub_fileFULL_gr_4035","IS24T-06XX286-DT","Wed 11/18/2015- 4:40:44.62","Wed 11/18/2015- 4:55:25.10",1447796444,1447797325,22322,1447796445,1447797356,-1,31,881,911,30
"blast500k_test_pub_fileFULL_gr_4036","IS24T-06XX259-DT","Wed 11/18/2015- 4:28:22.51","Wed 11/18/2015- 4:47:19.46",1447795702,1447796839,22323,1447795678,1447796855,24,16,1137,1177,40
"blast500k_test_pub_fileFULL_gr_4037","IS24T-06XX289-DT","Wed 11/18/2015- 4:41:52.60","Wed 11/18/2015- 4:54:35.63",1447796512,1447797275,22324,1447796515,1447797309,-3,34,763,794,31
"blast500k_test_pub_fileFULL_gr_4038","IS24T-06XX279-DT","Wed 11/18/2015- 4:42:55.05","Wed 11/18/2015- 4:58:49.89",1447796575,1447797529,22325,1447796584,1447797576,-9,47,954,992,38
"blast500k_test_pub_fileFULL_gr_4039","IS24T-06XX285-DT","Wed 11/18/2015- 4:33:03.31","Wed 11/18/2015- 4:49:02.39",1447795983,1447796942,22326,1447795980,1447796967,3,25,959,987,28
"blast500k_test_pub_fileFULL_gr_404","IS24T-06XX283-DT","Tue 11/17/2015-18:45:33.99","Tue 11/17/2015-19:02:06.10",1447760733,1447761726,18691,1447760722,1447761755,11,29,993,1033,40
"blast500k_test_pub_fileFULL_gr_4040","IS24T-06XX274-DT","Wed 11/18/2015- 4:44:47.48","Wed 11/18/2015- 4:58:09.87",1447796687,1447797489,22327,1447796667,1447797507,20,18,802,840,38
"blast500k_test_pub_fileFULL_gr_4041","IS24T-06XX268-DT","Wed 11/18/2015- 4:31:39.06","Wed 11/18/2015- 4:42:04.47",1447795899,1447796524,22328,1447795885,1447796538,14,14,625,653,28
"blast500k_test_pub_fileFULL_gr_4042","IS24T-06XX287-DT","Wed 11/18/2015- 4:39:51.20","Wed 11/18/2015- 4:58:35.70",1447796391,1447797515,22329,1447796388,1447797551,3,36,1124,1163,39
"blast500k_test_pub_fileFULL_gr_4043","IS24T-06XX258-DT","Wed 11/18/2015- 4:38:16.53","Wed 11/18/2015- 4:53:04.98",1447796296,1447797184,22330,1447796284,1447797198,12,14,888,914,26
"blast500k_test_pub_fileFULL_gr_4044","IS24T-06XX261-DT","Wed 11/18/2015- 4:29:29.33","Wed 11/18/2015- 4:40:13.63",1447795769,1447796413,22331,1447795747,1447796429,22,16,644,682,38
"blast500k_test_pub_fileFULL_gr_4045","IS24T-06XX257-DT","Wed 11/18/2015- 4:37:17.83","Wed 11/18/2015- 4:54:51.94",1447796237,1447797291,22332,1447796211,1447797305,26,14,1054,1094,40
"blast500k_test_pub_fileFULL_gr_4046","IS24T-06XX266-DT","Wed 11/18/2015- 4:33:09.39","Wed 11/18/2015- 4:52:34.73",1447795989,1447797154,22333,1447795963,1447797174,26,20,1165,1211,46
"blast500k_test_pub_fileFULL_gr_4047","IS24T-06XX255-DT","Wed 11/18/2015- 4:44:58.28","Wed 11/18/2015- 5:01:06.51",1447796698,1447797666,22334,1447796670,1447797684,28,18,968,1014,46
"blast500k_test_pub_fileFULL_gr_4048","IS24T-06XX287-DT","Wed 11/18/2015- 4:43:50.09","Wed 11/18/2015- 5:00:06.09",1447796630,1447797606,22335,1447796633,1447797636,-3,30,976,1003,27
"blast500k_test_pub_fileFULL_gr_4049","IS24T-06XX300-DT","Wed 11/18/2015- 4:29:42.07","Wed 11/18/2015- 4:47:17.35",1447795782,1447796837,22336,1447795779,1447796864,3,27,1055,1085,30
"blast500k_test_pub_fileFULL_gr_405","IS24T-06XX258-DT","Tue 11/17/2015-18:38:21.09","Tue 11/17/2015-18:53:29.85",1447760301,1447761209,18692,1447760277,1447761227,24,18,908,950,42
"blast500k_test_pub_fileFULL_gr_4050","IS24T-06XX282-DT","Wed 11/18/2015- 4:27:27.88","Wed 11/18/2015- 4:46:03.99",1447795647,1447796763,22337,1447795614,1447796787,33,24,1116,1173,57
"blast500k_test_pub_fileFULL_gr_4051","IS24T-06XX284-DT","Wed 11/18/2015- 4:52:30.88","Wed 11/18/2015- 5:33:09.32",1447797150,1447799589,22338,1447797163,1447799652,-13,63,2439,2489,50
"blast500k_test_pub_fileFULL_gr_4052","IS24T-06XX264-DT","Wed 11/18/2015- 4:28:59.32","Wed 11/18/2015- 4:50:28.51",1447795739,1447797028,22339,1447795693,1447797042,46,14,1289,1349,60
"blast500k_test_pub_fileFULL_gr_4053","IS24T-06XX278-DT","Wed 11/18/2015- 4:33:26.59","Wed 11/18/2015- 4:47:05.88",1447796006,1447796825,22340,1447795997,1447796857,9,32,819,860,41
"blast500k_test_pub_fileFULL_gr_4054","IS24T-06XX297-DT","Wed 11/18/2015- 4:52:25.86","Wed 11/18/2015- 5:07:08.49",1447797145,1447798028,22341,1447797133,1447798059,12,31,883,926,43
"blast500k_test_pub_fileFULL_gr_4055","IS24T-06XX274-DT","Wed 11/18/2015- 4:52:00.48","Wed 11/18/2015- 5:02:03.97",1447797120,1447797723,22342,1447797092,1447797740,28,17,603,648,45
"blast500k_test_pub_fileFULL_gr_4056","IS24T-06XX292-DT","Wed 11/18/2015- 4:30:29.30","Wed 11/18/2015- 4:43:54.89",1447795829,1447796634,22343,1447795874,1447796716,-45,82,805,842,37
"blast500k_test_pub_fileFULL_gr_4057","IS24T-06XX295-DT","Wed 11/18/2015- 4:32:37.63","Wed 11/18/2015- 4:49:26.88",1447795957,1447796966,22344,1447795975,1447797026,-18,60,1009,1051,42
"blast500k_test_pub_fileFULL_gr_4058","IS24T-06XX271-DT","Wed 11/18/2015- 4:39:41.94","Wed 11/18/2015- 4:51:21.09",1447796381,1447797081,22345,1447796366,1447797095,15,14,700,729,29
"blast500k_test_pub_fileFULL_gr_4059","IS24T-06XX285-DT","Wed 11/18/2015- 4:30:01.21","Wed 11/18/2015- 4:42:20.88",1447795801,1447796540,22346,1447795784,1447796568,17,28,739,784,45
"blast500k_test_pub_fileFULL_gr_406","IS24T-06XX288-DT","Tue 11/17/2015-19:05:39.75","Tue 11/17/2015-19:19:29.61",1447761939,1447762769,18693,1447761908,1447762780,31,11,830,872,42
"blast500k_test_pub_fileFULL_gr_4060","IS24T-06XX277-DT","Wed 11/18/2015- 4:44:44.55","Wed 11/18/2015- 5:09:21.07",1447796684,1447798161,22347,1447796658,1447798177,26,16,1477,1519,42
"blast500k_test_pub_fileFULL_gr_4061","IS24T-06XX253-DT","Wed 11/18/2015- 5:03:47.64","Wed 11/18/2015- 5:15:43.90",1447797827,1447798543,22348,1447797802,1447798557,25,14,716,755,39
"blast500k_test_pub_fileFULL_gr_4062","IS24T-06XX274-DT","Wed 11/18/2015- 4:34:09.24","Wed 11/18/2015- 4:44:10.79",1447796049,1447796650,22349,1447796022,1447796667,27,17,601,645,44
"blast500k_test_pub_fileFULL_gr_4063","IS24T-06XX300-DT","Wed 11/18/2015- 4:48:05.42","Wed 11/18/2015- 5:05:56.31",1447796885,1447797956,22350,1447796864,1447797982,21,26,1071,1118,47
"blast500k_test_pub_fileFULL_gr_4064","IS24T-06XX261-DT","Wed 11/18/2015- 4:53:42.91","Wed 11/18/2015- 5:06:57.47",1447797222,1447798017,22351,1447797197,1447798037,25,20,795,840,45
"blast500k_test_pub_fileFULL_gr_4065","IS24T-06XX273-DT","Wed 11/18/2015- 4:32:38.34","Wed 11/18/2015- 4:41:09.20",1447795958,1447796469,22352,1447795936,1447796485,22,16,511,549,38
"blast500k_test_pub_fileFULL_gr_4066","IS24T-06XX263-DT","Wed 11/18/2015- 5:08:00.49","Wed 11/18/2015- 5:21:03.12",1447798080,1447798863,22353,1447798053,1447798878,27,15,783,825,42
"blast500k_test_pub_fileFULL_gr_4067","IS24T-06XX272-DT","Wed 11/18/2015- 4:48:43.05","Wed 11/18/2015- 5:00:46.82",1447796923,1447797646,22354,1447796897,1447797666,26,20,723,769,46
"blast500k_test_pub_fileFULL_gr_4068","IS24T-06XX297-DT","Wed 11/18/2015- 4:57:11.28","Wed 11/18/2015- 5:16:11.51",1447797431,1447798571,22355,1447797416,1447798605,15,34,1140,1189,49
"blast500k_test_pub_fileFULL_gr_4069","IS24T-06XX267-DT","Wed 11/18/2015- 4:36:15.32","Wed 11/18/2015- 4:58:15.57",1447796175,1447797495,22356,1447796149,1447797511,26,16,1320,1362,42
"blast500k_test_pub_fileFULL_gr_407","IS24T-06XX298-DT","Tue 11/17/2015-18:55:10.30","Tue 11/17/2015-19:07:08.67",1447761310,1447762028,18694,1447761339,1447762097,-29,69,718,758,40
"blast500k_test_pub_fileFULL_gr_4070","IS24T-06XX300-DT","Wed 11/18/2015- 5:06:25.75","Wed 11/18/2015- 5:18:05.79",1447797985,1447798685,22357,1447797971,1447798702,14,17,700,731,31
"blast500k_test_pub_fileFULL_gr_4071","IS24T-06XX281-DT","Wed 11/18/2015- 4:35:47.72","Wed 11/18/2015- 4:53:47.82",1447796147,1447797227,22358,1447796130,1447797257,17,30,1080,1127,47
"blast500k_test_pub_fileFULL_gr_4072","IS24T-06XX281-DT","Wed 11/18/2015- 4:45:58.15","Wed 11/18/2015- 4:56:01.80",1447796758,1447797361,22359,1447796743,1447797387,15,26,603,644,41
"blast500k_test_pub_fileFULL_gr_4073","IS24T-06XX297-DT","Wed 11/18/2015- 4:39:13.27","Wed 11/18/2015- 4:58:44.85",1447796353,1447797524,22360,1447796339,1447797550,14,26,1171,1211,40
"blast500k_test_pub_fileFULL_gr_4074","IS24T-06XX294-DT","Wed 11/18/2015- 4:34:52.46","Wed 11/18/2015- 4:55:07.31",1447796092,1447797307,22361,1447796085,1447797335,7,28,1215,1250,35
"blast500k_test_pub_fileFULL_gr_4075","IS24T-06XX268-DT","Wed 11/18/2015- 4:42:30.63","Wed 11/18/2015- 4:54:28.86",1447796550,1447797268,22362,1447796526,1447797285,24,17,718,759,41
"blast500k_test_pub_fileFULL_gr_4076","IS24T-06XX266-DT","Wed 11/18/2015- 5:31:24.78","Wed 11/18/2015- 5:45:49.37",1447799484,1447800349,22363,1447799468,1447800364,16,15,865,896,31
"blast500k_test_pub_fileFULL_gr_4077","IS24T-06XX254-DT","Wed 11/18/2015- 4:49:35.57","Wed 11/18/2015- 5:11:06.83",1447796975,1447798266,22364,1447796949,1447798281,26,15,1291,1332,41
"blast500k_test_pub_fileFULL_gr_4078","IS24T-06XX293-DT","Wed 11/18/2015- 4:52:44.40","Wed 11/18/2015- 5:10:48.34",1447797164,1447798248,22365,1447797171,1447798284,-7,36,1084,1113,29
"blast500k_test_pub_fileFULL_gr_4079","IS24T-06XX265-DT","Wed 11/18/2015- 4:55:47.64","Wed 11/18/2015- 5:08:40.36",1447797347,1447798120,22366,1447797319,1447798135,28,15,773,816,43
"blast500k_test_pub_fileFULL_gr_408","IS24T-06XX283-DT","Tue 11/17/2015-18:37:51.23","Tue 11/17/2015-18:53:08.16",1447760271,1447761188,18695,1447760259,1447761218,12,30,917,959,42
"blast500k_test_pub_fileFULL_gr_4080","IS24T-06XX272-DT","Wed 11/18/2015- 4:31:56.52","Wed 11/18/2015- 4:54:35.47",1447795916,1447797275,22367,1447795892,1447797291,24,16,1359,1399,40
"blast500k_test_pub_fileFULL_gr_4081","IS24T-06XX256-DT","Wed 11/18/2015- 5:08:16.30","Wed 11/18/2015- 5:23:10.78",1447798096,1447798990,22368,1447798082,1447799007,14,17,894,925,31
"blast500k_test_pub_fileFULL_gr_4082","IS24T-06XX293-DT","Wed 11/18/2015- 4:33:45.34","Wed 11/18/2015- 4:52:29.06",1447796025,1447797149,22369,1447796016,1447797184,9,35,1124,1168,44
"blast500k_test_pub_fileFULL_gr_4083","IS24T-06XX252-DT","Wed 11/18/2015- 4:50:18.90","Wed 11/18/2015- 5:02:45.42",1447797018,1447797765,22370,1447796995,1447797780,23,15,747,785,38
"blast500k_test_pub_fileFULL_gr_4084","IS24T-06XX295-DT","Wed 11/18/2015- 4:56:55.60","Wed 11/18/2015- 5:13:27.24",1447797415,1447798407,22371,1447797436,1447798465,-21,58,992,1029,37
"blast500k_test_pub_fileFULL_gr_4085","IS24T-06XX294-DT","Wed 11/18/2015- 5:01:23.93","Wed 11/18/2015- 5:18:04.05",1447797683,1447798684,22372,1447797679,1447798713,4,29,1001,1034,33
"blast500k_test_pub_fileFULL_gr_4086","IS24T-06XX260-DT","Wed 11/18/2015- 4:43:16.50","Wed 11/18/2015- 5:01:09.54",1447796596,1447797669,22373,1447796571,1447797687,25,18,1073,1116,43
"blast500k_test_pub_fileFULL_gr_4087","IS24T-06XX275-DT","Wed 11/18/2015- 4:38:23.88","Wed 11/18/2015- 5:00:51.72",1447796303,1447797651,22374,1447796292,1447797684,11,33,1348,1392,44
"blast500k_test_pub_fileFULL_gr_4088","IS24T-06XX284-DT","Wed 11/18/2015- 4:40:40.52","Wed 11/18/2015- 4:56:33.27",1447796440,1447797393,22375,1447796455,1447797457,-15,64,953,1002,49
"blast500k_test_pub_fileFULL_gr_4089","IS24T-06XX288-DT","Wed 11/18/2015- 4:47:49.67","Wed 11/18/2015- 5:16:18.25",1447796869,1447798578,22376,1447796822,1447798591,47,13,1709,1769,60
"blast500k_test_pub_fileFULL_gr_409","IS24T-06XX293-DT","Tue 11/17/2015-19:06:11.81","Tue 11/17/2015-19:21:27.14",1447761971,1447762887,18696,1447761965,1447762921,6,34,916,956,40
"blast500k_test_pub_fileFULL_gr_4090","IS24T-06XX271-DT","Wed 11/18/2015- 5:07:45.15","Wed 11/18/2015- 5:24:09.03",1447798065,1447799049,22377,1447798051,1447799067,14,18,984,1016,32
"blast500k_test_pub_fileFULL_gr_4091","IS24T-06XX299-DT","Wed 11/18/2015- 4:34:58.61","Wed 11/18/2015- 4:48:10.55",1447796098,1447796890,22378,1447796124,1447796943,-26,53,792,819,27
"blast500k_test_pub_fileFULL_gr_4092","IS24T-06XX209-DT","Wed 11/18/2015- 4:47:40.90","Wed 11/18/2015- 5:04:03.68",1447796860,1447797843,22379,1447796885,1447797915,-25,72,983,1030,47
"blast500k_test_pub_fileFULL_gr_4093","IS24T-06XX253-DT","Wed 11/18/2015- 4:34:24.76","Wed 11/18/2015- 4:50:29.14",1447796064,1447797029,22380,1447796038,1447797045,26,16,965,1007,42
"blast500k_test_pub_fileFULL_gr_4094","IS24T-06XX262-DT","Wed 11/18/2015- 4:42:21.17","Wed 11/18/2015- 5:06:01.65",1447796541,1447797961,22381,1447796511,1447797987,30,26,1420,1476,56
"blast500k_test_pub_fileFULL_gr_4095","IS24T-06XX258-DT","Wed 11/18/2015- 4:35:02.69","Wed 11/18/2015- 4:50:43.12",1447796102,1447797043,22382,1447796090,1447797058,12,15,941,968,27
"blast500k_test_pub_fileFULL_gr_4096","IS24T-06XX297-DT","Wed 11/18/2015- 4:38:03.73","Wed 11/18/2015- 5:09:37.39",1447796283,1447798177,22383,1447796267,1447798212,16,35,1894,1945,51
"blast500k_test_pub_fileFULL_gr_4097","IS24T-06XX294-DT","Wed 11/18/2015- 4:55:35.03","Wed 11/18/2015- 5:16:20.02",1447797335,1447798580,22384,1447797322,1447798608,13,28,1245,1286,41
"blast500k_test_pub_fileFULL_gr_4098","IS24T-06XX284-DT","Wed 11/18/2015- 4:49:18.73","Wed 11/18/2015- 5:10:06.11",1447796958,1447798206,22385,1447796968,1447798269,-10,63,1248,1301,53
"blast500k_test_pub_fileFULL_gr_4099","IS24T-06XX253-DT","Wed 11/18/2015- 4:52:31.83","Wed 11/18/2015- 5:03:17.95",1447797151,1447797797,22386,1447797139,1447797813,12,16,646,674,28
"blast500k_test_pub_fileFULL_gr_41","IS24T-06XX282-DT","Tue 11/17/2015-17:45:48.72","Tue 11/17/2015-18:00:26.05",1447757148,1447758026,18328,1447757125,1447758053,23,27,878,928,50
"blast500k_test_pub_fileFULL_gr_410","IS24T-06XX293-DT","Tue 11/17/2015-18:35:05.67","Tue 11/17/2015-18:51:06.16",1447760105,1447761066,18697,1447760100,1447761100,5,34,961,1000,39
"blast500k_test_pub_fileFULL_gr_4100","IS24T-06XX289-DT","Wed 11/18/2015- 4:38:35.30","Wed 11/18/2015- 4:57:06.88",1447796315,1447797426,22387,1447796310,1447797460,5,34,1111,1150,39
"blast500k_test_pub_fileFULL_gr_4101","IS24T-06XX254-DT","Wed 11/18/2015- 4:53:35.65","Wed 11/18/2015- 5:16:46.07",1447797215,1447798606,22388,1447797186,1447798621,29,15,1391,1435,44
"blast500k_test_pub_fileFULL_gr_4102","IS24T-06XX293-DT","Wed 11/18/2015- 4:51:06.77","Wed 11/18/2015- 5:04:36.39",1447797066,1447797876,22389,1447797061,1447797912,5,36,810,851,41
"blast500k_test_pub_fileFULL_gr_4103","IS24T-06XX280-DT","Wed 11/18/2015- 4:41:17.44","Wed 11/18/2015- 4:50:15.39",1447796477,1447797015,22390,1447796614,1447797197,-137,182,538,583,45
"blast500k_test_pub_fileFULL_gr_4104","IS24T-06XX269-DT","Wed 11/18/2015- 4:58:14.87","Wed 11/18/2015- 5:22:55.97",1447797494,1447798975,22391,1447797481,1447799006,13,31,1481,1525,44
"blast500k_test_pub_fileFULL_gr_4105","IS24T-06XX295-DT","Wed 11/18/2015- 4:49:55.52","Wed 11/18/2015- 5:04:40.41",1447796995,1447797880,22392,1447797014,1447797939,-19,59,885,925,40
"blast500k_test_pub_fileFULL_gr_4106","IS24T-06XX285-DT","Wed 11/18/2015- 4:43:06.72","Wed 11/18/2015- 5:00:32.97",1447796586,1447797632,22393,1447796568,1447797658,18,26,1046,1090,44
"blast500k_test_pub_fileFULL_gr_4107","IS24T-06XX259-DT","Wed 11/18/2015- 5:19:48.68","Wed 11/18/2015- 5:34:32.96",1447798788,1447799672,22394,1447798762,1447799688,26,16,884,926,42
"blast500k_test_pub_fileFULL_gr_4108","IS24T-06XX291-DT","Wed 11/18/2015- 4:41:57.97","Wed 11/18/2015- 5:05:18.63",1447796517,1447797918,22395,1447796518,1447797944,-1,26,1401,1426,25
"blast500k_test_pub_fileFULL_gr_4109","IS24T-06XX273-DT","Wed 11/18/2015- 5:26:58.76","Wed 11/18/2015- 5:43:30.43",1447799218,1447800210,22396,1447799193,1447800223,25,13,992,1030,38
"blast500k_test_pub_fileFULL_gr_411","IS24T-06XX297-DT","Tue 11/17/2015-18:54:04.35","Tue 11/17/2015-19:15:12.86",1447761244,1447762512,18698,1447761228,1447762539,16,27,1268,1311,43
"blast500k_test_pub_fileFULL_gr_4110","IS24T-06XX297-DT","Wed 11/18/2015- 5:16:50.57","Wed 11/18/2015- 5:36:14.17",1447798610,1447799774,22397,1447798593,1447799810,17,36,1164,1217,53
"blast500k_test_pub_fileFULL_gr_4111","IS24T-06XX252-DT","Wed 11/18/2015- 4:38:49.44","Wed 11/18/2015- 4:49:50.79",1447796329,1447796990,22398,1447796305,1447797007,24,17,661,702,41
"blast500k_test_pub_fileFULL_gr_4112","IS24T-06XX295-DT","Wed 11/18/2015- 4:39:23.59","Wed 11/18/2015- 4:56:26.93",1447796363,1447797386,22399,1447796382,1447797448,-19,62,1023,1066,43
"blast500k_test_pub_fileFULL_gr_4113","IS24T-06XX274-DT","Wed 11/18/2015- 5:50:49.97","Wed 11/18/2015- 6:05:32.94",1447800649,1447801532,22400,1447800624,1447801551,25,19,883,927,44
"blast500k_test_pub_fileFULL_gr_4114","IS24T-06XX264-DT","Wed 11/18/2015- 4:51:01.17","Wed 11/18/2015- 5:17:15.56",1447797061,1447798635,22401,1447797030,1447798650,31,15,1574,1620,46
"blast500k_test_pub_fileFULL_gr_4115","IS24T-06XX271-DT","Wed 11/18/2015- 4:48:02.83","Wed 11/18/2015- 5:06:03.92",1447796882,1447797963,22402,1447796863,1447797982,19,19,1081,1119,38
"blast500k_test_pub_fileFULL_gr_4116","IS24T-06XX252-DT","Wed 11/18/2015- 4:41:58.35","Wed 11/18/2015- 4:56:55.57",1447796518,1447797415,22403,1447796505,1447797435,13,20,897,930,33
"blast500k_test_pub_fileFULL_gr_4117","IS24T-06XX286-DT","Wed 11/18/2015- 5:08:03.08","Wed 11/18/2015- 5:26:43.24",1447798083,1447799203,22404,1447798075,1447799231,8,28,1120,1156,36
"blast500k_test_pub_fileFULL_gr_4118","IS24T-06XX282-DT","Wed 11/18/2015- 5:09:15.75","Wed 11/18/2015- 5:24:22.94",1447798155,1447799062,22405,1447798151,1447799091,4,29,907,940,33
"blast500k_test_pub_fileFULL_gr_4119","IS24T-06XX263-DT","Wed 11/18/2015- 4:58:37.26","Wed 11/18/2015- 5:10:22.22",1447797517,1447798222,22406,1447797490,1447798237,27,15,705,747,42
"blast500k_test_pub_fileFULL_gr_412","IS24T-06XX263-DT","Tue 11/17/2015-18:46:54.30","Tue 11/17/2015-19:09:23.33",1447760814,1447762163,18699,1447760770,1447762177,44,14,1349,1407,58
"blast500k_test_pub_fileFULL_gr_4120","IS24T-06XX297-DT","Wed 11/18/2015- 4:59:22.99","Wed 11/18/2015- 5:18:50.14",1447797562,1447798730,22407,1447797550,1447798765,12,35,1168,1215,47
"blast500k_test_pub_fileFULL_gr_4121","IS24T-06XX288-DT","Wed 11/18/2015- 4:59:52.07","Wed 11/18/2015- 5:31:43.31",1447797592,1447799503,22408,1447797543,1447799514,49,11,1911,1971,60
"blast500k_test_pub_fileFULL_gr_4122","IS24T-06XX209-DT","Wed 11/18/2015- 4:45:55.43","Wed 11/18/2015- 5:05:32.31",1447796755,1447797932,22409,1447796777,1447798004,-22,72,1177,1227,50
"blast500k_test_pub_fileFULL_gr_4123","IS24T-06XX300-DT","Wed 11/18/2015- 5:11:16.63","Wed 11/18/2015- 5:20:01.35",1447798276,1447798801,22410,1447798271,1447798817,5,16,525,546,21
"blast500k_test_pub_fileFULL_gr_4124","IS24T-06XX261-DT","Wed 11/18/2015- 4:42:21.38","Wed 11/18/2015- 5:09:00.31",1447796541,1447798140,22411,1447796531,1447798159,10,19,1599,1628,29
"blast500k_test_pub_fileFULL_gr_4125","IS24T-06XX300-DT","Wed 11/18/2015- 4:48:05.63","Wed 11/18/2015- 5:10:43.45",1447796885,1447798243,22412,1447796852,1447798260,33,17,1358,1408,50
"blast500k_test_pub_fileFULL_gr_4126","IS24T-06XX258-DT","Wed 11/18/2015- 5:02:48.26","Wed 11/18/2015- 5:15:52.44",1447797768,1447798552,22413,1447797743,1447798568,25,16,784,825,41
"blast500k_test_pub_fileFULL_gr_4127","IS24T-06XX256-DT","Wed 11/18/2015- 4:55:05.14","Wed 11/18/2015- 5:07:55.75",1447797305,1447798075,22414,1447797259,1447798093,46,18,770,834,64
"blast500k_test_pub_fileFULL_gr_4128","IS24T-06XX274-DT","Wed 11/18/2015- 5:14:22.10","Wed 11/18/2015- 5:27:20.82",1447798462,1447799240,22415,1447798435,1447799257,27,17,778,822,44
"blast500k_test_pub_fileFULL_gr_4129","IS24T-06XX278-DT","Wed 11/18/2015- 4:47:44.20","Wed 11/18/2015- 5:04:36.17",1447796864,1447797876,22416,1447796857,1447797910,7,34,1012,1053,41
"blast500k_test_pub_fileFULL_gr_413","IS24T-06XX284-DT","Tue 11/17/2015-19:04:06.97","Tue 11/17/2015-19:18:28.78",1447761846,1447762708,18700,1447761866,1447762768,-20,60,862,902,40
"blast500k_test_pub_fileFULL_gr_4130","IS24T-06XX264-DT","Wed 11/18/2015- 5:17:45.03","Wed 11/18/2015- 5:42:07.83",1447798665,1447800127,22417,1447798637,1447800145,28,18,1462,1508,46
"blast500k_test_pub_fileFULL_gr_4131","IS24T-06XX281-DT","Wed 11/18/2015- 4:54:17.06","Wed 11/18/2015- 5:09:33.11",1447797257,1447798173,22418,1447797245,1447798202,12,29,916,957,41
"blast500k_test_pub_fileFULL_gr_4132","IS24T-06XX288-DT","Wed 11/18/2015- 4:43:47.80","Wed 11/18/2015- 5:02:16.28",1447796627,1447797736,22419,1447796583,1447797748,44,12,1109,1165,56
"blast500k_test_pub_fileFULL_gr_4133","IS24T-06XX280-DT","Wed 11/18/2015- 5:05:47.85","Wed 11/18/2015- 5:26:42.05",1447797947,1447799202,22420,1447798088,1447799384,-141,182,1255,1296,41
"blast500k_test_pub_fileFULL_gr_4134","IS24T-06XX269-DT","Wed 11/18/2015- 4:44:54.18","Wed 11/18/2015- 5:08:08.28",1447796694,1447798088,22421,1447796689,1447798118,5,30,1394,1429,35
"blast500k_test_pub_fileFULL_gr_4135","IS24T-06XX256-DT","Wed 11/18/2015- 4:40:51.50","Wed 11/18/2015- 4:54:19.96",1447796451,1447797259,22422,1447796437,1447797271,14,12,808,834,26
"blast500k_test_pub_fileFULL_gr_4136","IS24T-06XX271-DT","Wed 11/18/2015- 6:18:15.36","Wed 11/18/2015- 6:37:57.15",1447802295,1447803477,22423,1447802270,1447803493,25,16,1182,1223,41
"blast500k_test_pub_fileFULL_gr_4137","IS24T-06XX298-DT","Wed 11/18/2015- 4:50:44.88","Wed 11/18/2015- 5:08:36.16",1447797044,1447798116,22424,1447797088,1447798186,-44,70,1072,1098,26
"blast500k_test_pub_fileFULL_gr_4138","IS24T-06XX261-DT","Wed 11/18/2015- 4:41:06.34","Wed 11/18/2015- 4:53:06.33",1447796466,1447797186,22425,1447796440,1447797197,26,11,720,757,37
"blast500k_test_pub_fileFULL_gr_4139","IS24T-06XX264-DT","Wed 11/18/2015- 4:58:29.15","Wed 11/18/2015- 5:21:53.24",1447797509,1447798913,22426,1447797479,1447798927,30,14,1404,1448,44
"blast500k_test_pub_fileFULL_gr_414","IS24T-06XX280-DT","Tue 11/17/2015-18:42:37.62","Tue 11/17/2015-18:55:38.63",1447760557,1447761338,18701,1447760700,1447761519,-143,181,781,819,38
"blast500k_test_pub_fileFULL_gr_4140","IS24T-06XX278-DT","Wed 11/18/2015- 5:05:15.34","Wed 11/18/2015- 5:20:33.26",1447797915,1447798833,22427,1447797910,1447798868,5,35,918,958,40
"blast500k_test_pub_fileFULL_gr_4141","IS24T-06XX298-DT","Wed 11/18/2015- 4:48:48.72","Wed 11/18/2015- 5:03:26.24",1447796928,1447797806,22428,1447796957,1447797876,-29,70,878,919,41
"blast500k_test_pub_fileFULL_gr_4142","IS24T-06XX282-DT","Wed 11/18/2015- 4:46:33.69","Wed 11/18/2015- 5:08:57.78",1447796793,1447798137,22429,1447796775,1447798163,18,26,1344,1388,44
"blast500k_test_pub_fileFULL_gr_4143","IS24T-06XX268-DT","Wed 11/18/2015- 4:44:39.75","Wed 11/18/2015- 4:59:35.51",1447796679,1447797575,22430,1447796667,1447797592,12,17,896,925,29
"blast500k_test_pub_fileFULL_gr_4144","IS24T-06XX255-DT","Wed 11/18/2015- 5:13:24.29","Wed 11/18/2015- 5:27:05.38",1447798404,1447799225,22431,1447798377,1447799243,27,18,821,866,45
"blast500k_test_pub_fileFULL_gr_4145","IS24T-06XX257-DT","Wed 11/18/2015- 4:57:08.56","Wed 11/18/2015- 5:07:08.04",1447797428,1447798028,22432,1447797414,1447798043,14,15,600,629,29
"blast500k_test_pub_fileFULL_gr_4146","IS24T-06XX285-DT","Wed 11/18/2015- 5:03:57.27","Wed 11/18/2015- 5:18:33.01",1447797837,1447798713,22433,1447797804,1447798740,33,27,876,936,60
"blast500k_test_pub_fileFULL_gr_4147","IS24T-06XX298-DT","Wed 11/18/2015- 5:03:56.63","Wed 11/18/2015- 5:14:58.69",1447797836,1447798498,22434,1447797864,1447798560,-28,62,662,696,34
"blast500k_test_pub_fileFULL_gr_4148","IS24T-06XX291-DT","Wed 11/18/2015- 4:55:46.47","Wed 11/18/2015- 5:08:33.15",1447797346,1447798113,22435,1447797329,1447798141,17,28,767,812,45
"blast500k_test_pub_fileFULL_gr_4149","IS24T-06XX299-DT","Wed 11/18/2015- 4:45:00.01","Wed 11/18/2015- 4:56:56.15",1447796700,1447797416,22436,1447796713,1447797471,-13,55,716,758,42
"blast500k_test_pub_fileFULL_gr_415","IS24T-06XX297-DT","Tue 11/17/2015-19:15:55.11","Tue 11/17/2015-19:52:01.16",1447762555,1447764721,18702,1447762539,1447764746,16,25,2166,2207,41
"blast500k_test_pub_fileFULL_gr_4150","IS24T-06XX284-DT","Wed 11/18/2015- 5:10:42.22","Wed 11/18/2015- 5:34:18.04",1447798242,1447799658,22437,1447798257,1447799720,-15,62,1416,1463,47
"blast500k_test_pub_fileFULL_gr_4151","IS24T-06XX262-DT","Wed 11/18/2015- 4:52:12.14","Wed 11/18/2015- 5:13:07.88",1447797132,1447798387,22438,1447797108,1447798414,24,27,1255,1306,51
"blast500k_test_pub_fileFULL_gr_4152","IS24T-06XX254-DT","Wed 11/18/2015- 4:43:46.81","Wed 11/18/2015- 5:14:07.19",1447796626,1447798447,22439,1447796593,1447798464,33,17,1821,1871,50
"blast500k_test_pub_fileFULL_gr_4153","IS24T-06XX276-DT","Wed 11/18/2015- 5:34:03.03","Wed 11/18/2015- 5:53:04.23",1447799643,1447800784,22440,1447799619,1447800802,24,18,1141,1183,42
"blast500k_test_pub_fileFULL_gr_4154","IS24T-06XX209-DT","Wed 11/18/2015- 4:51:12.68","Wed 11/18/2015- 5:12:43.02",1447797072,1447798363,22441,1447797091,1447798430,-19,67,1291,1339,48
"blast500k_test_pub_fileFULL_gr_4155","IS24T-06XX292-DT","Wed 11/18/2015- 4:44:17.79","Wed 11/18/2015- 5:09:59.13",1447796657,1447798199,22442,1447796704,1447798283,-47,84,1542,1579,37
"blast500k_test_pub_fileFULL_gr_4156","IS24T-06XX273-DT","Wed 11/18/2015- 4:51:17.52","Wed 11/18/2015- 5:00:33.69",1447797077,1447797633,22443,1447797053,1447797648,24,15,556,595,39
"blast500k_test_pub_fileFULL_gr_4157","IS24T-06XX296-DT","Wed 11/18/2015- 4:45:17.83","Wed 11/18/2015- 4:57:51.22",1447796717,1447797471,22444,1447796713,1447797498,4,27,754,785,31
"blast500k_test_pub_fileFULL_gr_4158","IS24T-06XX255-DT","Wed 11/18/2015- 5:14:13.80","Wed 11/18/2015- 5:25:38.08",1447798453,1447799138,22445,1447798437,1447799156,16,18,685,719,34
"blast500k_test_pub_fileFULL_gr_4159","IS24T-06XX257-DT","Wed 11/18/2015- 4:44:57.83","Wed 11/18/2015- 4:56:49.32",1447796697,1447797409,22446,1447796682,1447797425,15,16,712,743,31
"blast500k_test_pub_fileFULL_gr_416","IS24T-06XX261-DT","Tue 11/17/2015-18:32:34.82","Tue 11/17/2015-18:56:37.82",1447759954,1447761397,18703,1447759932,1447761413,22,16,1443,1481,38
"blast500k_test_pub_fileFULL_gr_4160","IS24T-06XX280-DT","Wed 11/18/2015- 4:44:53.35","Wed 11/18/2015- 4:53:13.57",1447796693,1447797193,22447,1447796832,1447797373,-139,180,500,541,41
"blast500k_test_pub_fileFULL_gr_4161","IS24T-06XX299-DT","Wed 11/18/2015- 4:57:26.27","Wed 11/18/2015- 5:13:39.98",1447797446,1447798419,22448,1447797459,1447798474,-13,55,973,1015,42
"blast500k_test_pub_fileFULL_gr_4162","IS24T-06XX274-DT","Wed 11/18/2015- 5:02:31.05","Wed 11/18/2015- 5:14:49.39",1447797751,1447798489,22449,1447797728,1447798497,23,8,738,769,31
"blast500k_test_pub_fileFULL_gr_4163","IS24T-06XX274-DT","Wed 11/18/2015- 5:15:30.03","Wed 11/18/2015- 5:29:24.21",1447798530,1447799364,22450,1447798509,1447799378,21,14,834,869,35
"blast500k_test_pub_fileFULL_gr_4164","IS24T-06XX273-DT","Wed 11/18/2015- 5:20:39.13","Wed 11/18/2015- 5:35:18.37",1447798839,1447799718,22451,1447798818,1447799731,21,13,879,913,34
"blast500k_test_pub_fileFULL_gr_4165","IS24T-06XX255-DT","Wed 11/18/2015- 4:45:37.64","Wed 11/18/2015- 4:57:03.64",1447796737,1447797423,22452,1447796717,1447797438,20,15,686,721,35
"blast500k_test_pub_fileFULL_gr_4166","IS24T-06XX280-DT","Wed 11/18/2015- 4:50:35.61","Wed 11/18/2015- 5:10:13.00",1447797035,1447798213,22453,1447797183,1447798396,-148,183,1178,1213,35
"blast500k_test_pub_fileFULL_gr_4167","IS24T-06XX286-DT","Wed 11/18/2015- 4:55:52.65","Wed 11/18/2015- 5:10:49.83",1447797352,1447798249,22454,1447797343,1447798278,9,29,897,935,38
"blast500k_test_pub_fileFULL_gr_4168","IS24T-06XX295-DT","Wed 11/18/2015- 5:05:06.64","Wed 11/18/2015- 5:20:07.28",1447797906,1447798807,22455,1447797928,1447798866,-22,59,901,938,37
"blast500k_test_pub_fileFULL_gr_4169","IS24T-06XX293-DT","Wed 11/18/2015- 5:23:16.11","Wed 11/18/2015- 5:36:27.55",1447798996,1447799787,22456,1447798990,1447799824,6,37,791,834,43
"blast500k_test_pub_fileFULL_gr_417","IS24T-06XX297-DT","Tue 11/17/2015-18:31:44.91","Tue 11/17/2015-18:48:03.23",1447759904,1447760883,18704,1447759893,1447760914,11,31,979,1021,42
"blast500k_test_pub_fileFULL_gr_4170","IS24T-06XX299-DT","Wed 11/18/2015- 5:08:45.17","Wed 11/18/2015- 5:18:00.08",1447798125,1447798680,22457,1447798140,1447798733,-15,53,555,593,38
"blast500k_test_pub_fileFULL_gr_4171","IS24T-06XX299-DT","Wed 11/18/2015- 5:14:10.54","Wed 11/18/2015- 5:28:29.80",1447798450,1447799309,22458,1447798474,1447799363,-24,54,859,889,30
"blast500k_test_pub_fileFULL_gr_4172","IS24T-06XX264-DT","Wed 11/18/2015- 4:55:19.23","Wed 11/18/2015- 5:15:27.63",1447797319,1447798527,22459,1447797293,1447798542,26,15,1208,1249,41
"blast500k_test_pub_fileFULL_gr_4173","IS24T-06XX274-DT","Wed 11/18/2015- 5:27:50.34","Wed 11/18/2015- 5:50:22.46",1447799270,1447800622,22460,1447799245,1447800637,25,15,1352,1392,40
"blast500k_test_pub_fileFULL_gr_4174","IS24T-06XX300-DT","Wed 11/18/2015- 5:32:58.34","Wed 11/18/2015- 5:45:49.78",1447799578,1447800349,22461,1447799563,1447800374,15,25,771,811,40
"blast500k_test_pub_fileFULL_gr_4175","IS24T-06XX254-DT","Wed 11/18/2015- 4:47:58.39","Wed 11/18/2015- 5:24:45.96",1447796878,1447799085,22462,1447796848,1447799100,30,15,2207,2252,45
"blast500k_test_pub_fileFULL_gr_4176","IS24T-06XX277-DT","Wed 11/18/2015- 4:52:44.68","Wed 11/18/2015- 5:13:40.00",1447797164,1447798420,22463,1447797141,1447798439,23,19,1256,1298,42
"blast500k_test_pub_fileFULL_gr_4177","IS24T-06XX257-DT","Wed 11/18/2015- 5:48:23.39","Wed 11/18/2015- 6:03:45.49",1447800503,1447801425,22464,1447800476,1447801442,27,17,922,966,44
"blast500k_test_pub_fileFULL_gr_4178","IS24T-06XX267-DT","Wed 11/18/2015- 5:03:19.65","Wed 11/18/2015- 5:19:50.27",1447797799,1447798790,22465,1447797780,1447798807,19,17,991,1027,36
"blast500k_test_pub_fileFULL_gr_4179","IS24T-06XX286-DT","Wed 11/18/2015- 4:48:46.73","Wed 11/18/2015- 5:07:39.28",1447796926,1447798059,22466,1447796917,1447798087,9,28,1133,1170,37
"blast500k_test_pub_fileFULL_gr_418","IS24T-06XX276-DT","Tue 11/17/2015-18:31:10.74","Tue 11/17/2015-18:43:42.59",1447759870,1447760622,18705,1447759849,1447760641,21,19,752,792,40
"blast500k_test_pub_fileFULL_gr_4180","IS24T-06XX267-DT","Wed 11/18/2015- 4:58:44.95","Wed 11/18/2015- 5:13:49.92",1447797524,1447798429,22467,1447797499,1447798444,25,15,905,945,40
"blast500k_test_pub_fileFULL_gr_4181","IS24T-06XX289-DT","Wed 11/18/2015- 4:57:23.36","Wed 11/18/2015- 5:11:09.02",1447797443,1447798269,22468,1447797448,1447798300,-5,31,826,852,26
"blast500k_test_pub_fileFULL_gr_4182","IS24T-06XX256-DT","Wed 11/18/2015- 4:55:05.15","Wed 11/18/2015- 5:07:03.50",1447797305,1447798023,22469,1447797271,1447798042,34,19,718,771,53
"blast500k_test_pub_fileFULL_gr_4183","IS24T-06XX288-DT","Wed 11/18/2015- 5:40:21.93","Wed 11/18/2015- 6:06:43.50",1447800021,1447801603,22470,1447799977,1447801616,44,13,1582,1639,57
"blast500k_test_pub_fileFULL_gr_4184","IS24T-06XX296-DT","Wed 11/18/2015- 4:58:22.43","Wed 11/18/2015- 5:11:41.30",1447797502,1447798301,22471,1447797486,1447798319,16,18,799,833,34
"blast500k_test_pub_fileFULL_gr_4185","IS24T-06XX292-DT","Wed 11/18/2015- 4:47:42.66","Wed 11/18/2015- 4:58:34.50",1447796862,1447797514,22472,1447796916,1447797600,-54,86,652,684,32
"blast500k_test_pub_fileFULL_gr_4186","IS24T-06XX252-DT","Wed 11/18/2015- 5:03:11.80","Wed 11/18/2015- 5:19:16.14",1447797791,1447798756,22473,1447797780,1447798775,11,19,965,995,30
"blast500k_test_pub_fileFULL_gr_4187","IS24T-06XX253-DT","Wed 11/18/2015- 4:50:59.99","Wed 11/18/2015- 5:09:17.18",1447797059,1447798157,22474,1447797033,1447798175,26,18,1098,1142,44
"blast500k_test_pub_fileFULL_gr_4188","IS24T-06XX299-DT","Wed 11/18/2015- 4:48:38.66","Wed 11/18/2015- 5:08:15.50",1447796918,1447798095,22475,1447796931,1447798140,-13,45,1177,1209,32
"blast500k_test_pub_fileFULL_gr_4189","IS24T-06XX263-DT","Wed 11/18/2015- 4:52:11.20","Wed 11/18/2015- 5:07:27.77",1447797131,1447798047,22476,1447797104,1447798065,27,18,916,961,45
"blast500k_test_pub_fileFULL_gr_419","IS24T-06XX265-DT","Tue 11/17/2015-18:44:44.19","Tue 11/17/2015-19:06:53.30",1447760684,1447762013,18706,1447760660,1447762026,24,13,1329,1366,37
"blast500k_test_pub_fileFULL_gr_4190","IS24T-06XX277-DT","Wed 11/18/2015- 5:09:51.91","Wed 11/18/2015- 5:24:43.41",1447798191,1447799083,22477,1447798164,1447799102,27,19,892,938,46
"blast500k_test_pub_fileFULL_gr_4191","IS24T-06XX279-DT","Wed 11/18/2015- 4:53:52.92","Wed 11/18/2015- 5:19:31.01",1447797232,1447798771,22478,1447797236,1447798816,-4,45,1539,1580,41
"blast500k_test_pub_fileFULL_gr_4192","IS24T-06XX283-DT","Wed 11/18/2015- 5:05:51.59","Wed 11/18/2015- 5:19:38.07",1447797951,1447798778,22479,1447797942,1447798806,9,28,827,864,37
"blast500k_test_pub_fileFULL_gr_4193","IS24T-06XX297-DT","Wed 11/18/2015- 5:19:29.40","Wed 11/18/2015- 5:45:35.30",1447798769,1447800335,22480,1447798753,1447800369,16,34,1566,1616,50
"blast500k_test_pub_fileFULL_gr_4194","IS24T-06XX289-DT","Wed 11/18/2015- 4:55:03.87","Wed 11/18/2015- 5:08:22.80",1447797303,1447798102,22481,1447797297,1447798134,6,32,799,837,38
"blast500k_test_pub_fileFULL_gr_4195","IS24T-06XX262-DT","Wed 11/18/2015- 4:53:52.30","Wed 11/18/2015- 5:10:25.56",1447797232,1447798225,22482,1447797205,1447798252,27,27,993,1047,54
"blast500k_test_pub_fileFULL_gr_4196","IS24T-06XX256-DT","Wed 11/18/2015- 6:04:13.09","Wed 11/18/2015- 6:18:52.83",1447801453,1447802332,22483,1447801434,1447802348,19,16,879,914,35
"blast500k_test_pub_fileFULL_gr_4197","IS24T-06XX252-DT","Wed 11/18/2015- 4:57:29.61","Wed 11/18/2015- 5:14:54.88",1447797449,1447798494,22484,1447797422,1447798514,27,20,1045,1092,47
"blast500k_test_pub_fileFULL_gr_4198","IS24T-06XX288-DT","Wed 11/18/2015- 5:05:21.44","Wed 11/18/2015- 5:23:11.96",1447797921,1447798991,22485,1447797889,1447799002,32,11,1070,1113,43
"blast500k_test_pub_fileFULL_gr_4199","IS24T-06XX291-DT","Wed 11/18/2015- 5:08:51.39","Wed 11/18/2015- 5:26:50.06",1447798131,1447799210,22486,1447798128,1447799235,3,25,1079,1107,28
"blast500k_test_pub_fileFULL_gr_42","IS24T-06XX286-DT","Tue 11/17/2015-17:44:49.59","Tue 11/17/2015-17:56:20.26",1447757089,1447757780,18329,1447757058,1447757809,31,29,691,751,60
"blast500k_test_pub_fileFULL_gr_420","IS24T-06XX288-DT","Tue 11/17/2015-18:55:12.32","Tue 11/17/2015-19:15:05.88",1447761312,1447762505,18707,1447761268,1447762519,44,14,1193,1251,58
"blast500k_test_pub_fileFULL_gr_4200","IS24T-06XX266-DT","Wed 11/18/2015- 5:18:08.27","Wed 11/18/2015- 5:31:00.94",1447798688,1447799460,22487,1447798660,1447799480,28,20,772,820,48
"blast500k_test_pub_fileFULL_gr_4201","IS24T-06XX285-DT","Wed 11/18/2015- 5:19:06.03","Wed 11/18/2015- 5:31:08.39",1447798746,1447799468,22488,1447798740,1447799494,6,26,722,754,32
"blast500k_test_pub_fileFULL_gr_4202","IS24T-06XX268-DT","Wed 11/18/2015- 4:54:56.75","Wed 11/18/2015- 5:10:24.19",1447797296,1447798224,22489,1447797273,1447798239,23,15,928,966,38
"blast500k_test_pub_fileFULL_gr_4203","IS24T-06XX280-DT","Wed 11/18/2015- 4:53:40.83","Wed 11/18/2015- 5:05:15.75",1447797220,1447797915,22490,1447797361,1447798100,-141,185,695,739,44
"blast500k_test_pub_fileFULL_gr_4204","IS24T-06XX266-DT","Wed 11/18/2015- 5:06:38.29","Wed 11/18/2015- 5:17:25.69",1447797998,1447798645,22491,1447797971,1447798660,27,15,647,689,42
"blast500k_test_pub_fileFULL_gr_4205","IS24T-06XX258-DT","Wed 11/18/2015- 4:53:18.98","Wed 11/18/2015- 5:08:41.86",1447797198,1447798121,22492,1447797186,1447798136,12,15,923,950,27
"blast500k_test_pub_fileFULL_gr_4206","IS24T-06XX272-DT","Wed 11/18/2015- 5:01:29.90","Wed 11/18/2015- 5:14:36.30",1447797689,1447798476,22493,1447797666,1447798492,23,16,787,826,39
"blast500k_test_pub_fileFULL_gr_4207","IS24T-06XX291-DT","Wed 11/18/2015- 5:27:18.89","Wed 11/18/2015- 5:43:15.31",1447799238,1447800195,22494,1447799223,1447800222,15,27,957,999,42
"blast500k_test_pub_fileFULL_gr_4208","IS24T-06XX269-DT","Wed 11/18/2015- 5:08:37.66","Wed 11/18/2015- 5:21:37.36",1447798117,1447798897,22495,1447798106,1447798925,11,28,780,819,39
"blast500k_test_pub_fileFULL_gr_4209","IS24T-06XX272-DT","Wed 11/18/2015- 4:54:51.24","Wed 11/18/2015- 5:11:16.12",1447797291,1447798276,22496,1447797279,1447798295,12,19,985,1016,31
"blast500k_test_pub_fileFULL_gr_421","IS24T-06XX273-DT","Tue 11/17/2015-19:00:19.35","Tue 11/17/2015-19:24:01.61",1447761619,1447763041,18708,1447761598,1447763059,21,18,1422,1461,39
"blast500k_test_pub_fileFULL_gr_4210","IS24T-06XX267-DT","Wed 11/18/2015- 4:54:17.11","Wed 11/18/2015- 5:02:55.29",1447797257,1447797775,22497,1447797233,1447797792,24,17,518,559,41
"blast500k_test_pub_fileFULL_gr_4211","IS24T-06XX263-DT","Wed 11/18/2015- 5:10:45.66","Wed 11/18/2015- 5:22:32.24",1447798245,1447798952,22498,1447798224,1447798968,21,16,707,744,37
"blast500k_test_pub_fileFULL_gr_4212","IS24T-06XX296-DT","Wed 11/18/2015- 5:04:54.83","Wed 11/18/2015- 5:22:41.14",1447797894,1447798961,22499,1447797894,1447798988,0,27,1067,1094,27
"blast500k_test_pub_fileFULL_gr_4213","IS24T-06XX278-DT","Wed 11/18/2015- 5:31:27.95","Wed 11/18/2015- 5:58:27.05",1447799487,1447801107,22500,1447799490,1447801140,-3,33,1620,1650,30
"blast500k_test_pub_fileFULL_gr_4214","IS24T-06XX282-DT","Wed 11/18/2015- 4:56:54.81","Wed 11/18/2015- 5:06:38.64",1447797414,1447797998,22501,1447797398,1447798022,16,24,584,624,40
"blast500k_test_pub_fileFULL_gr_4215","IS24T-06XX265-DT","Wed 11/18/2015- 5:27:36.55","Wed 11/18/2015- 5:49:33.36",1447799256,1447800573,22502,1447799229,1447800590,27,17,1317,1361,44
"blast500k_test_pub_fileFULL_gr_4216","IS24T-06XX281-DT","Wed 11/18/2015- 4:56:54.17","Wed 11/18/2015- 5:14:29.03",1447797414,1447798469,22503,1447797399,1447798496,15,27,1055,1097,42
"blast500k_test_pub_fileFULL_gr_4217","IS24T-06XX287-DT","Wed 11/18/2015- 4:59:05.48","Wed 11/18/2015- 5:13:43.35",1447797545,1447798423,22504,1447797538,1447798456,7,33,878,918,40
"blast500k_test_pub_fileFULL_gr_4218","IS24T-06XX257-DT","Wed 11/18/2015- 4:55:07.33","Wed 11/18/2015- 5:15:18.40",1447797307,1447798518,22505,1447797294,1447798534,13,16,1211,1240,29
"blast500k_test_pub_fileFULL_gr_4219","IS24T-06XX293-DT","Wed 11/18/2015- 5:05:09.01","Wed 11/18/2015- 5:22:47.16",1447797909,1447798967,22506,1447797900,1447799002,9,35,1058,1102,44
"blast500k_test_pub_fileFULL_gr_422","IS24T-06XX263-DT","Tue 11/17/2015-18:36:28.79","Tue 11/17/2015-18:46:09.86",1447760188,1447760769,18709,1447760163,1447760782,25,13,581,619,38
"blast500k_test_pub_fileFULL_gr_4220","IS24T-06XX262-DT","Wed 11/18/2015- 5:11:01.05","Wed 11/18/2015- 5:35:10.80",1447798261,1447799710,22507,1447798240,1447799738,21,28,1449,1498,49
"blast500k_test_pub_fileFULL_gr_4221","IS24T-06XX275-DT","Wed 11/18/2015- 5:01:12.26","Wed 11/18/2015- 5:20:14.79",1447797672,1447798814,22508,1447797671,1447798843,1,29,1142,1172,30
"blast500k_test_pub_fileFULL_gr_4222","IS24T-06XX264-DT","Wed 11/18/2015- 4:57:18.61","Wed 11/18/2015- 5:25:58.83",1447797438,1447799158,22509,1447797414,1447799174,24,16,1720,1760,40
"blast500k_test_pub_fileFULL_gr_4223","IS24T-06XX283-DT","Wed 11/18/2015- 4:56:36.02","Wed 11/18/2015- 5:08:32.76",1447797396,1447798112,22510,1447797381,1447798141,15,29,716,760,44
"blast500k_test_pub_fileFULL_gr_4224","IS24T-06XX285-DT","Wed 11/18/2015- 5:03:58.08","Wed 11/18/2015- 5:15:11.13",1447797838,1447798511,22511,1447797816,1447798534,22,23,673,718,45
"blast500k_test_pub_fileFULL_gr_4225","IS24T-06XX271-DT","Wed 11/18/2015- 5:24:39.62","Wed 11/18/2015- 5:42:42.62",1447799079,1447800162,22512,1447799055,1447800178,24,16,1083,1123,40
"blast500k_test_pub_fileFULL_gr_4226","IS24T-06XX274-DT","Wed 11/18/2015- 4:58:53.36","Wed 11/18/2015- 5:13:49.80",1447797533,1447798429,22513,1447797507,1447798448,26,19,896,941,45
"blast500k_test_pub_fileFULL_gr_4227","IS24T-06XX284-DT","Wed 11/18/2015- 4:57:10.90","Wed 11/18/2015- 5:17:11.49",1447797430,1447798631,22514,1447797446,1447798693,-16,62,1201,1247,46
"blast500k_test_pub_fileFULL_gr_4228","IS24T-06XX266-DT","Wed 11/18/2015- 4:56:47.63","Wed 11/18/2015- 5:13:16.13",1447797407,1447798396,22515,1447797383,1447798415,24,19,989,1032,43
"blast500k_test_pub_fileFULL_gr_4229","IS24T-06XX255-DT","Wed 11/18/2015- 4:57:33.13","Wed 11/18/2015- 5:12:41.32",1447797453,1447798361,22516,1447797426,1447798377,27,16,908,951,43
"blast500k_test_pub_fileFULL_gr_423","IS24T-06XX276-DT","Tue 11/17/2015-18:40:16.76","Tue 11/17/2015-18:59:19.55",1447760416,1447761559,18710,1447760395,1447761576,21,17,1143,1181,38
"blast500k_test_pub_fileFULL_gr_4230","IS24T-06XX287-DT","Wed 11/18/2015- 5:14:25.50","Wed 11/18/2015- 5:33:48.34",1447798465,1447799628,22517,1447798467,1447799660,-2,32,1163,1193,30
"blast500k_test_pub_fileFULL_gr_4231","IS24T-06XX209-DT","Wed 11/18/2015- 5:33:45.30","Wed 11/18/2015- 6:01:58.87",1447799625,1447801318,22518,1447799645,1447801389,-20,71,1693,1744,51
"blast500k_test_pub_fileFULL_gr_4232","IS24T-06XX273-DT","Wed 11/18/2015- 5:04:15.68","Wed 11/18/2015- 5:20:02.98",1447797855,1447798802,22519,1447797843,1447798817,12,15,947,974,27
"blast500k_test_pub_fileFULL_gr_4233","IS24T-06XX259-DT","Wed 11/18/2015- 5:28:14.04","Wed 11/18/2015- 5:42:50.47",1447799294,1447800170,22520,1447799269,1447800189,25,19,876,920,44
"blast500k_test_pub_fileFULL_gr_4234","IS24T-06XX287-DT","Wed 11/18/2015- 5:00:19.07","Wed 11/18/2015- 5:11:07.35",1447797619,1447798267,22521,1447797625,1447798302,-6,35,648,677,29
"blast500k_test_pub_fileFULL_gr_4235","IS24T-06XX260-DT","Wed 11/18/2015- 5:01:38.78","Wed 11/18/2015- 5:11:18.55",1447797698,1447798278,22522,1447797675,1447798295,23,17,580,620,40
"blast500k_test_pub_fileFULL_gr_4236","IS24T-06XX209-DT","Wed 11/18/2015- 5:05:02.01","Wed 11/18/2015- 5:37:14.78",1447797902,1447799834,22523,1447797915,1447799905,-13,71,1932,1990,58
"blast500k_test_pub_fileFULL_gr_4237","IS24T-06XX253-DT","Wed 11/18/2015- 5:16:08.49","Wed 11/18/2015- 5:39:49.82",1447798568,1447799989,22524,1447798545,1447800008,23,19,1421,1463,42
"blast500k_test_pub_fileFULL_gr_4238","IS24T-06XX278-DT","Wed 11/18/2015- 4:57:32.43","Wed 11/18/2015- 5:26:14.43",1447797452,1447799174,22525,1447797441,1447799205,11,31,1722,1764,42
"blast500k_test_pub_fileFULL_gr_4239","IS24T-06XX276-DT","Wed 11/18/2015- 5:04:48.52","Wed 11/18/2015- 5:19:47.08",1447797888,1447798787,22526,1447797877,1447798804,11,17,899,927,28
"blast500k_test_pub_fileFULL_gr_424","IS24T-06XX254-DT","Tue 11/17/2015-18:38:24.57","Tue 11/17/2015-19:03:39.00",1447760304,1447761819,18711,1447760275,1447761837,29,18,1515,1562,47
"blast500k_test_pub_fileFULL_gr_4240","IS24T-06XX288-DT","Wed 11/18/2015- 5:02:50.26","Wed 11/18/2015- 5:30:22.14",1447797770,1447799422,22527,1447797737,1447799437,33,15,1652,1700,48
"blast500k_test_pub_fileFULL_gr_4241","IS24T-06XX272-DT","Wed 11/18/2015- 5:26:05.87","Wed 11/18/2015- 5:40:20.58",1447799165,1447800020,22528,1447799142,1447800037,23,17,855,895,40
"blast500k_test_pub_fileFULL_gr_4242","IS24T-06XX292-DT","Wed 11/18/2015- 4:59:17.84","Wed 11/18/2015- 5:18:12.43",1447797557,1447798692,22529,1447797600,1447798775,-43,83,1135,1175,40
"blast500k_test_pub_fileFULL_gr_4243","IS24T-06XX253-DT","Wed 11/18/2015- 5:10:01.38","Wed 11/18/2015- 5:30:40.03",1447798201,1447799440,22530,1447798175,1447799455,26,15,1239,1280,41
"blast500k_test_pub_fileFULL_gr_4244","IS24T-06XX276-DT","Wed 11/18/2015- 5:03:34.30","Wed 11/18/2015- 5:16:59.57",1447797814,1447798619,22531,1447797792,1447798638,22,19,805,846,41
"blast500k_test_pub_fileFULL_gr_4245","IS24T-06XX282-DT","Wed 11/18/2015- 5:07:04.94","Wed 11/18/2015- 5:20:20.08",1447798024,1447798820,22532,1447798011,1447798845,13,25,796,834,38
"blast500k_test_pub_fileFULL_gr_4246","IS24T-06XX289-DT","Wed 11/18/2015- 5:11:37.47","Wed 11/18/2015- 5:29:13.55",1447798297,1447799353,22533,1447798300,1447799385,-3,32,1056,1085,29
"blast500k_test_pub_fileFULL_gr_4247","IS24T-06XX298-DT","Wed 11/18/2015- 5:09:04.71","Wed 11/18/2015- 5:22:32.79",1447798144,1447798952,22534,1447798174,1447799021,-30,69,808,847,39
"blast500k_test_pub_fileFULL_gr_4248","IS24T-06XX264-DT","Wed 11/18/2015- 5:42:39.81","Wed 11/18/2015- 6:12:55.84",1447800159,1447801975,22535,1447800132,1447801989,27,14,1816,1857,41
"blast500k_test_pub_fileFULL_gr_4249","IS24T-06XX265-DT","Wed 11/18/2015- 5:09:11.87","Wed 11/18/2015- 5:27:03.89",1447798151,1447799223,22536,1447798122,1447799241,29,18,1072,1119,47
"blast500k_test_pub_fileFULL_gr_425","IS24T-06XX293-DT","Tue 11/17/2015-18:33:14.84","Tue 11/17/2015-18:48:43.14",1447759994,1447760923,18712,1447759994,1447760959,0,36,929,965,36
"blast500k_test_pub_fileFULL_gr_4250","IS24T-06XX278-DT","Wed 11/18/2015- 5:21:05.91","Wed 11/18/2015- 5:31:08.52",1447798865,1447799468,22537,1447798856,1447799504,9,36,603,648,45
"blast500k_test_pub_fileFULL_gr_4251","IS24T-06XX257-DT","Wed 11/18/2015- 5:16:03.78","Wed 11/18/2015- 5:31:32.25",1447798563,1447799492,22538,1447798534,1447799509,29,17,929,975,46
"blast500k_test_pub_fileFULL_gr_4252","IS24T-06XX265-DT","Wed 11/18/2015- 5:12:55.61","Wed 11/18/2015- 5:30:11.95",1447798375,1447799411,22539,1447798360,1447799426,15,15,1036,1066,30
"blast500k_test_pub_fileFULL_gr_4253","IS24T-06XX287-DT","Wed 11/18/2015- 5:28:42.27","Wed 11/18/2015- 5:42:17.83",1447799322,1447800137,22540,1447799318,1447800166,4,29,815,848,33
"blast500k_test_pub_fileFULL_gr_4254","IS24T-06XX279-DT","Wed 11/18/2015- 4:59:23.52","Wed 11/18/2015- 5:14:19.54",1447797563,1447798459,22541,1447797563,1447798505,0,46,896,942,46
"blast500k_test_pub_fileFULL_gr_4255","IS24T-06XX254-DT","Wed 11/18/2015- 5:14:41.78","Wed 11/18/2015- 5:34:43.86",1447798481,1447799683,22542,1447798452,1447799701,29,18,1202,1249,47
"blast500k_test_pub_fileFULL_gr_4256","IS24T-06XX278-DT","Wed 11/18/2015- 5:59:57.58","Wed 11/18/2015- 6:17:29.52",1447801197,1447802249,22543,1447801200,1447802284,-3,35,1052,1084,32
"blast500k_test_pub_fileFULL_gr_4257","IS24T-06XX277-DT","Wed 11/18/2015- 5:13:59.22","Wed 11/18/2015- 5:31:04.56",1447798439,1447799464,22544,1447798427,1447799479,12,15,1025,1052,27
"blast500k_test_pub_fileFULL_gr_4258","IS24T-06XX282-DT","Wed 11/18/2015- 6:10:08.06","Wed 11/18/2015- 6:24:17.33",1447801808,1447802657,22545,1447801792,1447802682,16,25,849,890,41
"blast500k_test_pub_fileFULL_gr_4259","IS24T-06XX281-DT","Wed 11/18/2015- 5:10:18.67","Wed 11/18/2015- 5:27:26.41",1447798218,1447799246,22546,1447798202,1447799274,16,28,1028,1072,44
"blast500k_test_pub_fileFULL_gr_426","IS24T-06XX273-DT","Tue 11/17/2015-18:33:05.86","Tue 11/17/2015-18:45:51.80",1447759985,1447760751,18713,1447759975,1447760768,10,17,766,793,27
"blast500k_test_pub_fileFULL_gr_4260","IS24T-06XX292-DT","Wed 11/18/2015- 5:18:52.85","Wed 11/18/2015- 5:32:20.19",1447798732,1447799540,22547,1447798775,1447799623,-43,83,808,848,40
"blast500k_test_pub_fileFULL_gr_4261","IS24T-06XX297-DT","Wed 11/18/2015- 5:30:48.29","Wed 11/18/2015- 5:57:17.58",1447799448,1447801037,22548,1447799421,1447801072,27,35,1589,1651,62
"blast500k_test_pub_fileFULL_gr_4262","IS24T-06XX260-DT","Wed 11/18/2015- 5:11:49.15","Wed 11/18/2015- 5:30:22.03",1447798309,1447799422,22549,1447798282,1447799440,27,18,1113,1158,45
"blast500k_test_pub_fileFULL_gr_4263","IS24T-06XX264-DT","Wed 11/18/2015- 5:16:04.15","Wed 11/18/2015- 5:41:00.70",1447798564,1447800060,22550,1447798530,1447800075,34,15,1496,1545,49
"blast500k_test_pub_fileFULL_gr_4264","IS24T-06XX260-DT","Wed 11/18/2015- 5:02:13.59","Wed 11/18/2015- 5:28:08.44",1447797733,1447799288,22551,1447797721,1447799303,12,15,1555,1582,27
"blast500k_test_pub_fileFULL_gr_4265","IS24T-06XX254-DT","Wed 11/18/2015- 5:25:21.71","Wed 11/18/2015- 5:53:31.53",1447799121,1447800811,22552,1447799089,1447800829,32,18,1690,1740,50
"blast500k_test_pub_fileFULL_gr_4266","IS24T-06XX283-DT","Wed 11/18/2015- 5:08:48.14","Wed 11/18/2015- 5:24:36.47",1447798128,1447799076,22553,1447798127,1447799102,1,26,948,975,27
"blast500k_test_pub_fileFULL_gr_4267","IS24T-06XX258-DT","Wed 11/18/2015- 5:23:57.56","Wed 11/18/2015- 5:44:46.55",1447799037,1447800286,22554,1447799018,1447800300,19,14,1249,1282,33
"blast500k_test_pub_fileFULL_gr_4268","IS24T-06XX271-DT","Wed 11/18/2015- 5:06:35.33","Wed 11/18/2015- 5:27:20.51",1447797995,1447799240,22555,1447797971,1447799259,24,19,1245,1288,43
"blast500k_test_pub_fileFULL_gr_4269","IS24T-06XX288-DT","Wed 11/18/2015- 5:23:46.38","Wed 11/18/2015- 5:41:28.90",1447799026,1447800088,22556,1447798990,1447800102,36,14,1062,1112,50
"blast500k_test_pub_fileFULL_gr_427","IS24T-06XX275-DT","Tue 11/17/2015-18:45:40.79","Tue 11/17/2015-19:02:44.49",1447760740,1447761764,18714,1447760729,1447761794,11,30,1024,1065,41
"blast500k_test_pub_fileFULL_gr_4270","IS24T-06XX261-DT","Wed 11/18/2015- 6:14:07.63","Wed 11/18/2015- 6:31:04.98",1447802047,1447803064,22557,1447802022,1447803080,25,16,1017,1058,41
"blast500k_test_pub_fileFULL_gr_4271","IS24T-06XX280-DT","Wed 11/18/2015- 5:10:42.13","Wed 11/18/2015- 5:29:58.83",1447798242,1447799398,22558,1447798385,1447799580,-143,182,1156,1195,39
"blast500k_test_pub_fileFULL_gr_4272","IS24T-06XX297-DT","Wed 11/18/2015- 5:10:11.75","Wed 11/18/2015- 5:29:34.55",1447798211,1447799374,22559,1447798200,1447799409,11,35,1163,1209,46
"blast500k_test_pub_fileFULL_gr_4273","IS24T-06XX209-DT","Wed 11/18/2015- 5:06:06.36","Wed 11/18/2015- 5:35:24.18",1447797966,1447799724,22560,1447797992,1447799796,-26,72,1758,1804,46
"blast500k_test_pub_fileFULL_gr_4274","IS24T-06XX257-DT","Wed 11/18/2015- 5:07:38.58","Wed 11/18/2015- 5:25:20.34",1447798058,1447799120,22561,1447798030,1447799137,28,17,1062,1107,45
"blast500k_test_pub_fileFULL_gr_4275","IS24T-06XX259-DT","Wed 11/18/2015- 5:07:38.50","Wed 11/18/2015- 5:19:18.02",1447798058,1447798758,22562,1447798016,1447798774,42,16,700,758,58
"blast500k_test_pub_fileFULL_gr_4276","IS24T-06XX279-DT","Wed 11/18/2015- 5:19:55.20","Wed 11/18/2015- 5:34:34.82",1447798795,1447799674,22563,1447798804,1447799721,-9,47,879,917,38
"blast500k_test_pub_fileFULL_gr_4277","IS24T-06XX291-DT","Wed 11/18/2015- 5:05:45.53","Wed 11/18/2015- 5:18:54.45",1447797945,1447798734,22564,1447797932,1447798763,13,29,789,831,42
"blast500k_test_pub_fileFULL_gr_4278","IS24T-06XX293-DT","Wed 11/18/2015- 5:11:07.84","Wed 11/18/2015- 5:28:40.33",1447798267,1447799320,22565,1447798272,1447799355,-5,35,1053,1083,30
"blast500k_test_pub_fileFULL_gr_4279","IS24T-06XX259-DT","Wed 11/18/2015- 5:07:38.76","Wed 11/18/2015- 5:27:47.88",1447798058,1447799267,22566,1447798028,1447799281,30,14,1209,1253,44
"blast500k_test_pub_fileFULL_gr_428","IS24T-06XX261-DT","Tue 11/17/2015-18:58:30.21","Tue 11/17/2015-19:10:01.85",1447761510,1447762201,18715,1447761487,1447762219,23,18,691,732,41
"blast500k_test_pub_fileFULL_gr_4280","IS24T-06XX297-DT","Wed 11/18/2015- 5:07:45.40","Wed 11/18/2015- 5:32:51.77",1447798065,1447799571,22567,1447798047,1447799607,18,36,1506,1560,54
"blast500k_test_pub_fileFULL_gr_4281","IS24T-06XX209-DT","Wed 11/18/2015- 5:15:38.92","Wed 11/18/2015- 5:35:24.99",1447798538,1447799724,22568,1447798560,1447799796,-22,72,1186,1236,50
"blast500k_test_pub_fileFULL_gr_4282","IS24T-06XX267-DT","Wed 11/18/2015- 6:08:16.00","Wed 11/18/2015- 6:19:44.88",1447801696,1447802384,22569,1447801673,1447802403,23,19,688,730,42
"blast500k_test_pub_fileFULL_gr_4283","IS24T-06XX279-DT","Wed 11/18/2015- 5:14:53.57","Wed 11/18/2015- 5:30:47.24",1447798493,1447799447,22570,1447798493,1447799493,0,46,954,1000,46
"blast500k_test_pub_fileFULL_gr_4284","IS24T-06XX261-DT","Wed 11/18/2015- 5:22:13.95","Wed 11/18/2015- 5:38:38.85",1447798933,1447799918,22571,1447798908,1447799936,25,18,985,1028,43
"blast500k_test_pub_fileFULL_gr_4285","IS24T-06XX284-DT","Wed 11/18/2015- 5:08:33.06","Wed 11/18/2015- 5:43:14.68",1447798113,1447800194,22572,1447798127,1447800258,-14,64,2081,2131,50
"blast500k_test_pub_fileFULL_gr_4286","IS24T-06XX262-DT","Wed 11/18/2015- 5:06:53.32","Wed 11/18/2015- 5:37:21.07",1447798013,1447799841,22573,1447797975,1447799868,38,27,1828,1893,65
"blast500k_test_pub_fileFULL_gr_4287","IS24T-06XX292-DT","Wed 11/18/2015- 5:10:28.82","Wed 11/18/2015- 5:33:33.74",1447798228,1447799613,22574,1447798271,1447799699,-43,86,1385,1428,43
"blast500k_test_pub_fileFULL_gr_4288","IS24T-06XX285-DT","Wed 11/18/2015- 5:15:49.53","Wed 11/18/2015- 5:33:24.99",1447798549,1447799604,22575,1447798534,1447799630,15,26,1055,1096,41
"blast500k_test_pub_fileFULL_gr_4289","IS24T-06XX266-DT","Wed 11/18/2015- 5:13:37.41","Wed 11/18/2015- 5:26:56.61",1447798417,1447799216,22576,1447798402,1447799228,15,12,799,826,27
"blast500k_test_pub_fileFULL_gr_429","IS24T-06XX255-DT","Tue 11/17/2015-18:36:36.34","Tue 11/17/2015-18:52:49.55",1447760196,1447761169,18716,1447760171,1447761184,25,15,973,1013,40
"blast500k_test_pub_fileFULL_gr_4290","IS24T-06XX263-DT","Wed 11/18/2015- 5:22:51.78","Wed 11/18/2015- 5:34:29.39",1447798971,1447799669,22577,1447798956,1447799686,15,17,698,730,32
"blast500k_test_pub_fileFULL_gr_4291","IS24T-06XX288-DT","Wed 11/18/2015- 5:31:13.06","Wed 11/18/2015- 5:56:14.74",1447799473,1447800974,22578,1447799425,1447800985,48,11,1501,1560,59
"blast500k_test_pub_fileFULL_gr_4292","IS24T-06XX296-DT","Wed 11/18/2015- 5:12:16.83","Wed 11/18/2015- 5:29:30.30",1447798336,1447799370,22579,1447798319,1447799388,17,18,1034,1069,35
"blast500k_test_pub_fileFULL_gr_4293","IS24T-06XX272-DT","Wed 11/18/2015- 5:14:53.42","Wed 11/18/2015- 5:27:29.33",1447798493,1447799249,22580,1447798479,1447799264,14,15,756,785,29
"blast500k_test_pub_fileFULL_gr_4294","IS24T-06XX256-DT","Wed 11/18/2015- 5:07:36.22","Wed 11/18/2015- 5:30:07.91",1447798056,1447799407,22581,1447798031,1447799425,25,18,1351,1394,43
"blast500k_test_pub_fileFULL_gr_4295","IS24T-06XX256-DT","Wed 11/18/2015- 5:23:40.25","Wed 11/18/2015- 5:39:09.09",1447799020,1447799949,22582,1447798995,1447799968,25,19,929,973,44
"blast500k_test_pub_fileFULL_gr_4296","IS24T-06XX300-DT","Wed 11/18/2015- 5:46:17.17","Wed 11/18/2015- 5:58:44.63",1447800377,1447801124,22583,1447800362,1447801150,15,26,747,788,41
"blast500k_test_pub_fileFULL_gr_4297","IS24T-06XX287-DT","Wed 11/18/2015- 5:11:33.06","Wed 11/18/2015- 5:28:15.96",1447798293,1447799295,22584,1447798290,1447799330,3,35,1002,1040,38
"blast500k_test_pub_fileFULL_gr_4298","IS24T-06XX262-DT","Wed 11/18/2015- 5:14:25.29","Wed 11/18/2015- 5:42:54.64",1447798465,1447800174,22585,1447798448,1447800200,17,26,1709,1752,43
"blast500k_test_pub_fileFULL_gr_4299","IS24T-06XX284-DT","Wed 11/18/2015- 5:17:51.20","Wed 11/18/2015- 5:28:45.46",1447798671,1447799325,22586,1447798681,1447799387,-10,62,654,706,52
"blast500k_test_pub_fileFULL_gr_43","IS24T-06XX254-DT","Tue 11/17/2015-17:43:37.03","Tue 11/17/2015-18:00:50.79",1447757017,1447758050,18330,1447756965,1447758068,52,18,1033,1103,70
"blast500k_test_pub_fileFULL_gr_430","IS24T-06XX260-DT","Tue 11/17/2015-20:05:17.24","Tue 11/17/2015-20:18:31.00",1447765517,1447766311,18717,1447765497,1447766327,20,16,794,830,36
"blast500k_test_pub_fileFULL_gr_4300","IS24T-06XX294-DT","Wed 11/18/2015- 5:18:21.47","Wed 11/18/2015- 5:32:50.07",1447798701,1447799570,22587,1447798702,1447799595,-1,25,869,893,24
"blast500k_test_pub_fileFULL_gr_4301","IS24T-06XX258-DT","Wed 11/18/2015- 5:09:08.51","Wed 11/18/2015- 5:23:36.37",1447798148,1447799016,22588,1447798124,1447799030,24,14,868,906,38
"blast500k_test_pub_fileFULL_gr_4302","IS24T-06XX276-DT","Wed 11/18/2015- 5:17:31.11","Wed 11/18/2015- 5:42:55.73",1447798651,1447800175,22589,1447798626,1447800192,25,17,1524,1566,42
"blast500k_test_pub_fileFULL_gr_4303","IS24T-06XX254-DT","Wed 11/18/2015- 5:17:30.64","Wed 11/18/2015- 5:40:24.28",1447798650,1447800024,22590,1447798622,1447800041,28,17,1374,1419,45
"blast500k_test_pub_fileFULL_gr_4304","IS24T-06XX296-DT","Wed 11/18/2015- 5:30:04.20","Wed 11/18/2015- 5:46:11.46",1447799404,1447800371,22591,1447799388,1447800397,16,26,967,1009,42
"blast500k_test_pub_fileFULL_gr_4305","IS24T-06XX261-DT","Wed 11/18/2015- 5:09:17.45","Wed 11/18/2015- 5:21:43.71",1447798157,1447798903,22592,1447798146,1447798920,11,17,746,774,28
"blast500k_test_pub_fileFULL_gr_4306","IS24T-06XX294-DT","Wed 11/18/2015- 5:16:48.06","Wed 11/18/2015- 5:31:48.48",1447798608,1447799508,22593,1447798598,1447799535,10,27,900,937,37
"blast500k_test_pub_fileFULL_gr_4307","IS24T-06XX260-DT","Wed 11/18/2015- 5:40:29.16","Wed 11/18/2015- 5:58:28.60",1447800029,1447801108,22594,1447800004,1447801122,25,14,1079,1118,39
"blast500k_test_pub_fileFULL_gr_4308","IS24T-06XX272-DT","Wed 11/18/2015- 5:11:45.98","Wed 11/18/2015- 5:25:35.51",1447798305,1447799135,22595,1447798283,1447799154,22,19,830,871,41
"blast500k_test_pub_fileFULL_gr_4309","IS24T-06XX286-DT","Wed 11/18/2015- 5:11:06.91","Wed 11/18/2015- 5:27:52.06",1447798266,1447799272,22596,1447798266,1447799301,0,29,1006,1035,29
"blast500k_test_pub_fileFULL_gr_431","IS24T-06XX294-DT","Tue 11/17/2015-18:34:14.11","Tue 11/17/2015-18:56:24.78",1447760054,1447761384,18718,1447760039,1447761413,15,29,1330,1374,44
"blast500k_test_pub_fileFULL_gr_4310","IS24T-06XX258-DT","Wed 11/18/2015- 6:03:27.47","Wed 11/18/2015- 6:27:08.94",1447801407,1447802828,22597,1447801394,1447802842,13,14,1421,1448,27
"blast500k_test_pub_fileFULL_gr_4311","IS24T-06XX254-DT","Wed 11/18/2015- 5:11:39.86","Wed 11/18/2015- 5:45:48.53",1447798299,1447800348,22598,1447798270,1447800365,29,17,2049,2095,46
"blast500k_test_pub_fileFULL_gr_4312","IS24T-06XX280-DT","Wed 11/18/2015- 5:45:46.00","Wed 11/18/2015- 6:05:09.84",1447800346,1447801509,22599,1447800487,1447801690,-141,181,1163,1203,40
"blast500k_test_pub_fileFULL_gr_4313","IS24T-06XX268-DT","Wed 11/18/2015- 5:10:51.00","Wed 11/18/2015- 5:23:51.08",1447798251,1447799031,22600,1447798226,1447799046,25,15,780,820,40
"blast500k_test_pub_fileFULL_gr_4314","IS24T-06XX275-DT","Wed 11/18/2015- 5:59:23.91","Wed 11/18/2015- 6:11:16.67",1447801163,1447801876,22601,1447801149,1447801903,14,27,713,754,41
"blast500k_test_pub_fileFULL_gr_4315","IS24T-06XX273-DT","Wed 11/18/2015- 5:35:52.99","Wed 11/18/2015- 5:57:04.72",1447799752,1447801024,22602,1447799731,1447801042,21,18,1272,1311,39
"blast500k_test_pub_fileFULL_gr_4316","IS24T-06XX294-DT","Wed 11/18/2015- 5:33:03.19","Wed 11/18/2015- 5:50:06.13",1447799583,1447800606,22603,1447799582,1447800634,1,28,1023,1052,29
"blast500k_test_pub_fileFULL_gr_4317","IS24T-06XX272-DT","Wed 11/18/2015- 5:27:47.30","Wed 11/18/2015- 5:39:25.62",1447799267,1447799965,22604,1447799253,1447799982,14,17,698,729,31
"blast500k_test_pub_fileFULL_gr_4318","IS24T-06XX267-DT","Wed 11/18/2015- 5:20:21.39","Wed 11/18/2015- 5:29:15.80",1447798821,1447799355,22605,1447798794,1447799376,27,21,534,582,48
"blast500k_test_pub_fileFULL_gr_4319","IS24T-06XX277-DT","Wed 11/18/2015- 5:42:32.46","Wed 11/18/2015- 6:01:23.13",1447800152,1447801283,22606,1447800124,1447801296,28,13,1131,1172,41
"blast500k_test_pub_fileFULL_gr_432","IS24T-06XX298-DT","Tue 11/17/2015-18:33:34.09","Tue 11/17/2015-18:46:25.55",1447760014,1447760785,18719,1447760044,1447760847,-30,62,771,803,32
"blast500k_test_pub_fileFULL_gr_4320","IS24T-06XX300-DT","Wed 11/18/2015- 5:20:22.43","Wed 11/18/2015- 5:36:52.45",1447798822,1447799812,22607,1447798817,1447799839,5,27,990,1022,32
"blast500k_test_pub_fileFULL_gr_4321","IS24T-06XX275-DT","Wed 11/18/2015- 5:20:35.09","Wed 11/18/2015- 5:40:47.80",1447798835,1447800047,22608,1447798831,1447800072,4,25,1212,1241,29
"blast500k_test_pub_fileFULL_gr_4322","IS24T-06XX286-DT","Wed 11/18/2015- 5:27:11.37","Wed 11/18/2015- 5:41:19.92",1447799231,1447800079,22609,1447799219,1447800111,12,32,848,892,44
"blast500k_test_pub_fileFULL_gr_4323","IS24T-06XX263-DT","Wed 11/18/2015- 6:09:00.51","Wed 11/18/2015- 6:22:43.23",1447801740,1447802563,22610,1447801719,1447802579,21,16,823,860,37
"blast500k_test_pub_fileFULL_gr_4324","IS24T-06XX269-DT","Wed 11/18/2015- 5:44:25.82","Wed 11/18/2015- 6:00:11.55",1447800265,1447801211,22611,1447800260,1447801240,5,29,946,980,34
"blast500k_test_pub_fileFULL_gr_4325","IS24T-06XX268-DT","Wed 11/18/2015- 5:24:10.07","Wed 11/18/2015- 5:39:17.16",1447799050,1447799957,22612,1447799034,1447799974,16,17,907,940,33
"blast500k_test_pub_fileFULL_gr_4326","IS24T-06XX209-DT","Wed 11/18/2015- 5:13:14.47","Wed 11/18/2015- 5:33:08.69",1447798394,1447799588,22613,1447798419,1447799657,-25,69,1194,1238,44
"blast500k_test_pub_fileFULL_gr_4327","IS24T-06XX252-DT","Wed 11/18/2015- 5:15:28.38","Wed 11/18/2015- 5:31:21.33",1447798528,1447799481,22614,1447798501,1447799497,27,16,953,996,43
"blast500k_test_pub_fileFULL_gr_4328","IS24T-06XX260-DT","Wed 11/18/2015- 5:28:38.28","Wed 11/18/2015- 5:40:01.79",1447799318,1447800001,22615,1447799292,1447800016,26,15,683,724,41
"blast500k_test_pub_fileFULL_gr_4329","IS24T-06XX287-DT","Wed 11/18/2015- 5:34:21.04","Wed 11/18/2015- 5:53:58.28",1447799661,1447800838,22616,1447799660,1447800868,1,30,1177,1208,31
"blast500k_test_pub_fileFULL_gr_433","IS24T-06XX300-DT","Tue 11/17/2015-18:42:05.44","Tue 11/17/2015-18:56:29.96",1447760525,1447761389,18720,1447760508,1447761414,17,25,864,906,42
"blast500k_test_pub_fileFULL_gr_4330","IS24T-06XX267-DT","Wed 11/18/2015- 5:56:49.22","Wed 11/18/2015- 6:07:49.88",1447801009,1447801669,22617,1447800985,1447801685,24,16,660,700,40
"blast500k_test_pub_fileFULL_gr_4331","IS24T-06XX268-DT","Wed 11/18/2015- 5:31:45.03","Wed 11/18/2015- 5:52:27.88",1447799505,1447800747,22618,1447799481,1447800767,24,20,1242,1286,44
"blast500k_test_pub_fileFULL_gr_4332","IS24T-06XX278-DT","Wed 11/18/2015- 5:58:58.91","Wed 11/18/2015- 6:10:29.84",1447801138,1447801829,22619,1447801128,1447801862,10,33,691,734,43
"blast500k_test_pub_fileFULL_gr_4333","IS24T-06XX273-DT","Wed 11/18/2015- 5:13:27.65","Wed 11/18/2015- 5:26:30.82",1447798407,1447799190,22620,1447798385,1447799206,22,16,783,821,38
"blast500k_test_pub_fileFULL_gr_4334","IS24T-06XX295-DT","Wed 11/18/2015- 5:13:42.21","Wed 11/18/2015- 5:33:40.72",1447798422,1447799620,22621,1447798453,1447799678,-31,58,1198,1225,27
"blast500k_test_pub_fileFULL_gr_4335","IS24T-06XX258-DT","Wed 11/18/2015- 5:16:23.88","Wed 11/18/2015- 5:27:14.50",1447798583,1447799234,22622,1447798556,1447799252,27,18,651,696,45
"blast500k_test_pub_fileFULL_gr_4336","IS24T-06XX283-DT","Wed 11/18/2015- 5:24:56.84","Wed 11/18/2015- 5:40:52.88",1447799096,1447800052,22623,1447799091,1447800081,5,29,956,990,34
"blast500k_test_pub_fileFULL_gr_4337","IS24T-06XX285-DT","Wed 11/18/2015- 5:31:38.39","Wed 11/18/2015- 5:44:27.33",1447799498,1447800267,22624,1447799481,1447800292,17,25,769,811,42
"blast500k_test_pub_fileFULL_gr_4338","IS24T-06XX262-DT","Wed 11/18/2015- 5:13:41.92","Wed 11/18/2015- 5:39:33.71",1447798421,1447799973,22625,1447798403,1447799997,18,24,1552,1594,42
"blast500k_test_pub_fileFULL_gr_4339","IS24T-06XX263-DT","Wed 11/18/2015- 5:21:32.96","Wed 11/18/2015- 5:37:49.37",1447798892,1447799869,22626,1447798865,1447799883,27,14,977,1018,41
"blast500k_test_pub_fileFULL_gr_434","IS24T-06XX292-DT","Tue 11/17/2015-18:35:12.23","Tue 11/17/2015-18:54:50.41",1447760112,1447761290,18721,1447760153,1447761372,-41,82,1178,1219,41
"blast500k_test_pub_fileFULL_gr_4340","IS24T-06XX258-DT","Wed 11/18/2015- 5:27:44.80","Wed 11/18/2015- 5:38:41.61",1447799264,1447799921,22627,1447799240,1447799934,24,13,657,694,37
"blast500k_test_pub_fileFULL_gr_4341","IS24T-06XX262-DT","Wed 11/18/2015- 5:55:48.29","Wed 11/18/2015- 6:22:24.38",1447800948,1447802544,22628,1447800927,1447802572,21,28,1596,1645,49
"blast500k_test_pub_fileFULL_gr_4342","IS24T-06XX272-DT","Wed 11/18/2015- 6:58:04.74","Wed 11/18/2015- 7:08:16.03",1447804684,1447805296,22629,1447804659,1447805313,25,17,612,654,42
"blast500k_test_pub_fileFULL_gr_4343","IS24T-06XX296-DT","Wed 11/18/2015- 5:23:09.15","Wed 11/18/2015- 5:31:16.13",1447798989,1447799476,22630,1447798976,1447799494,13,18,487,518,31
"blast500k_test_pub_fileFULL_gr_4344","IS24T-06XX266-DT","Wed 11/18/2015- 6:39:30.61","Wed 11/18/2015- 6:53:06.69",1447803570,1447804386,22631,1447803544,1447804405,26,19,816,861,45
"blast500k_test_pub_fileFULL_gr_4345","IS24T-06XX281-DT","Wed 11/18/2015- 5:14:54.57","Wed 11/18/2015- 5:30:16.12",1447798494,1447799416,22632,1447798484,1447799438,10,22,922,954,32
"blast500k_test_pub_fileFULL_gr_4346","IS24T-06XX295-DT","Wed 11/18/2015- 5:38:53.27","Wed 11/18/2015- 5:57:22.28",1447799933,1447801042,22633,1447799951,1447801101,-18,59,1109,1150,41
"blast500k_test_pub_fileFULL_gr_4347","IS24T-06XX268-DT","Wed 11/18/2015- 5:21:22.78","Wed 11/18/2015- 5:31:13.69",1447798882,1447799473,22634,1447798859,1447799493,23,20,591,634,43
"blast500k_test_pub_fileFULL_gr_4348","IS24T-06XX252-DT","Wed 11/18/2015- 5:31:50.93","Wed 11/18/2015- 5:48:25.55",1447799510,1447800505,22635,1447799485,1447800523,25,18,995,1038,43
"blast500k_test_pub_fileFULL_gr_4349","IS24T-06XX258-DT","Wed 11/18/2015- 5:39:06.48","Wed 11/18/2015- 5:51:37.05",1447799946,1447800697,22636,1447799923,1447800710,23,13,751,787,36
"blast500k_test_pub_fileFULL_gr_435","IS24T-06XX295-DT","Tue 11/17/2015-18:40:03.87","Tue 11/17/2015-18:57:55.72",1447760403,1447761475,18722,1447760423,1447761538,-20,63,1072,1115,43
"blast500k_test_pub_fileFULL_gr_4350","IS24T-06XX298-DT","Wed 11/18/2015- 5:15:28.92","Wed 11/18/2015- 5:28:55.35",1447798528,1447799335,22637,1447798560,1447799397,-32,62,807,837,30
"blast500k_test_pub_fileFULL_gr_4351","IS24T-06XX252-DT","Wed 11/18/2015- 5:19:34.21","Wed 11/18/2015- 5:43:35.71",1447798774,1447800215,22638,1447798763,1447800235,11,20,1441,1472,31
"blast500k_test_pub_fileFULL_gr_4352","IS24T-06XX293-DT","Wed 11/18/2015- 5:36:56.00","Wed 11/18/2015- 5:46:32.14",1447799816,1447800392,22639,1447799811,1447800424,5,32,576,613,37
"blast500k_test_pub_fileFULL_gr_4353","IS24T-06XX287-DT","Wed 11/18/2015- 5:42:48.92","Wed 11/18/2015- 5:55:28.52",1447800168,1447800928,22640,1447800166,1447800958,2,30,760,792,32
"blast500k_test_pub_fileFULL_gr_4354","IS24T-06XX295-DT","Wed 11/18/2015- 5:20:37.24","Wed 11/18/2015- 5:38:11.62",1447798837,1447799891,22641,1447798855,1447799951,-18,60,1054,1096,42
"blast500k_test_pub_fileFULL_gr_4355","IS24T-06XX288-DT","Wed 11/18/2015- 5:32:19.46","Wed 11/18/2015- 5:56:21.16",1447799539,1447800981,22642,1447799502,1447800985,37,4,1442,1483,41
"blast500k_test_pub_fileFULL_gr_4356","IS24T-06XX289-DT","Wed 11/18/2015- 5:33:07.36","Wed 11/18/2015- 5:52:24.11",1447799587,1447800744,22643,1447799589,1447800775,-2,31,1157,1186,29
"blast500k_test_pub_fileFULL_gr_4357","IS24T-06XX257-DT","Wed 11/18/2015- 5:25:52.43","Wed 11/18/2015- 5:47:43.19",1447799152,1447800463,22644,1447799125,1447800476,27,13,1311,1351,40
"blast500k_test_pub_fileFULL_gr_4358","IS24T-06XX288-DT","Wed 11/18/2015- 5:17:18.54","Wed 11/18/2015- 5:39:36.42",1447798638,1447799976,22645,1447798579,1447799989,59,13,1338,1410,72
"blast500k_test_pub_fileFULL_gr_4359","IS24T-06XX299-DT","Wed 11/18/2015- 5:18:28.31","Wed 11/18/2015- 5:36:38.29",1447798708,1447799798,22646,1447798722,1447799851,-14,53,1090,1129,39
"blast500k_test_pub_fileFULL_gr_436","IS24T-06XX209-DT","Tue 11/17/2015-18:40:40.70","Tue 11/17/2015-19:06:49.46",1447760440,1447762009,18723,1447760463,1447762080,-23,71,1569,1617,48
"blast500k_test_pub_fileFULL_gr_4360","IS24T-06XX296-DT","Wed 11/18/2015- 5:31:33.65","Wed 11/18/2015- 5:45:19.47",1447799493,1447800319,22647,1447799494,1447800346,-1,27,826,852,26
"blast500k_test_pub_fileFULL_gr_4361","IS24T-06XX300-DT","Wed 11/18/2015- 5:18:35.74","Wed 11/18/2015- 5:32:29.70",1447798715,1447799549,22648,1447798702,1447799575,13,26,834,873,39
"blast500k_test_pub_fileFULL_gr_4362","IS24T-06XX277-DT","Wed 11/18/2015- 5:25:20.50","Wed 11/18/2015- 5:41:56.76",1447799120,1447800116,22649,1447799090,1447800136,30,20,996,1046,50
"blast500k_test_pub_fileFULL_gr_4363","IS24T-06XX266-DT","Wed 11/18/2015- 5:27:34.34","Wed 11/18/2015- 5:39:08.81",1447799254,1447799948,22650,1447799228,1447799967,26,19,694,739,45
"blast500k_test_pub_fileFULL_gr_4364","IS24T-06XX255-DT","Wed 11/18/2015- 5:27:27.60","Wed 11/18/2015- 5:42:57.98",1447799247,1447800177,22651,1447799231,1447800195,16,18,930,964,34
"blast500k_test_pub_fileFULL_gr_4365","IS24T-06XX285-DT","Wed 11/18/2015- 5:33:41.33","Wed 11/18/2015- 5:49:47.82",1447799621,1447800587,22652,1447799618,1447800615,3,28,966,997,31
"blast500k_test_pub_fileFULL_gr_4366","IS24T-06XX288-DT","Wed 11/18/2015- 5:42:17.86","Wed 11/18/2015- 6:08:39.53",1447800137,1447801719,22653,1447800090,1447801734,47,15,1582,1644,62
"blast500k_test_pub_fileFULL_gr_4367","IS24T-06XX209-DT","Wed 11/18/2015- 5:37:37.25","Wed 11/18/2015- 6:05:49.96",1447799857,1447801549,22654,1447799894,1447801614,-37,65,1692,1720,28
"blast500k_test_pub_fileFULL_gr_4368","IS24T-06XX284-DT","Wed 11/18/2015- 5:29:40.75","Wed 11/18/2015- 5:54:08.22",1447799380,1447800848,22655,1447799375,1447800912,5,64,1468,1537,69
"blast500k_test_pub_fileFULL_gr_4369","IS24T-06XX283-DT","Wed 11/18/2015- 5:20:06.64","Wed 11/18/2015- 5:35:59.70",1447798806,1447799759,22656,1447798794,1447799790,12,31,953,996,43
"blast500k_test_pub_fileFULL_gr_437","IS24T-06XX264-DT","Tue 11/17/2015-18:42:22.57","Tue 11/17/2015-18:52:22.00",1447760542,1447761142,18724,1447760515,1447761157,27,15,600,642,42
"blast500k_test_pub_fileFULL_gr_4370","IS24T-06XX266-DT","Wed 11/18/2015- 5:46:14.29","Wed 11/18/2015- 6:01:13.03",1447800374,1447801273,22657,1447800352,1447801288,22,15,899,936,37
"blast500k_test_pub_fileFULL_gr_4371","IS24T-06XX293-DT","Wed 11/18/2015- 5:29:13.62","Wed 11/18/2015- 5:41:01.56",1447799353,1447800061,22658,1447799343,1447800097,10,36,708,754,46
"blast500k_test_pub_fileFULL_gr_4372","IS24T-06XX256-DT","Wed 11/18/2015- 5:39:41.20","Wed 11/18/2015- 6:03:47.25",1447799981,1447801427,22659,1447799956,1447801445,25,18,1446,1489,43
"blast500k_test_pub_fileFULL_gr_4373","IS24T-06XX298-DT","Wed 11/18/2015- 5:29:28.89","Wed 11/18/2015- 5:46:56.03",1447799368,1447800416,22660,1447799397,1447800485,-29,69,1048,1088,40
"blast500k_test_pub_fileFULL_gr_4374","IS24T-06XX278-DT","Wed 11/18/2015- 5:26:49.90","Wed 11/18/2015- 5:42:32.11",1447799209,1447800152,22661,1447799192,1447800186,17,34,943,994,51
"blast500k_test_pub_fileFULL_gr_4375","IS24T-06XX253-DT","Wed 11/18/2015- 5:31:08.87","Wed 11/18/2015- 5:42:55.67",1447799468,1447800175,22662,1447799443,1447800194,25,19,707,751,44
"blast500k_test_pub_fileFULL_gr_4376","IS24T-06XX276-DT","Wed 11/18/2015- 5:20:04.48","Wed 11/18/2015- 5:33:35.02",1447798804,1447799615,22663,1447798792,1447799631,12,16,811,839,28
"blast500k_test_pub_fileFULL_gr_4377","IS24T-06XX267-DT","Wed 11/18/2015- 5:30:05.56","Wed 11/18/2015- 5:42:22.82",1447799405,1447800142,22664,1447799389,1447800162,16,20,737,773,36
"blast500k_test_pub_fileFULL_gr_4378","IS24T-06XX291-DT","Wed 11/18/2015- 5:19:36.83","Wed 11/18/2015- 5:29:21.42",1447798776,1447799361,22665,1447798763,1447799385,13,24,585,622,37
"blast500k_test_pub_fileFULL_gr_4379","IS24T-06XX282-DT","Wed 11/18/2015- 5:20:47.92","Wed 11/18/2015- 5:32:36.97",1447798847,1447799556,22666,1447798833,1447799576,14,20,709,743,34
"blast500k_test_pub_fileFULL_gr_438","IS24T-06XX280-DT","Tue 11/17/2015-18:56:04.56","Tue 11/17/2015-19:12:57.03",1447761364,1447762377,18725,1447761507,1447762558,-143,181,1013,1051,38
"blast500k_test_pub_fileFULL_gr_4380","IS24T-06XX261-DT","Wed 11/18/2015- 5:27:27.52","Wed 11/18/2015- 5:42:03.01",1447799247,1447800123,22667,1447799222,1447800142,25,19,876,920,44
"blast500k_test_pub_fileFULL_gr_4381","IS24T-06XX256-DT","Wed 11/18/2015- 5:30:37.96","Wed 11/18/2015- 5:48:24.04",1447799437,1447800504,22668,1447799413,1447800521,24,17,1067,1108,41
"blast500k_test_pub_fileFULL_gr_4382","IS24T-06XX299-DT","Wed 11/18/2015- 5:59:22.26","Wed 11/18/2015- 6:15:37.35",1447801162,1447802137,22669,1447801188,1447802182,-26,45,975,994,19
"blast500k_test_pub_fileFULL_gr_4383","IS24T-06XX294-DT","Wed 11/18/2015- 5:32:13.88","Wed 11/18/2015- 5:47:53.56",1447799533,1447800473,22670,1447799522,1447800503,11,30,940,981,41
"blast500k_test_pub_fileFULL_gr_4384","IS24T-06XX280-DT","Wed 11/18/2015- 5:30:27.22","Wed 11/18/2015- 5:46:48.41",1447799427,1447800408,22671,1447799569,1447800589,-142,181,981,1020,39
"blast500k_test_pub_fileFULL_gr_4385","IS24T-06XX257-DT","Wed 11/18/2015- 5:52:34.97","Wed 11/18/2015- 6:09:14.77",1447800754,1447801754,22672,1447800741,1447801769,13,15,1000,1028,28
"blast500k_test_pub_fileFULL_gr_4386","IS24T-06XX269-DT","Wed 11/18/2015- 5:22:03.69","Wed 11/18/2015- 5:34:41.26",1447798923,1447799681,22673,1447798913,1447799714,10,33,758,801,43
"blast500k_test_pub_fileFULL_gr_4387","IS24T-06XX281-DT","Wed 11/18/2015- 5:30:46.57","Wed 11/18/2015- 5:44:08.72",1447799446,1447800248,22674,1447799438,1447800278,8,30,802,840,38
"blast500k_test_pub_fileFULL_gr_4388","IS24T-06XX267-DT","Wed 11/18/2015- 5:29:49.74","Wed 11/18/2015- 5:51:16.69",1447799389,1447800676,22675,1447799363,1447800695,26,19,1287,1332,45
"blast500k_test_pub_fileFULL_gr_4389","IS24T-06XX292-DT","Wed 11/18/2015- 5:32:49.21","Wed 11/18/2015- 5:50:49.28",1447799569,1447800649,22676,1447799611,1447800731,-42,82,1080,1120,40
"blast500k_test_pub_fileFULL_gr_439","IS24T-06XX279-DT","Tue 11/17/2015-18:34:38.36","Tue 11/17/2015-18:49:02.86",1447760078,1447760942,18726,1447760083,1447760985,-5,43,864,902,38
"blast500k_test_pub_fileFULL_gr_4390","IS24T-06XX269-DT","Wed 11/18/2015- 5:23:10.66","Wed 11/18/2015- 5:43:58.32",1447798990,1447800238,22677,1447798993,1447800271,-3,33,1248,1278,30
"blast500k_test_pub_fileFULL_gr_4391","IS24T-06XX261-DT","Wed 11/18/2015- 5:39:07.34","Wed 11/18/2015- 5:53:19.09",1447799947,1447800799,22678,1447799924,1447800814,23,15,852,890,38
"blast500k_test_pub_fileFULL_gr_4392","IS24T-06XX292-DT","Wed 11/18/2015- 5:33:52.61","Wed 11/18/2015- 5:50:57.12",1447799632,1447800657,22679,1447799686,1447800744,-54,87,1025,1058,33
"blast500k_test_pub_fileFULL_gr_4393","IS24T-06XX300-DT","Wed 11/18/2015- 5:54:36.75","Wed 11/18/2015- 6:05:19.22",1447800876,1447801519,22680,1447800871,1447801540,5,21,643,669,26
"blast500k_test_pub_fileFULL_gr_4394","IS24T-06XX298-DT","Wed 11/18/2015- 5:23:17.16","Wed 11/18/2015- 5:38:22.18",1447798997,1447799902,22681,1447799032,1447799972,-35,70,905,940,35
"blast500k_test_pub_fileFULL_gr_4395","IS24T-06XX276-DT","Wed 11/18/2015- 5:43:49.88","Wed 11/18/2015- 6:06:34.08",1447800229,1447801594,22682,1447800203,1447801610,26,16,1365,1407,42
"blast500k_test_pub_fileFULL_gr_4396","IS24T-06XX260-DT","Wed 11/18/2015- 5:58:43.95","Wed 11/18/2015- 6:18:06.81",1447801123,1447802286,22683,1447801110,1447802302,13,16,1163,1192,29
"blast500k_test_pub_fileFULL_gr_4397","IS24T-06XX286-DT","Wed 11/18/2015- 5:28:09.41","Wed 11/18/2015- 5:39:09.14",1447799289,1447799949,22684,1447799289,1447799979,0,30,660,690,30
"blast500k_test_pub_fileFULL_gr_4398","IS24T-06XX289-DT","Wed 11/18/2015- 5:29:40.51","Wed 11/18/2015- 5:40:26.28",1447799380,1447800026,22685,1447799373,1447800058,7,32,646,685,39
"blast500k_test_pub_fileFULL_gr_4399","IS24T-06XX273-DT","Wed 11/18/2015- 5:57:31.54","Wed 11/18/2015- 6:12:09.35",1447801051,1447801929,22686,1447801029,1447801944,22,15,878,915,37
"blast500k_test_pub_fileFULL_gr_44","IS24T-06XX209-DT","Tue 11/17/2015-17:41:47.64","Tue 11/17/2015-18:03:32.13",1447756907,1447758212,18331,1447756915,1447758281,-8,69,1305,1366,61
"blast500k_test_pub_fileFULL_gr_440","IS24T-06XX298-DT","Tue 11/17/2015-19:07:34.47","Tue 11/17/2015-19:26:10.79",1447762054,1447763170,18727,1447762085,1447763233,-31,63,1116,1148,32
"blast500k_test_pub_fileFULL_gr_4400","IS24T-06XX264-DT","Wed 11/18/2015- 5:26:27.37","Wed 11/18/2015- 5:48:41.12",1447799187,1447800521,22687,1447799162,1447800532,25,11,1334,1370,36
"blast500k_test_pub_fileFULL_gr_4401","IS24T-06XX259-DT","Wed 11/18/2015- 5:34:50.08","Wed 11/18/2015- 5:50:36.59",1447799690,1447800636,22688,1447799676,1447800657,14,21,946,981,35
"blast500k_test_pub_fileFULL_gr_4402","IS24T-06XX291-DT","Wed 11/18/2015- 5:43:59.81","Wed 11/18/2015- 5:53:01.63",1447800239,1447800781,22689,1447800210,1447800804,29,23,542,594,52
"blast500k_test_pub_fileFULL_gr_4403","IS24T-06XX274-DT","Wed 11/18/2015- 5:56:41.29","Wed 11/18/2015- 6:11:25.57",1447801001,1447801885,22690,1447800973,1447801902,28,17,884,929,45
"blast500k_test_pub_fileFULL_gr_4404","IS24T-06XX274-DT","Wed 11/18/2015- 5:29:54.53","Wed 11/18/2015- 5:50:35.89",1447799394,1447800635,22691,1447799378,1447800650,16,15,1241,1272,31
"blast500k_test_pub_fileFULL_gr_4405","IS24T-06XX209-DT","Wed 11/18/2015- 5:36:16.07","Wed 11/18/2015- 6:05:45.72",1447799776,1447801545,22692,1447799783,1447801614,-7,69,1769,1831,62
"blast500k_test_pub_fileFULL_gr_4406","IS24T-06XX281-DT","Wed 11/18/2015- 5:46:42.09","Wed 11/18/2015- 6:06:56.03",1447800402,1447801616,22693,1447800278,1447801642,124,26,1214,1364,150
"blast500k_test_pub_fileFULL_gr_4407","IS24T-06XX263-DT","Wed 11/18/2015- 5:38:09.35","Wed 11/18/2015- 5:53:17.33",1447799889,1447800797,22694,1447799871,1447800810,18,13,908,939,31
"blast500k_test_pub_fileFULL_gr_4408","IS24T-06XX281-DT","Wed 11/18/2015- 5:27:58.20","Wed 11/18/2015- 5:40:13.81",1447799278,1447800013,22695,1447799262,1447800042,16,29,735,780,45
"blast500k_test_pub_fileFULL_gr_4409","IS24T-06XX255-DT","Wed 11/18/2015- 5:26:13.60","Wed 11/18/2015- 5:42:46.17",1447799173,1447800166,22696,1447799144,1447800182,29,16,993,1038,45
"blast500k_test_pub_fileFULL_gr_441","IS24T-06XX279-DT","Tue 11/17/2015-18:49:28.36","Tue 11/17/2015-18:57:43.44",1447760968,1447761463,18728,1447760973,1447761506,-5,43,495,533,38
"blast500k_test_pub_fileFULL_gr_4410","IS24T-06XX300-DT","Wed 11/18/2015- 5:37:36.89","Wed 11/18/2015- 5:54:06.83",1447799856,1447800846,22697,1447799839,1447800871,17,25,990,1032,42
"blast500k_test_pub_fileFULL_gr_4411","IS24T-06XX265-DT","Wed 11/18/2015- 5:49:54.84","Wed 11/18/2015- 6:05:56.83",1447800594,1447801556,22698,1447800578,1447801571,16,15,962,993,31
"blast500k_test_pub_fileFULL_gr_4412","IS24T-06XX275-DT","Wed 11/18/2015- 5:29:45.87","Wed 11/18/2015- 5:45:20.07",1447799385,1447800320,22699,1447799373,1447800349,12,29,935,976,41
"blast500k_test_pub_fileFULL_gr_4413","IS24T-06XX209-DT","Wed 11/18/2015- 6:29:32.86","Wed 11/18/2015- 6:56:34.06",1447802972,1447804594,22700,1447802998,1447804664,-26,70,1622,1666,44
"blast500k_test_pub_fileFULL_gr_4414","IS24T-06XX286-DT","Wed 11/18/2015- 6:00:41.80","Wed 11/18/2015- 6:20:16.21",1447801241,1447802416,22701,1447801231,1447802437,10,21,1175,1206,31
"blast500k_test_pub_fileFULL_gr_4415","IS24T-06XX279-DT","Wed 11/18/2015- 5:31:31.77","Wed 11/18/2015- 5:45:14.60",1447799491,1447800314,22702,1447799493,1447800357,-2,43,823,864,41
"blast500k_test_pub_fileFULL_gr_4416","IS24T-06XX277-DT","Wed 11/18/2015- 5:31:32.18","Wed 11/18/2015- 5:45:52.28",1447799492,1447800352,22703,1447799479,1447800368,13,16,860,889,29
"blast500k_test_pub_fileFULL_gr_4417","IS24T-06XX291-DT","Wed 11/18/2015- 5:29:34.85","Wed 11/18/2015- 5:43:27.13",1447799374,1447800207,22704,1447799374,1447800236,0,29,833,862,29
"blast500k_test_pub_fileFULL_gr_4418","IS24T-06XX295-DT","Wed 11/18/2015- 5:34:08.66","Wed 11/18/2015- 5:44:44.59",1447799648,1447800284,22705,1447799667,1447800344,-19,60,636,677,41
"blast500k_test_pub_fileFULL_gr_4419","IS24T-06XX273-DT","Wed 11/18/2015- 6:12:33.69","Wed 11/18/2015- 6:27:21.48",1447801953,1447802841,22706,1447801932,1447802859,21,18,888,927,39
"blast500k_test_pub_fileFULL_gr_442","IS24T-06XX285-DT","Tue 11/17/2015-18:37:56.22","Tue 11/17/2015-18:46:13.64",1447760276,1447760773,18729,1447760263,1447760801,13,28,497,538,41
"blast500k_test_pub_fileFULL_gr_4420","IS24T-06XX271-DT","Wed 11/18/2015- 5:27:50.50","Wed 11/18/2015- 5:44:23.91",1447799270,1447800263,22707,1447799246,1447800279,24,16,993,1033,40
"blast500k_test_pub_fileFULL_gr_4421","IS24T-06XX291-DT","Wed 11/18/2015- 5:53:40.71","Wed 11/18/2015- 6:15:05.34",1447800820,1447802105,22708,1447800804,1447802130,16,25,1285,1326,41
"blast500k_test_pub_fileFULL_gr_4422","IS24T-06XX255-DT","Wed 11/18/2015- 5:58:26.68","Wed 11/18/2015- 6:24:26.85",1447801106,1447802666,22709,1447801078,1447802682,28,16,1560,1604,44
"blast500k_test_pub_fileFULL_gr_4423","IS24T-06XX285-DT","Wed 11/18/2015- 5:45:01.59","Wed 11/18/2015- 5:59:04.32",1447800301,1447801144,22710,1447800280,1447801171,21,27,843,891,48
"blast500k_test_pub_fileFULL_gr_4424","IS24T-06XX297-DT","Wed 11/18/2015- 5:46:10.55","Wed 11/18/2015- 6:08:46.54",1447800370,1447801726,22711,1447800358,1447801752,12,26,1356,1394,38
"blast500k_test_pub_fileFULL_gr_4425","IS24T-06XX267-DT","Wed 11/18/2015- 5:51:49.70","Wed 11/18/2015- 6:09:02.75",1447800709,1447801742,22712,1447800683,1447801762,26,20,1033,1079,46
"blast500k_test_pub_fileFULL_gr_4426","IS24T-06XX279-DT","Wed 11/18/2015- 5:51:15.14","Wed 11/18/2015- 6:04:38.45",1447800675,1447801478,22713,1447800686,1447801523,-11,45,803,837,34
"blast500k_test_pub_fileFULL_gr_4427","IS24T-06XX260-DT","Wed 11/18/2015- 5:30:42.86","Wed 11/18/2015- 5:47:46.76",1447799442,1447800466,22714,1447799428,1447800484,14,18,1024,1056,32
"blast500k_test_pub_fileFULL_gr_4428","IS24T-06XX298-DT","Wed 11/18/2015- 5:38:49.38","Wed 11/18/2015- 5:58:02.51",1447799929,1447801082,22715,1447799960,1447801156,-31,74,1153,1196,43
"blast500k_test_pub_fileFULL_gr_4429","IS24T-06XX273-DT","Wed 11/18/2015- 5:43:44.92","Wed 11/18/2015- 6:03:25.11",1447800224,1447801405,22716,1447800211,1447801423,13,18,1181,1212,31
"blast500k_test_pub_fileFULL_gr_443","IS24T-06XX209-DT","Tue 11/17/2015-18:54:37.52","Tue 11/17/2015-19:10:41.46",1447761277,1447762241,18730,1447761291,1447762312,-14,71,964,1021,57
"blast500k_test_pub_fileFULL_gr_4430","IS24T-06XX265-DT","Wed 11/18/2015- 5:30:31.14","Wed 11/18/2015- 5:45:30.55",1447799431,1447800330,22717,1447799414,1447800344,17,14,899,930,31
"blast500k_test_pub_fileFULL_gr_4431","IS24T-06XX254-DT","Wed 11/18/2015- 5:35:21.97","Wed 11/18/2015- 6:04:53.37",1447799721,1447801493,22718,1447799689,1447801513,32,20,1772,1824,52
"blast500k_test_pub_fileFULL_gr_4432","IS24T-06XX284-DT","Wed 11/18/2015- 5:33:54.67","Wed 11/18/2015- 6:04:34.80",1447799634,1447801474,22719,1447799639,1447801534,-5,60,1840,1895,55
"blast500k_test_pub_fileFULL_gr_4433","IS24T-06XX271-DT","Wed 11/18/2015- 5:44:37.79","Wed 11/18/2015- 5:56:40.49",1447800277,1447801000,22720,1447800267,1447801016,10,16,723,749,26
"blast500k_test_pub_fileFULL_gr_4434","IS24T-06XX295-DT","Wed 11/18/2015- 6:18:03.74","Wed 11/18/2015- 6:31:08.85",1447802283,1447803068,22721,1447802303,1447803127,-20,59,785,824,39
"blast500k_test_pub_fileFULL_gr_4435","IS24T-06XX209-DT","Wed 11/18/2015- 5:36:16.57","Wed 11/18/2015- 5:58:05.56",1447799776,1447801085,22722,1447799796,1447801152,-20,67,1309,1356,47
"blast500k_test_pub_fileFULL_gr_4436","IS24T-06XX295-DT","Wed 11/18/2015- 5:45:09.31","Wed 11/18/2015- 6:02:32.99",1447800309,1447801352,22723,1447800332,1447801412,-23,60,1043,1080,37
"blast500k_test_pub_fileFULL_gr_4437","IS24T-06XX280-DT","Wed 11/18/2015- 5:27:24.78","Wed 11/18/2015- 5:45:18.83",1447799244,1447800318,22724,1447799385,1447800499,-141,181,1074,1114,40
"blast500k_test_pub_fileFULL_gr_4438","IS24T-06XX262-DT","Wed 11/18/2015- 5:36:09.70","Wed 11/18/2015- 5:53:18.72",1447799769,1447800798,22725,1447799738,1447800823,31,25,1029,1085,56
"blast500k_test_pub_fileFULL_gr_4439","IS24T-06XX297-DT","Wed 11/18/2015- 5:57:53.95","Wed 11/18/2015- 6:17:45.14",1447801073,1447802265,22726,1447801060,1447802290,13,25,1192,1230,38
"blast500k_test_pub_fileFULL_gr_444","IS24T-06XX277-DT","Tue 11/17/2015-18:36:23.54","Tue 11/17/2015-19:02:05.97",1447760183,1447761725,18731,1447760158,1447761743,25,18,1542,1585,43
"blast500k_test_pub_fileFULL_gr_4440","IS24T-06XX281-DT","Wed 11/18/2015- 5:40:46.97","Wed 11/18/2015- 5:56:44.00",1447800046,1447801004,22727,1447800030,1447801028,16,24,958,998,40
"blast500k_test_pub_fileFULL_gr_4441","IS24T-06XX297-DT","Wed 11/18/2015- 6:09:27.63","Wed 11/18/2015- 6:41:21.20",1447801767,1447803681,22728,1447801752,1447803716,15,35,1914,1964,50
"blast500k_test_pub_fileFULL_gr_4442","IS24T-06XX297-DT","Wed 11/18/2015- 5:36:50.50","Wed 11/18/2015- 6:10:58.74",1447799810,1447801858,22729,1447799798,1447801884,12,26,2048,2086,38
"blast500k_test_pub_fileFULL_gr_4443","IS24T-06XX283-DT","Wed 11/18/2015- 6:51:40.65","Wed 11/18/2015- 7:09:47.61",1447804300,1447805387,22730,1447804288,1447805413,12,26,1087,1125,38
"blast500k_test_pub_fileFULL_gr_4444","IS24T-06XX282-DT","Wed 11/18/2015- 6:02:32.82","Wed 11/18/2015- 6:09:39.83",1447801352,1447801779,22731,1447801347,1447801804,5,25,427,457,30
"blast500k_test_pub_fileFULL_gr_4445","IS24T-06XX263-DT","Wed 11/18/2015- 5:35:05.34","Wed 11/18/2015- 5:55:13.80",1447799705,1447800913,22732,1447799673,1447800933,32,20,1208,1260,52
"blast500k_test_pub_fileFULL_gr_4446","IS24T-06XX297-DT","Wed 11/18/2015- 5:33:30.48","Wed 11/18/2015- 6:00:41.40",1447799610,1447801241,22733,1447799595,1447801274,15,33,1631,1679,48
"blast500k_test_pub_fileFULL_gr_4447","IS24T-06XX293-DT","Wed 11/18/2015- 5:41:18.99","Wed 11/18/2015- 6:04:47.53",1447800078,1447801487,22734,1447800084,1447801523,-6,36,1409,1439,30
"blast500k_test_pub_fileFULL_gr_4448","IS24T-06XX259-DT","Wed 11/18/2015- 5:43:27.10","Wed 11/18/2015- 6:04:02.70",1447800207,1447801442,22735,1447800189,1447801460,18,18,1235,1271,36
"blast500k_test_pub_fileFULL_gr_4449","IS24T-06XX279-DT","Wed 11/18/2015- 5:45:41.17","Wed 11/18/2015- 5:58:54.38",1447800341,1447801134,22736,1447800347,1447801181,-6,47,793,834,41
"blast500k_test_pub_fileFULL_gr_445","IS24T-06XX252-DT","Tue 11/17/2015-18:48:48.87","Tue 11/17/2015-18:58:51.31",1447760928,1447761531,18732,1447760906,1447761543,22,12,603,637,34
"blast500k_test_pub_fileFULL_gr_4450","IS24T-06XX285-DT","Wed 11/18/2015- 5:59:35.88","Wed 11/18/2015- 6:18:41.34",1447801175,1447802321,22737,1447801159,1447802346,16,25,1146,1187,41
"blast500k_test_pub_fileFULL_gr_4451","IS24T-06XX292-DT","Wed 11/18/2015- 6:23:29.59","Wed 11/18/2015- 6:36:57.17",1447802609,1447803417,22738,1447802663,1447803498,-54,81,808,835,27
"blast500k_test_pub_fileFULL_gr_4452","IS24T-06XX293-DT","Wed 11/18/2015- 6:36:29.49","Wed 11/18/2015- 6:55:00.74",1447803389,1447804500,22739,1447803385,1447804535,4,35,1111,1150,39
"blast500k_test_pub_fileFULL_gr_4453","IS24T-06XX264-DT","Wed 11/18/2015- 5:41:48.82","Wed 11/18/2015- 6:04:09.30",1447800108,1447801449,22740,1447800063,1447801462,45,13,1341,1399,58
"blast500k_test_pub_fileFULL_gr_4454","IS24T-06XX253-DT","Wed 11/18/2015- 5:56:41.93","Wed 11/18/2015- 6:18:38.22",1447801001,1447802318,22741,1447800974,1447802331,27,13,1317,1357,40
"blast500k_test_pub_fileFULL_gr_4455","IS24T-06XX253-DT","Wed 11/18/2015- 5:43:15.39","Wed 11/18/2015- 5:56:13.16",1447800195,1447800973,22742,1447800181,1447800986,14,13,778,805,27
"blast500k_test_pub_fileFULL_gr_4456","IS24T-06XX269-DT","Wed 11/18/2015- 5:47:22.27","Wed 11/18/2015- 6:04:23.75",1447800442,1447801463,22743,1447800430,1447801496,12,33,1021,1066,45
"blast500k_test_pub_fileFULL_gr_4457","IS24T-06XX289-DT","Wed 11/18/2015- 5:40:53.87","Wed 11/18/2015- 5:58:54.23",1447800053,1447801134,22744,1447800046,1447801162,7,28,1081,1116,35
"blast500k_test_pub_fileFULL_gr_4458","IS24T-06XX280-DT","Wed 11/18/2015- 6:04:24.43","Wed 11/18/2015- 6:18:30.24",1447801464,1447802310,22745,1447801601,1447802493,-137,183,846,892,46
"blast500k_test_pub_fileFULL_gr_4459","IS24T-06XX266-DT","Wed 11/18/2015- 5:39:41.69","Wed 11/18/2015- 5:51:44.13",1447799981,1447800704,22746,1447799955,1447800721,26,17,723,766,43
"blast500k_test_pub_fileFULL_gr_446","IS24T-06XX292-DT","Tue 11/17/2015-18:54:16.64","Tue 11/17/2015-19:11:39.17",1447761256,1447762299,18733,1447761302,1447762384,-46,85,1043,1082,39
"blast500k_test_pub_fileFULL_gr_4460","IS24T-06XX254-DT","Wed 11/18/2015- 5:40:57.60","Wed 11/18/2015- 5:56:24.80",1447800057,1447800984,22747,1447800029,1447801004,28,20,927,975,48
"blast500k_test_pub_fileFULL_gr_4461","IS24T-06XX276-DT","Wed 11/18/2015- 6:07:02.52","Wed 11/18/2015- 6:21:18.64",1447801622,1447802478,22748,1447801599,1447802495,23,17,856,896,40
"blast500k_test_pub_fileFULL_gr_4462","IS24T-06XX299-DT","Wed 11/18/2015- 5:37:05.62","Wed 11/18/2015- 5:49:15.23",1447799825,1447800555,22749,1447799838,1447800611,-13,56,730,773,43
"blast500k_test_pub_fileFULL_gr_4463","IS24T-06XX282-DT","Wed 11/18/2015- 5:47:44.01","Wed 11/18/2015- 6:02:13.51",1447800464,1447801333,22750,1447800448,1447801357,16,24,869,909,40
"blast500k_test_pub_fileFULL_gr_4464","IS24T-06XX264-DT","Wed 11/18/2015- 5:41:48.82","Wed 11/18/2015- 6:09:59.05",1447800108,1447801799,22751,1447800075,1447801812,33,13,1691,1737,46
"blast500k_test_pub_fileFULL_gr_4465","IS24T-06XX279-DT","Wed 11/18/2015- 5:35:01.06","Wed 11/18/2015- 5:50:52.29",1447799701,1447800652,22752,1447799709,1447800699,-8,47,951,990,39
"blast500k_test_pub_fileFULL_gr_4466","IS24T-06XX268-DT","Wed 11/18/2015- 5:39:45.60","Wed 11/18/2015- 5:55:10.07",1447799985,1447800910,22753,1447799962,1447800928,23,18,925,966,41
"blast500k_test_pub_fileFULL_gr_4467","IS24T-06XX299-DT","Wed 11/18/2015- 5:42:43.73","Wed 11/18/2015- 5:55:17.17",1447800163,1447800917,22754,1447800188,1447800972,-25,55,754,784,30
"blast500k_test_pub_fileFULL_gr_4468","IS24T-06XX262-DT","Wed 11/18/2015- 5:54:02.99","Wed 11/18/2015- 6:20:27.69",1447800842,1447802427,22755,1447800812,1447802457,30,30,1585,1645,60
"blast500k_test_pub_fileFULL_gr_4469","IS24T-06XX295-DT","Wed 11/18/2015- 6:03:00.88","Wed 11/18/2015- 6:17:32.97",1447801380,1447802252,22756,1447801412,1447802315,-32,63,872,903,31
"blast500k_test_pub_fileFULL_gr_447","IS24T-06XX294-DT","Tue 11/17/2015-18:35:57.63","Tue 11/17/2015-18:49:49.09",1447760157,1447760989,18734,1447760150,1447761017,7,28,832,867,35
"blast500k_test_pub_fileFULL_gr_4470","IS24T-06XX265-DT","Wed 11/18/2015- 6:06:30.00","Wed 11/18/2015- 6:22:51.92",1447801590,1447802571,22757,1447801546,1447802589,44,18,981,1043,62
"blast500k_test_pub_fileFULL_gr_4471","IS24T-06XX285-DT","Wed 11/18/2015- 5:50:06.72","Wed 11/18/2015- 6:11:27.48",1447800606,1447801887,22758,1447800603,1447801913,3,26,1281,1310,29
"blast500k_test_pub_fileFULL_gr_4472","IS24T-06XX292-DT","Wed 11/18/2015- 5:51:31.13","Wed 11/18/2015- 6:09:33.20",1447800691,1447801773,22759,1447800719,1447801858,-28,85,1082,1139,57
"blast500k_test_pub_fileFULL_gr_4473","IS24T-06XX274-DT","Wed 11/18/2015- 6:26:18.93","Wed 11/18/2015- 6:52:10.53",1447802778,1447804330,22760,1447802750,1447804350,28,20,1552,1600,48
"blast500k_test_pub_fileFULL_gr_4474","IS24T-06XX262-DT","Wed 11/18/2015- 5:40:10.89","Wed 11/18/2015- 6:01:17.73",1447800010,1447801277,22761,1447799985,1447801304,25,27,1267,1319,52
"blast500k_test_pub_fileFULL_gr_4475","IS24T-06XX286-DT","Wed 11/18/2015- 5:39:38.48","Wed 11/18/2015- 6:00:50.82",1447799978,1447801250,22762,1447799967,1447801272,11,22,1272,1305,33
"blast500k_test_pub_fileFULL_gr_4476","IS24T-06XX269-DT","Wed 11/18/2015- 5:35:16.42","Wed 11/18/2015- 5:46:49.44",1447799716,1447800409,22763,1447799702,1447800442,14,33,693,740,47
"blast500k_test_pub_fileFULL_gr_4477","IS24T-06XX284-DT","Wed 11/18/2015- 5:34:56.90","Wed 11/18/2015- 6:07:28.52",1447799696,1447801648,22764,1447799708,1447801708,-12,60,1952,2000,48
"blast500k_test_pub_fileFULL_gr_4478","IS24T-06XX283-DT","Wed 11/18/2015- 5:36:32.01","Wed 11/18/2015- 5:46:18.49",1447799792,1447800378,22765,1447799779,1447800407,13,29,586,628,42
"blast500k_test_pub_fileFULL_gr_4479","IS24T-06XX262-DT","Wed 11/18/2015- 5:38:21.56","Wed 11/18/2015- 5:55:00.11",1447799901,1447800900,22766,1447799868,1447800927,33,27,999,1059,60
"blast500k_test_pub_fileFULL_gr_448","IS24T-06XX252-DT","Tue 11/17/2015-18:48:03.70","Tue 11/17/2015-19:01:41.47",1447760883,1447761701,18735,1447760861,1447761719,22,18,818,858,40
"blast500k_test_pub_fileFULL_gr_4480","IS24T-06XX261-DT","Wed 11/18/2015- 5:42:22.73","Wed 11/18/2015- 6:00:44.90",1447800142,1447801244,22767,1447800129,1447801261,13,17,1102,1132,30
"blast500k_test_pub_fileFULL_gr_4481","IS24T-06XX286-DT","Wed 11/18/2015- 5:41:35.38","Wed 11/18/2015- 6:00:12.19",1447800095,1447801212,22768,1447800097,1447801243,-2,31,1117,1146,29
"blast500k_test_pub_fileFULL_gr_4482","IS24T-06XX292-DT","Wed 11/18/2015- 5:51:30.88","Wed 11/18/2015- 6:03:47.11",1447800690,1447801427,22769,1447800731,1447801512,-41,85,737,781,44
"blast500k_test_pub_fileFULL_gr_4483","IS24T-06XX254-DT","Wed 11/18/2015- 5:54:24.54","Wed 11/18/2015- 6:14:54.82",1447800864,1447802094,22770,1447800818,1447802111,46,17,1230,1293,63
"blast500k_test_pub_fileFULL_gr_4484","IS24T-06XX255-DT","Wed 11/18/2015- 6:23:05.01","Wed 11/18/2015- 6:34:27.45",1447802585,1447803267,22771,1447802558,1447803280,27,13,682,722,40
"blast500k_test_pub_fileFULL_gr_4485","IS24T-06XX291-DT","Wed 11/18/2015- 5:43:59.82","Wed 11/18/2015- 6:02:21.19",1447800239,1447801341,22772,1447800223,1447801367,16,26,1102,1144,42
"blast500k_test_pub_fileFULL_gr_4486","IS24T-06XX294-DT","Wed 11/18/2015- 5:48:22.93","Wed 11/18/2015- 6:05:59.90",1447800502,1447801559,22773,1447800491,1447801585,11,26,1057,1094,37
"blast500k_test_pub_fileFULL_gr_4487","IS24T-06XX252-DT","Wed 11/18/2015- 5:44:09.10","Wed 11/18/2015- 6:00:19.50",1447800249,1447801219,22774,1447800224,1447801234,25,15,970,1010,40
"blast500k_test_pub_fileFULL_gr_4488","IS24T-06XX255-DT","Wed 11/18/2015- 5:43:32.86","Wed 11/18/2015- 6:02:20.36",1447800212,1447801340,22775,1447800182,1447801355,30,15,1128,1173,45
"blast500k_test_pub_fileFULL_gr_4489","IS24T-06XX259-DT","Wed 11/18/2015- 6:04:32.84","Wed 11/18/2015- 6:21:31.16",1447801472,1447802491,22776,1447801448,1447802507,24,16,1019,1059,40
"blast500k_test_pub_fileFULL_gr_449","IS24T-06XX260-DT","Tue 11/17/2015-19:50:21.37","Tue 11/17/2015-20:04:51.63",1447764621,1447765491,18736,1447764609,1447765509,12,18,870,900,30
"blast500k_test_pub_fileFULL_gr_4490","IS24T-06XX282-DT","Wed 11/18/2015- 5:44:34.42","Wed 11/18/2015- 5:57:31.47",1447800274,1447801051,22777,1447800262,1447801078,12,27,777,816,39
"blast500k_test_pub_fileFULL_gr_4491","IS24T-06XX253-DT","Wed 11/18/2015- 5:40:20.84","Wed 11/18/2015- 6:02:04.22",1447800020,1447801324,22778,1447799996,1447801338,24,14,1304,1342,38
"blast500k_test_pub_fileFULL_gr_4492","IS24T-06XX272-DT","Wed 11/18/2015- 5:40:48.51","Wed 11/18/2015- 5:55:47.20",1447800048,1447800947,22779,1447800037,1447800958,11,11,899,921,22
"blast500k_test_pub_fileFULL_gr_4493","IS24T-06XX294-DT","Wed 11/18/2015- 6:07:47.88","Wed 11/18/2015- 6:30:23.66",1447801667,1447803023,22780,1447801668,1447803050,-1,27,1356,1382,26
"blast500k_test_pub_fileFULL_gr_4494","IS24T-06XX280-DT","Wed 11/18/2015- 5:47:08.41","Wed 11/18/2015- 6:03:49.26",1447800428,1447801429,22781,1447800578,1447801614,-150,185,1001,1036,35
"blast500k_test_pub_fileFULL_gr_4495","IS24T-06XX278-DT","Wed 11/18/2015- 5:43:04.36","Wed 11/18/2015- 5:59:27.42",1447800184,1447801167,22782,1447800174,1447801200,10,33,983,1026,43
"blast500k_test_pub_fileFULL_gr_4496","IS24T-06XX289-DT","Wed 11/18/2015- 5:59:16.50","Wed 11/18/2015- 6:07:45.68",1447801156,1447801665,22783,1447801150,1447801687,6,22,509,537,28
"blast500k_test_pub_fileFULL_gr_4497","IS24T-06XX255-DT","Wed 11/18/2015- 5:43:32.86","Wed 11/18/2015- 5:57:43.68",1447800212,1447801063,22784,1447800170,1447801078,42,15,851,908,57
"blast500k_test_pub_fileFULL_gr_4498","IS24T-06XX272-DT","Wed 11/18/2015- 5:39:54.67","Wed 11/18/2015- 6:00:19.33",1447799994,1447801219,22785,1447799970,1447801238,24,19,1225,1268,43
"blast500k_test_pub_fileFULL_gr_4499","IS24T-06XX209-DT","Wed 11/18/2015- 6:57:13.16","Wed 11/18/2015- 7:22:00.08",1447804633,1447806120,22786,1447804652,1447806185,-19,65,1487,1533,46
"blast500k_test_pub_fileFULL_gr_45","IS24T-06XX277-DT","Tue 11/17/2015-17:46:20.95","Tue 11/17/2015-17:58:07.88",1447757180,1447757887,18332,1447757149,1447757898,31,11,707,749,42
"blast500k_test_pub_fileFULL_gr_450","IS24T-06XX293-DT","Tue 11/17/2015-18:51:33.50","Tue 11/17/2015-19:05:41.51",1447761093,1447761941,18737,1447761087,1447761977,6,36,848,890,42
"blast500k_test_pub_fileFULL_gr_4500","IS24T-06XX271-DT","Wed 11/18/2015- 5:43:11.79","Wed 11/18/2015- 6:07:51.43",1447800191,1447801671,22787,1447800165,1447801689,26,18,1480,1524,44
"blast500k_test_pub_fileFULL_gr_4501","IS24T-06XX274-DT","Wed 11/18/2015- 6:19:49.35","Wed 11/18/2015- 6:35:18.96",1447802389,1447803318,22788,1447802364,1447803334,25,16,929,970,41
"blast500k_test_pub_fileFULL_gr_4502","IS24T-06XX254-DT","Wed 11/18/2015- 5:57:02.70","Wed 11/18/2015- 6:22:50.45",1447801022,1447802570,22789,1447800992,1447802589,30,19,1548,1597,49
"blast500k_test_pub_fileFULL_gr_4503","IS24T-06XX279-DT","Wed 11/18/2015- 5:59:28.78","Wed 11/18/2015- 6:18:33.05",1447801168,1447802313,22790,1447801169,1447802355,-1,42,1145,1186,41
"blast500k_test_pub_fileFULL_gr_4504","IS24T-06XX254-DT","Wed 11/18/2015- 5:46:25.43","Wed 11/18/2015- 6:06:48.38",1447800385,1447801608,22791,1447800353,1447801623,32,15,1223,1270,47
"blast500k_test_pub_fileFULL_gr_4505","IS24T-06XX283-DT","Wed 11/18/2015- 5:41:09.28","Wed 11/18/2015- 5:57:01.28",1447800069,1447801021,22792,1447800069,1447801049,0,28,952,980,28
"blast500k_test_pub_fileFULL_gr_4506","IS24T-06XX275-DT","Wed 11/18/2015- 5:41:22.66","Wed 11/18/2015- 5:58:31.24",1447800082,1447801111,22793,1447800072,1447801137,10,26,1029,1065,36
"blast500k_test_pub_fileFULL_gr_4507","IS24T-06XX254-DT","Wed 11/18/2015- 6:23:36.04","Wed 11/18/2015- 6:46:47.47",1447802616,1447804007,22794,1447802578,1447804023,38,16,1391,1445,54
"blast500k_test_pub_fileFULL_gr_4508","IS24T-06XX260-DT","Wed 11/18/2015- 6:17:15.65","Wed 11/18/2015- 6:37:24.65",1447802235,1447803444,22795,1447802209,1447803461,26,17,1209,1252,43
"blast500k_test_pub_fileFULL_gr_4509","IS24T-06XX267-DT","Wed 11/18/2015- 5:42:55.60","Wed 11/18/2015- 5:56:23.48",1447800175,1447800983,22796,1447800151,1447800998,24,15,808,847,39
"blast500k_test_pub_fileFULL_gr_451","IS24T-06XX209-DT","Tue 11/17/2015-19:07:26.96","Tue 11/17/2015-19:29:23.44",1447762046,1447763363,18738,1447762068,1447763431,-22,68,1317,1363,46
"blast500k_test_pub_fileFULL_gr_4510","IS24T-06XX296-DT","Wed 11/18/2015- 5:46:27.68","Wed 11/18/2015- 6:02:00.75",1447800387,1447801320,22797,1447800384,1447801348,3,28,933,964,31
"blast500k_test_pub_fileFULL_gr_4511","IS24T-06XX259-DT","Wed 11/18/2015- 5:51:09.68","Wed 11/18/2015- 6:05:20.38",1447800669,1447801520,22798,1447800644,1447801536,25,16,851,892,41
"blast500k_test_pub_fileFULL_gr_4512","IS24T-06XX296-DT","Wed 11/18/2015- 5:45:49.05","Wed 11/18/2015- 6:06:56.72",1447800349,1447801616,22799,1447800334,1447801645,15,29,1267,1311,44
"blast500k_test_pub_fileFULL_gr_4513","IS24T-06XX260-DT","Wed 11/18/2015- 5:48:19.48","Wed 11/18/2015- 5:57:53.02",1447800499,1447801073,22800,1447800472,1447801087,27,14,574,615,41
"blast500k_test_pub_fileFULL_gr_4514","IS24T-06XX254-DT","Wed 11/18/2015- 6:07:19.82","Wed 11/18/2015- 6:31:18.73",1447801639,1447803078,22801,1447801611,1447803097,28,19,1439,1486,47
"blast500k_test_pub_fileFULL_gr_4515","IS24T-06XX262-DT","Wed 11/18/2015- 5:43:31.63","Wed 11/18/2015- 6:08:11.94",1447800211,1447801691,22802,1447800188,1447801719,23,28,1480,1531,51
"blast500k_test_pub_fileFULL_gr_4516","IS24T-06XX283-DT","Wed 11/18/2015- 5:46:46.95","Wed 11/18/2015- 6:08:56.83",1447800406,1447801736,22803,1447800395,1447801767,11,31,1330,1372,42
"blast500k_test_pub_fileFULL_gr_4517","IS24T-06XX288-DT","Wed 11/18/2015- 5:57:06.11","Wed 11/18/2015- 6:17:36.71",1447801026,1447802256,22804,1447800985,1447802268,41,12,1230,1283,53
"blast500k_test_pub_fileFULL_gr_4518","IS24T-06XX263-DT","Wed 11/18/2015- 5:55:49.05","Wed 11/18/2015- 6:08:36.22",1447800949,1447801716,22805,1447800921,1447801732,28,16,767,811,44
"blast500k_test_pub_fileFULL_gr_4519","IS24T-06XX294-DT","Wed 11/18/2015- 5:50:21.94","Wed 11/18/2015- 6:07:30.63",1447800621,1447801650,22806,1447800622,1447801681,-1,31,1029,1059,30
"blast500k_test_pub_fileFULL_gr_452","IS24T-06XX264-DT","Tue 11/17/2015-18:58:17.44","Tue 11/17/2015-19:22:40.05",1447761497,1447762960,18739,1447761475,1447762976,22,16,1463,1501,38
"blast500k_test_pub_fileFULL_gr_4520","IS24T-06XX294-DT","Wed 11/18/2015- 6:06:24.69","Wed 11/18/2015- 6:22:34.64",1447801584,1447802554,22807,1447801573,1447802583,11,29,970,1010,40
"blast500k_test_pub_fileFULL_gr_4521","IS24T-06XX261-DT","Wed 11/18/2015- 6:48:42.25","Wed 11/18/2015- 7:03:56.72",1447804122,1447805036,22808,1447804081,1447805053,41,17,914,972,58
"blast500k_test_pub_fileFULL_gr_4522","IS24T-06XX275-DT","Wed 11/18/2015- 5:45:46.72","Wed 11/18/2015- 5:58:26.80",1447800346,1447801106,22809,1447800337,1447801137,9,31,760,800,40
"blast500k_test_pub_fileFULL_gr_4523","IS24T-06XX262-DT","Wed 11/18/2015- 6:08:56.40","Wed 11/18/2015- 6:38:21.47",1447801736,1447803501,22810,1447801707,1447803529,29,28,1765,1822,57
"blast500k_test_pub_fileFULL_gr_4524","IS24T-06XX258-DT","Wed 11/18/2015- 5:45:02.11","Wed 11/18/2015- 5:57:15.29",1447800302,1447801035,22811,1447800288,1447801051,14,16,733,763,30
"blast500k_test_pub_fileFULL_gr_4525","IS24T-06XX265-DT","Wed 11/18/2015- 5:45:59.77","Wed 11/18/2015- 6:05:41.68",1447800359,1447801541,22812,1447800332,1447801558,27,17,1182,1226,44
"blast500k_test_pub_fileFULL_gr_4526","IS24T-06XX252-DT","Wed 11/18/2015- 6:00:59.13","Wed 11/18/2015- 6:16:45.62",1447801259,1447802205,22813,1447801234,1447802220,25,15,946,986,40
"blast500k_test_pub_fileFULL_gr_4527","IS24T-06XX284-DT","Wed 11/18/2015- 5:43:51.18","Wed 11/18/2015- 6:14:08.18",1447800231,1447802048,22814,1447800247,1447802111,-16,63,1817,1864,47
"blast500k_test_pub_fileFULL_gr_4528","IS24T-06XX264-DT","Wed 11/18/2015- 5:49:03.68","Wed 11/18/2015- 6:06:48.73",1447800543,1447801608,22815,1447800519,1447801621,24,13,1065,1102,37
"blast500k_test_pub_fileFULL_gr_4529","IS24T-06XX256-DT","Wed 11/18/2015- 5:58:22.69","Wed 11/18/2015- 6:16:29.06",1447801102,1447802189,22816,1447801077,1447802208,25,19,1087,1131,44
"blast500k_test_pub_fileFULL_gr_453","IS24T-06XX264-DT","Tue 11/17/2015-18:53:03.68","Tue 11/17/2015-19:16:23.11",1447761183,1447762583,18740,1447761145,1447762597,38,14,1400,1452,52
"blast500k_test_pub_fileFULL_gr_4530","IS24T-06XX276-DT","Wed 11/18/2015- 5:53:44.94","Wed 11/18/2015- 6:08:26.71",1447800824,1447801706,22817,1447800802,1447801721,22,15,882,919,37
"blast500k_test_pub_fileFULL_gr_4531","IS24T-06XX252-DT","Wed 11/18/2015- 5:48:57.42","Wed 11/18/2015- 6:13:15.20",1447800537,1447801995,22818,1447800511,1447802013,26,18,1458,1502,44
"blast500k_test_pub_fileFULL_gr_4532","IS24T-06XX271-DT","Wed 11/18/2015- 5:57:09.54","Wed 11/18/2015- 6:10:50.92",1447801029,1447801850,22819,1447801004,1447801866,25,16,821,862,41
"blast500k_test_pub_fileFULL_gr_4533","IS24T-06XX288-DT","Wed 11/18/2015- 5:57:06.13","Wed 11/18/2015- 6:20:53.63",1447801026,1447802453,22820,1447800973,1447802464,53,11,1427,1491,64
"blast500k_test_pub_fileFULL_gr_4534","IS24T-06XX281-DT","Wed 11/18/2015- 6:26:47.06","Wed 11/18/2015- 6:48:23.10",1447802807,1447804103,22821,1447802792,1447804133,15,30,1296,1341,45
"blast500k_test_pub_fileFULL_gr_4535","IS24T-06XX300-DT","Wed 11/18/2015- 5:59:12.15","Wed 11/18/2015- 6:12:05.51",1447801152,1447801925,22822,1447801138,1447801951,14,26,773,813,40
"blast500k_test_pub_fileFULL_gr_4536","IS24T-06XX258-DT","Wed 11/18/2015- 5:57:46.05","Wed 11/18/2015- 6:09:19.25",1447801066,1447801759,22823,1447801039,1447801773,27,14,693,734,41
"blast500k_test_pub_fileFULL_gr_4537","IS24T-06XX279-DT","Wed 11/18/2015- 6:23:28.20","Wed 11/18/2015- 6:35:31.29",1447802608,1447803331,22824,1447802620,1447803375,-12,44,723,755,32
"blast500k_test_pub_fileFULL_gr_4538","IS24T-06XX289-DT","Wed 11/18/2015- 5:52:52.16","Wed 11/18/2015- 6:07:01.07",1447800772,1447801621,22825,1447800762,1447801654,10,33,849,892,43
"blast500k_test_pub_fileFULL_gr_4539","IS24T-06XX296-DT","Wed 11/18/2015- 7:05:21.74","Wed 11/18/2015- 7:19:33.87",1447805121,1447805973,22826,1447805108,1447806000,13,27,852,892,40
"blast500k_test_pub_fileFULL_gr_454","IS24T-06XX268-DT","Tue 11/17/2015-18:38:26.24","Tue 11/17/2015-18:52:22.51",1447760306,1447761142,18741,1447760279,1447761159,27,17,836,880,44
"blast500k_test_pub_fileFULL_gr_4540","IS24T-06XX257-DT","Wed 11/18/2015- 6:30:25.92","Wed 11/18/2015- 6:48:49.00",1447803025,1447804129,22827,1447802998,1447804144,27,15,1104,1146,42
"blast500k_test_pub_fileFULL_gr_4541","IS24T-06XX298-DT","Wed 11/18/2015- 5:47:25.78","Wed 11/18/2015- 6:00:15.53",1447800445,1447801215,22828,1447800473,1447801278,-28,63,770,805,35
"blast500k_test_pub_fileFULL_gr_4542","IS24T-06XX299-DT","Wed 11/18/2015- 5:49:44.67","Wed 11/18/2015- 5:59:05.97",1447800584,1447801145,22829,1447800599,1447801200,-15,55,561,601,40
"blast500k_test_pub_fileFULL_gr_4543","IS24T-06XX258-DT","Wed 11/18/2015- 5:52:02.52","Wed 11/18/2015- 6:03:13.24",1447800722,1447801393,22830,1447800710,1447801407,12,14,671,697,26
"blast500k_test_pub_fileFULL_gr_4544","IS24T-06XX267-DT","Wed 11/18/2015- 6:20:15.66","Wed 11/18/2015- 6:37:05.26",1447802415,1447803425,22831,1447802392,1447803442,23,17,1010,1050,40
"blast500k_test_pub_fileFULL_gr_4545","IS24T-06XX256-DT","Wed 11/18/2015- 5:48:54.14","Wed 11/18/2015- 5:57:50.43",1447800534,1447801070,22832,1447800509,1447801089,25,19,536,580,44
"blast500k_test_pub_fileFULL_gr_4546","IS24T-06XX263-DT","Wed 11/18/2015- 5:53:57.91","Wed 11/18/2015- 6:05:19.58",1447800837,1447801519,22833,1447800810,1447801535,27,16,682,725,43
"blast500k_test_pub_fileFULL_gr_4547","IS24T-06XX277-DT","Wed 11/18/2015- 5:46:18.95","Wed 11/18/2015- 6:02:24.19",1447800378,1447801344,22834,1447800356,1447801351,22,7,966,995,29
"blast500k_test_pub_fileFULL_gr_4548","IS24T-06XX300-DT","Wed 11/18/2015- 6:28:32.71","Wed 11/18/2015- 6:39:46.32",1447802912,1447803586,22835,1447802891,1447803613,21,27,674,722,48
"blast500k_test_pub_fileFULL_gr_4549","IS24T-06XX252-DT","Wed 11/18/2015- 6:17:11.95","Wed 11/18/2015- 6:29:38.84",1447802231,1447802978,22836,1447802207,1447802998,24,20,747,791,44
"blast500k_test_pub_fileFULL_gr_455","IS24T-06XX262-DT","Tue 11/17/2015-18:46:43.74","Tue 11/17/2015-19:03:53.45",1447760803,1447761833,18742,1447760782,1447761859,21,26,1030,1077,47
"blast500k_test_pub_fileFULL_gr_4550","IS24T-06XX289-DT","Wed 11/18/2015- 6:07:29.26","Wed 11/18/2015- 6:26:35.80",1447801649,1447802795,22837,1447801642,1447802831,7,36,1146,1189,43
"blast500k_test_pub_fileFULL_gr_4551","IS24T-06XX259-DT","Wed 11/18/2015- 6:05:48.73","Wed 11/18/2015- 6:20:01.56",1447801548,1447802401,22838,1447801524,1447802421,24,20,853,897,44
"blast500k_test_pub_fileFULL_gr_4552","IS24T-06XX293-DT","Wed 11/18/2015- 5:46:59.24","Wed 11/18/2015- 6:11:54.38",1447800419,1447801914,22839,1447800412,1447801952,7,38,1495,1540,45
"blast500k_test_pub_fileFULL_gr_4553","IS24T-06XX268-DT","Wed 11/18/2015- 5:52:58.30","Wed 11/18/2015- 6:19:44.04",1447800778,1447802384,22840,1447800754,1447802399,24,15,1606,1645,39
"blast500k_test_pub_fileFULL_gr_4554","IS24T-06XX253-DT","Wed 11/18/2015- 6:13:24.37","Wed 11/18/2015- 6:30:23.35",1447802004,1447803023,22841,1447801978,1447803039,26,16,1019,1061,42
"blast500k_test_pub_fileFULL_gr_4555","IS24T-06XX264-DT","Wed 11/18/2015- 6:43:34.64","Wed 11/18/2015- 7:13:01.63",1447803814,1447805581,22842,1447803773,1447805594,41,13,1767,1821,54
"blast500k_test_pub_fileFULL_gr_4556","IS24T-06XX288-DT","Wed 11/18/2015- 6:07:36.93","Wed 11/18/2015- 6:33:19.26",1447801656,1447803199,22843,1447801617,1447803214,39,15,1543,1597,54
"blast500k_test_pub_fileFULL_gr_4557","IS24T-06XX273-DT","Wed 11/18/2015- 6:03:44.47","Wed 11/18/2015- 6:18:45.04",1447801424,1447802325,22844,1447801410,1447802342,14,17,901,932,31
"blast500k_test_pub_fileFULL_gr_4558","IS24T-06XX266-DT","Wed 11/18/2015- 5:52:06.25","Wed 11/18/2015- 6:07:27.29",1447800726,1447801647,22845,1447800708,1447801662,18,15,921,954,33
"blast500k_test_pub_fileFULL_gr_4559","IS24T-06XX264-DT","Wed 11/18/2015- 6:34:20.73","Wed 11/18/2015- 6:49:45.01",1447803260,1447804185,22846,1447803222,1447804198,38,13,925,976,51
"blast500k_test_pub_fileFULL_gr_456","IS24T-06XX300-DT","Tue 11/17/2015-18:54:34.30","Tue 11/17/2015-19:11:48.68",1447761274,1447762308,18743,1447761256,1447762328,18,20,1034,1072,38
"blast500k_test_pub_fileFULL_gr_4560","IS24T-06XX288-DT","Wed 11/18/2015- 6:28:38.98","Wed 11/18/2015- 6:54:37.28",1447802918,1447804477,22847,1447802879,1447804492,39,15,1559,1613,54
"blast500k_test_pub_fileFULL_gr_4561","IS24T-06XX268-DT","Wed 11/18/2015- 5:55:36.73","Wed 11/18/2015- 6:16:14.35",1447800936,1447802174,22848,1447800916,1447802191,20,17,1238,1275,37
"blast500k_test_pub_fileFULL_gr_4562","IS24T-06XX283-DT","Wed 11/18/2015- 5:57:37.04","Wed 11/18/2015- 6:11:01.31",1447801057,1447801861,22849,1447801038,1447801887,19,26,804,849,45
"blast500k_test_pub_fileFULL_gr_4563","IS24T-06XX287-DT","Wed 11/18/2015- 5:54:22.54","Wed 11/18/2015- 6:11:51.80",1447800862,1447801911,22850,1447800856,1447801947,6,36,1049,1091,42
"blast500k_test_pub_fileFULL_gr_4564","IS24T-06XX277-DT","Wed 11/18/2015- 6:01:51.76","Wed 11/18/2015- 6:19:18.43",1447801311,1447802358,22851,1447801285,1447802376,26,18,1047,1091,44
"blast500k_test_pub_fileFULL_gr_4565","IS24T-06XX260-DT","Wed 11/18/2015- 6:18:37.80","Wed 11/18/2015- 6:39:00.99",1447802317,1447803540,22852,1447802302,1447803557,15,17,1223,1255,32
"blast500k_test_pub_fileFULL_gr_4566","IS24T-06XX294-DT","Wed 11/18/2015- 6:23:03.13","Wed 11/18/2015- 6:44:29.95",1447802583,1447803869,22853,1447802570,1447803897,13,28,1286,1327,41
"blast500k_test_pub_fileFULL_gr_4567","IS24T-06XX264-DT","Wed 11/18/2015- 6:07:17.46","Wed 11/18/2015- 6:33:41.69",1447801637,1447803221,22854,1447801609,1447803233,28,12,1584,1624,40
"blast500k_test_pub_fileFULL_gr_4568","IS24T-06XX296-DT","Wed 11/18/2015- 6:10:39.06","Wed 11/18/2015- 6:23:32.04",1447801839,1447802612,22855,1447801834,1447802640,5,28,773,806,33
"blast500k_test_pub_fileFULL_gr_4569","IS24T-06XX261-DT","Wed 11/18/2015- 6:32:07.26","Wed 11/18/2015- 6:47:56.12",1447803127,1447804076,22856,1447803115,1447804093,12,17,949,978,29
"blast500k_test_pub_fileFULL_gr_457","IS24T-06XX273-DT","Tue 11/17/2015-18:42:10.39","Tue 11/17/2015-18:59:51.88",1447760530,1447761591,18744,1447760510,1447761610,20,19,1061,1100,39
"blast500k_test_pub_fileFULL_gr_4570","IS24T-06XX271-DT","Wed 11/18/2015- 6:11:05.20","Wed 11/18/2015- 6:31:56.49",1447801865,1447803116,22857,1447801853,1447803130,12,14,1251,1277,26
"blast500k_test_pub_fileFULL_gr_4571","IS24T-06XX283-DT","Wed 11/18/2015- 6:09:26.95","Wed 11/18/2015- 6:28:24.95",1447801766,1447802904,22858,1447801756,1447802935,10,31,1138,1179,41
"blast500k_test_pub_fileFULL_gr_4572","IS24T-06XX255-DT","Wed 11/18/2015- 6:53:42.63","Wed 11/18/2015- 7:09:41.43",1447804422,1447805381,22859,1447804395,1447805397,27,16,959,1002,43
"blast500k_test_pub_fileFULL_gr_4573","IS24T-06XX289-DT","Wed 11/18/2015- 6:08:03.75","Wed 11/18/2015- 6:24:49.18",1447801683,1447802689,22860,1447801687,1447802719,-4,30,1006,1032,26
"blast500k_test_pub_fileFULL_gr_4574","IS24T-06XX298-DT","Wed 11/18/2015- 5:58:46.91","Wed 11/18/2015- 6:17:02.81",1447801126,1447802222,22861,1447801157,1447802294,-31,72,1096,1137,41
"blast500k_test_pub_fileFULL_gr_4575","IS24T-06XX209-DT","Wed 11/18/2015- 5:59:08.91","Wed 11/18/2015- 6:20:32.73",1447801148,1447802432,22862,1447801164,1447802503,-16,71,1284,1339,55
"blast500k_test_pub_fileFULL_gr_4576","IS24T-06XX284-DT","Wed 11/18/2015- 5:54:53.98","Wed 11/18/2015- 6:19:08.83",1447800893,1447802348,22863,1447800901,1447802410,-8,62,1455,1509,54
"blast500k_test_pub_fileFULL_gr_4577","IS24T-06XX279-DT","Wed 11/18/2015- 6:05:02.78","Wed 11/18/2015- 6:23:06.11",1447801502,1447802586,22864,1447801511,1447802633,-9,47,1084,1122,38
"blast500k_test_pub_fileFULL_gr_4578","IS24T-06XX260-DT","Wed 11/18/2015- 5:58:20.95","Wed 11/18/2015- 6:16:44.62",1447801100,1447802204,22865,1447801075,1447802221,25,17,1104,1146,42
"blast500k_test_pub_fileFULL_gr_4579","IS24T-06XX261-DT","Wed 11/18/2015- 5:53:45.81","Wed 11/18/2015- 6:13:40.62",1447800825,1447802020,22866,1447800803,1447802035,22,15,1195,1232,37
"blast500k_test_pub_fileFULL_gr_458","IS24T-06XX259-DT","Tue 11/17/2015-18:50:50.57","Tue 11/17/2015-19:11:41.72",1447761050,1447762301,18745,1447761027,1447762317,23,16,1251,1290,39
"blast500k_test_pub_fileFULL_gr_4580","IS24T-06XX282-DT","Wed 11/18/2015- 5:57:59.40","Wed 11/18/2015- 6:13:19.48",1447801079,1447801999,22867,1447801066,1447802018,13,19,920,952,32
"blast500k_test_pub_fileFULL_gr_4581","IS24T-06XX287-DT","Wed 11/18/2015- 5:55:47.93","Wed 11/18/2015- 6:10:31.01",1447800947,1447801831,22868,1447800946,1447801864,1,33,884,918,34
"blast500k_test_pub_fileFULL_gr_4582","IS24T-06XX297-DT","Wed 11/18/2015- 6:18:28.30","Wed 11/18/2015- 6:36:57.74",1447802308,1447803417,22869,1447802290,1447803452,18,35,1109,1162,53
"blast500k_test_pub_fileFULL_gr_4583","IS24T-06XX274-DT","Wed 11/18/2015- 6:06:05.26","Wed 11/18/2015- 6:19:08.25",1447801565,1447802348,22870,1447801540,1447802364,25,16,783,824,41
"blast500k_test_pub_fileFULL_gr_4584","IS24T-06XX286-DT","Wed 11/18/2015- 6:01:11.98","Wed 11/18/2015- 6:19:13.82",1447801271,1447802353,22871,1447801272,1447802382,-1,29,1082,1110,28
"blast500k_test_pub_fileFULL_gr_4585","IS24T-06XX281-DT","Wed 11/18/2015- 6:07:24.26","Wed 11/18/2015- 6:26:05.81",1447801644,1447802765,22872,1447801630,1447802792,14,27,1121,1162,41
"blast500k_test_pub_fileFULL_gr_4586","IS24T-06XX275-DT","Wed 11/18/2015- 6:11:42.60","Wed 11/18/2015- 6:26:58.34",1447801902,1447802818,22873,1447801891,1447802847,11,29,916,956,40
"blast500k_test_pub_fileFULL_gr_4587","IS24T-06XX267-DT","Wed 11/18/2015- 6:09:22.65","Wed 11/18/2015- 6:20:27.63",1447801762,1447802427,22874,1447801749,1447802444,13,17,665,695,30
"blast500k_test_pub_fileFULL_gr_4588","IS24T-06XX209-DT","Wed 11/18/2015- 6:06:40.06","Wed 11/18/2015- 6:27:41.91",1447801600,1447802861,22875,1447801602,1447802932,-2,71,1261,1330,69
"blast500k_test_pub_fileFULL_gr_4589","IS24T-06XX264-DT","Wed 11/18/2015- 6:13:25.49","Wed 11/18/2015- 6:33:40.22",1447802005,1447803220,22876,1447801976,1447803233,29,13,1215,1257,42
"blast500k_test_pub_fileFULL_gr_459","IS24T-06XX260-DT","Tue 11/17/2015-19:27:00.87","Tue 11/17/2015-19:46:22.34",1447763220,1447764382,18746,1447763201,1447764399,19,17,1162,1198,36
"blast500k_test_pub_fileFULL_gr_4590","IS24T-06XX292-DT","Wed 11/18/2015- 6:04:16.84","Wed 11/18/2015- 6:22:13.12",1447801456,1447802533,22877,1447801500,1447802615,-44,82,1077,1115,38
"blast500k_test_pub_fileFULL_gr_4591","IS24T-06XX269-DT","Wed 11/18/2015- 6:00:37.94","Wed 11/18/2015- 6:15:43.68",1447801237,1447802143,22878,1447801227,1447802174,10,31,906,947,41
"blast500k_test_pub_fileFULL_gr_4592","IS24T-06XX272-DT","Wed 11/18/2015- 5:58:37.62","Wed 11/18/2015- 6:12:20.79",1447801117,1447801940,22879,1447800958,1447801959,159,19,823,1001,178
"blast500k_test_pub_fileFULL_gr_4593","IS24T-06XX272-DT","Wed 11/18/2015- 6:00:40.31","Wed 11/18/2015- 6:22:42.97",1447801240,1447802562,22880,1447801225,1447802581,15,19,1322,1356,34
"blast500k_test_pub_fileFULL_gr_4594","IS24T-06XX299-DT","Wed 11/18/2015- 5:55:43.45","Wed 11/18/2015- 6:12:45.24",1447800943,1447801965,22881,1447800960,1447802017,-17,52,1022,1057,35
"blast500k_test_pub_fileFULL_gr_4595","IS24T-06XX257-DT","Wed 11/18/2015- 6:04:16.22","Wed 11/18/2015- 6:18:45.83",1447801456,1447802325,22882,1447801429,1447802342,27,17,869,913,44
"blast500k_test_pub_fileFULL_gr_4596","IS24T-06XX275-DT","Wed 11/18/2015- 5:59:23.90","Wed 11/18/2015- 6:15:03.92",1447801163,1447802103,22883,1447801137,1447802134,26,31,940,997,57
"blast500k_test_pub_fileFULL_gr_4597","IS24T-06XX261-DT","Wed 11/18/2015- 6:01:15.40","Wed 11/18/2015- 6:19:34.46",1447801275,1447802374,22884,1447801250,1447802392,25,18,1099,1142,43
"blast500k_test_pub_fileFULL_gr_4598","IS24T-06XX298-DT","Wed 11/18/2015- 6:17:19.23","Wed 11/18/2015- 6:40:00.77",1447802239,1447803600,22885,1447802282,1447803670,-43,70,1361,1388,27
"blast500k_test_pub_fileFULL_gr_4599","IS24T-06XX295-DT","Wed 11/18/2015- 6:31:53.48","Wed 11/18/2015- 6:46:28.82",1447803113,1447803988,22886,1447803115,1447804049,-2,61,875,934,59
"blast500k_test_pub_fileFULL_gr_46","IS24T-06XX257-DT","Tue 11/17/2015-17:43:17.93","Tue 11/17/2015-18:05:29.11",1447756997,1447758329,18333,1447756970,1447758344,27,15,1332,1374,42
"blast500k_test_pub_fileFULL_gr_460","IS24T-06XX262-DT","Tue 11/17/2015-19:10:21.61","Tue 11/17/2015-19:38:12.50",1447762221,1447763892,18747,1447762204,1447763918,17,26,1671,1714,43
"blast500k_test_pub_fileFULL_gr_4600","IS24T-06XX298-DT","Wed 11/18/2015- 6:00:38.43","Wed 11/18/2015- 6:15:24.82",1447801238,1447802124,22887,1447801278,1447802197,-40,73,886,919,33
"blast500k_test_pub_fileFULL_gr_4601","IS24T-06XX281-DT","Wed 11/18/2015- 5:57:24.66","Wed 11/18/2015- 6:14:11.36",1447801044,1447802051,22888,1447801028,1447802079,16,28,1007,1051,44
"blast500k_test_pub_fileFULL_gr_4602","IS24T-06XX269-DT","Wed 11/18/2015- 6:04:45.83","Wed 11/18/2015- 6:16:46.55",1447801485,1447802206,22889,1447801484,1447802234,1,28,721,750,29
"blast500k_test_pub_fileFULL_gr_4603","IS24T-06XX269-DT","Wed 11/18/2015- 6:29:31.94","Wed 11/18/2015- 6:48:24.62",1447802971,1447804104,22890,1447802962,1447804135,9,31,1133,1173,40
"blast500k_test_pub_fileFULL_gr_4604","IS24T-06XX295-DT","Wed 11/18/2015- 5:57:49.90","Wed 11/18/2015- 6:08:02.56",1447801069,1447801682,22891,1447801088,1447801737,-19,55,613,649,36
"blast500k_test_pub_fileFULL_gr_4605","IS24T-06XX264-DT","Wed 11/18/2015- 6:04:48.44","Wed 11/18/2015- 6:26:25.43",1447801488,1447802785,22892,1447801450,1447802799,38,14,1297,1349,52
"blast500k_test_pub_fileFULL_gr_4606","IS24T-06XX264-DT","Wed 11/18/2015- 7:03:38.44","Wed 11/18/2015- 7:17:09.88",1447805018,1447805829,22893,1447804984,1447805846,34,17,811,862,51
"blast500k_test_pub_fileFULL_gr_4607","IS24T-06XX296-DT","Wed 11/18/2015- 6:35:49.26","Wed 11/18/2015- 6:50:38.21",1447803349,1447804238,22894,1447803346,1447804268,3,30,889,922,33
"blast500k_test_pub_fileFULL_gr_4608","IS24T-06XX285-DT","Wed 11/18/2015- 6:11:56.76","Wed 11/18/2015- 6:22:11.35",1447801916,1447802531,22895,1447801902,1447802558,14,27,615,656,41
"blast500k_test_pub_fileFULL_gr_4609","IS24T-06XX273-DT","Wed 11/18/2015- 6:19:13.21","Wed 11/18/2015- 6:37:32.87",1447802353,1447803452,22896,1447802330,1447803467,23,15,1099,1137,38
"blast500k_test_pub_fileFULL_gr_461","IS24T-06XX296-DT","Tue 11/17/2015-18:38:58.42","Tue 11/17/2015-19:00:02.59",1447760338,1447761602,18748,1447760323,1447761631,15,29,1264,1308,44
"blast500k_test_pub_fileFULL_gr_4610","IS24T-06XX266-DT","Wed 11/18/2015- 6:02:04.70","Wed 11/18/2015- 6:13:06.69",1447801324,1447801986,22897,1447801299,1447802004,25,18,662,705,43
"blast500k_test_pub_fileFULL_gr_4611","IS24T-06XX263-DT","Wed 11/18/2015- 6:05:49.75","Wed 11/18/2015- 6:18:34.66",1447801549,1447802314,22898,1447801523,1447802333,26,19,765,810,45
"blast500k_test_pub_fileFULL_gr_4612","IS24T-06XX276-DT","Wed 11/18/2015- 6:49:51.35","Wed 11/18/2015- 6:59:21.45",1447804191,1447804761,22899,1447804166,1447804779,25,18,570,613,43
"blast500k_test_pub_fileFULL_gr_4613","IS24T-06XX296-DT","Wed 11/18/2015- 6:02:32.10","Wed 11/18/2015- 6:10:18.71",1447801352,1447801818,22900,1447801336,1447801846,16,28,466,510,44
"blast500k_test_pub_fileFULL_gr_4614","IS24T-06XX278-DT","Wed 11/18/2015- 6:18:16.04","Wed 11/18/2015- 6:33:33.60",1447802296,1447803213,22901,1447802284,1447803244,12,31,917,960,43
"blast500k_test_pub_fileFULL_gr_4615","IS24T-06XX265-DT","Wed 11/18/2015- 6:06:30.32","Wed 11/18/2015- 6:22:56.28",1447801590,1447802576,22902,1447801558,1447802589,32,13,986,1031,45
"blast500k_test_pub_fileFULL_gr_4616","IS24T-06XX266-DT","Wed 11/18/2015- 6:23:18.73","Wed 11/18/2015- 6:39:02.34",1447802598,1447803542,22903,1447802585,1447803557,13,15,944,972,28
"blast500k_test_pub_fileFULL_gr_4617","IS24T-06XX275-DT","Wed 11/18/2015- 6:36:44.18","Wed 11/18/2015- 6:54:49.24",1447803404,1447804489,22904,1447803392,1447804520,12,31,1085,1128,43
"blast500k_test_pub_fileFULL_gr_4618","IS24T-06XX293-DT","Wed 11/18/2015- 6:05:21.67","Wed 11/18/2015- 6:27:01.40",1447801521,1447802821,22905,1447801512,1447802854,9,33,1300,1342,42
"blast500k_test_pub_fileFULL_gr_4619","IS24T-06XX277-DT","Wed 11/18/2015- 6:16:16.85","Wed 11/18/2015- 6:33:39.06",1447802176,1447803219,22906,1447802152,1447803236,24,17,1043,1084,41
"blast500k_test_pub_fileFULL_gr_462","IS24T-06XX289-DT","Tue 11/17/2015-18:38:43.35","Tue 11/17/2015-18:51:28.45",1447760323,1447761088,18749,1447760324,1447761118,-1,30,765,794,29
"blast500k_test_pub_fileFULL_gr_4620","IS24T-06XX282-DT","Wed 11/18/2015- 6:25:39.23","Wed 11/18/2015- 6:42:58.10",1447802739,1447803778,22907,1447802727,1447803801,12,23,1039,1074,35
"blast500k_test_pub_fileFULL_gr_4621","IS24T-06XX258-DT","Wed 11/18/2015- 6:09:44.46","Wed 11/18/2015- 6:21:23.44",1447801784,1447802483,22908,1447801760,1447802501,24,18,699,741,42
"blast500k_test_pub_fileFULL_gr_4622","IS24T-06XX252-DT","Wed 11/18/2015- 7:10:07.40","Wed 11/18/2015- 7:29:00.39",1447805407,1447806540,22909,1447805379,1447806554,28,14,1133,1175,42
"blast500k_test_pub_fileFULL_gr_4623","IS24T-06XX256-DT","Wed 11/18/2015- 6:17:01.04","Wed 11/18/2015- 6:33:00.49",1447802221,1447803180,22910,1447802196,1447803199,25,19,959,1003,44
"blast500k_test_pub_fileFULL_gr_4624","IS24T-06XX286-DT","Wed 11/18/2015- 6:32:27.35","Wed 11/18/2015- 6:57:34.66",1447803147,1447804654,22911,1447803133,1447804685,14,31,1507,1552,45
"blast500k_test_pub_fileFULL_gr_4625","IS24T-06XX277-DT","Wed 11/18/2015- 6:02:42.55","Wed 11/18/2015- 6:15:47.53",1447801362,1447802147,22912,1447801351,1447802164,11,17,785,813,28
"blast500k_test_pub_fileFULL_gr_4626","IS24T-06XX297-DT","Wed 11/18/2015- 6:01:13.76","Wed 11/18/2015- 6:28:00.09",1447801273,1447802880,22913,1447801263,1447802914,10,34,1607,1651,44
"blast500k_test_pub_fileFULL_gr_4627","IS24T-06XX288-DT","Wed 11/18/2015- 6:09:18.95","Wed 11/18/2015- 6:27:58.44",1447801758,1447802878,22914,1447801722,1447802891,36,13,1120,1169,49
"blast500k_test_pub_fileFULL_gr_4628","IS24T-06XX263-DT","Wed 11/18/2015- 6:19:09.40","Wed 11/18/2015- 6:30:55.90",1447802349,1447803055,22915,1447802321,1447803070,28,15,706,749,43
"blast500k_test_pub_fileFULL_gr_4629","IS24T-06XX299-DT","Wed 11/18/2015- 6:13:11.95","Wed 11/18/2015- 6:38:45.49",1447801991,1447803525,22916,1447802004,1447803579,-13,54,1534,1575,41
"blast500k_test_pub_fileFULL_gr_463","IS24T-06XX284-DT","Tue 11/17/2015-19:45:27.16","Tue 11/17/2015-20:09:52.30",1447764327,1447765792,18750,1447764337,1447765852,-10,60,1465,1515,50
"blast500k_test_pub_fileFULL_gr_4630","IS24T-06XX300-DT","Wed 11/18/2015- 6:05:31.57","Wed 11/18/2015- 6:17:45.29",1447801531,1447802265,22917,1447801528,1447802292,3,27,734,764,30
"blast500k_test_pub_fileFULL_gr_4631","IS24T-06XX288-DT","Wed 11/18/2015- 6:21:40.08","Wed 11/18/2015- 6:49:58.20",1447802500,1447804198,22918,1447802453,1447804208,47,10,1698,1755,57
"blast500k_test_pub_fileFULL_gr_4632","IS24T-06XX289-DT","Wed 11/18/2015- 6:51:18.24","Wed 11/18/2015- 7:06:27.14",1447804278,1447805187,22919,1447804272,1447805219,6,32,909,947,38
"blast500k_test_pub_fileFULL_gr_4633","IS24T-06XX255-DT","Wed 11/18/2015- 6:02:47.38","Wed 11/18/2015- 6:22:35.45",1447801367,1447802555,22920,1447801344,1447802569,23,14,1188,1225,37
"blast500k_test_pub_fileFULL_gr_4634","IS24T-06XX262-DT","Wed 11/18/2015- 6:01:58.85","Wed 11/18/2015- 6:24:55.10",1447801318,1447802695,22921,1447801292,1447802723,26,28,1377,1431,54
"blast500k_test_pub_fileFULL_gr_4635","IS24T-06XX254-DT","Wed 11/18/2015- 6:05:56.24","Wed 11/18/2015- 6:37:22.64",1447801556,1447803442,22922,1447801501,1447803457,55,15,1886,1956,70
"blast500k_test_pub_fileFULL_gr_4636","IS24T-06XX253-DT","Wed 11/18/2015- 6:02:21.90","Wed 11/18/2015- 6:12:40.82",1447801341,1447801960,22923,1447801325,1447801978,16,18,619,653,34
"blast500k_test_pub_fileFULL_gr_4637","IS24T-06XX209-DT","Wed 11/18/2015- 6:02:42.25","Wed 11/18/2015- 6:33:28.75",1447801362,1447803208,22924,1447801377,1447803276,-15,68,1846,1899,53
"blast500k_test_pub_fileFULL_gr_4638","IS24T-06XX291-DT","Wed 11/18/2015- 6:29:07.56","Wed 11/18/2015- 6:40:25.12",1447802947,1447803625,22925,1447802935,1447803654,12,29,678,719,41
"blast500k_test_pub_fileFULL_gr_4639","IS24T-06XX296-DT","Wed 11/18/2015- 6:23:53.02","Wed 11/18/2015- 6:35:29.68",1447802633,1447803329,22926,1447802628,1447803358,5,29,696,730,34
"blast500k_test_pub_fileFULL_gr_464","IS24T-06XX261-DT","Tue 11/17/2015-18:40:58.53","Tue 11/17/2015-18:57:52.33",1447760458,1447761472,18751,1447760433,1447761487,25,15,1014,1054,40
"blast500k_test_pub_fileFULL_gr_4640","IS24T-06XX296-DT","Wed 11/18/2015- 6:07:38.72","Wed 11/18/2015- 6:21:27.38",1447801658,1447802487,22927,1447801645,1447802512,13,25,829,867,38
"blast500k_test_pub_fileFULL_gr_4641","IS24T-06XX291-DT","Wed 11/18/2015- 6:02:47.18","Wed 11/18/2015- 6:18:45.61",1447801367,1447802325,22928,1447801355,1447802351,12,26,958,996,38
"blast500k_test_pub_fileFULL_gr_4642","IS24T-06XX266-DT","Wed 11/18/2015- 6:59:20.28","Wed 11/18/2015- 7:14:11.37",1447804760,1447805651,22929,1447804732,1447805668,28,17,891,936,45
"blast500k_test_pub_fileFULL_gr_4643","IS24T-06XX292-DT","Wed 11/18/2015- 6:22:38.68","Wed 11/18/2015- 6:46:52.20",1447802558,1447804012,22930,1447802603,1447804094,-45,82,1454,1491,37
"blast500k_test_pub_fileFULL_gr_4644","IS24T-06XX298-DT","Wed 11/18/2015- 6:15:56.80","Wed 11/18/2015- 6:31:08.66",1447802156,1447803068,22931,1447802185,1447803129,-29,61,912,944,32
"blast500k_test_pub_fileFULL_gr_4645","IS24T-06XX256-DT","Wed 11/18/2015- 6:38:26.28","Wed 11/18/2015- 6:50:56.12",1447803506,1447804256,22932,1447803478,1447804274,28,18,750,796,46
"blast500k_test_pub_fileFULL_gr_4646","IS24T-06XX284-DT","Wed 11/18/2015- 6:05:11.63","Wed 11/18/2015- 6:52:22.64",1447801511,1447804342,22933,1447801522,1447804404,-11,62,2831,2882,51
"blast500k_test_pub_fileFULL_gr_4647","IS24T-06XX278-DT","Wed 11/18/2015- 6:19:40.86","Wed 11/18/2015- 6:35:45.13",1447802380,1447803345,22934,1447802385,1447803376,-5,31,965,991,26
"blast500k_test_pub_fileFULL_gr_4648","IS24T-06XX292-DT","Wed 11/18/2015- 6:09:52.14","Wed 11/18/2015- 6:23:11.10",1447801792,1447802591,22935,1447801845,1447802675,-53,84,799,830,31
"blast500k_test_pub_fileFULL_gr_4649","IS24T-06XX282-DT","Wed 11/18/2015- 6:13:42.81","Wed 11/18/2015- 6:25:14.43",1447802022,1447802714,22936,1447802018,1447802738,4,24,692,720,28
"blast500k_test_pub_fileFULL_gr_465","IS24T-06XX284-DT","Tue 11/17/2015-18:42:22.35","Tue 11/17/2015-19:03:37.17",1447760542,1447761817,18752,1447760558,1447761878,-16,61,1275,1320,45
"blast500k_test_pub_fileFULL_gr_4650","IS24T-06XX271-DT","Wed 11/18/2015- 6:08:20.90","Wed 11/18/2015- 6:17:32.58",1447801700,1447802252,22937,1447801677,1447802270,23,18,552,593,41
"blast500k_test_pub_fileFULL_gr_4651","IS24T-06XX284-DT","Wed 11/18/2015- 6:25:17.51","Wed 11/18/2015- 6:45:06.51",1447802717,1447803906,22938,1447802726,1447803970,-9,64,1189,1244,55
"blast500k_test_pub_fileFULL_gr_4652","IS24T-06XX272-DT","Wed 11/18/2015- 7:08:47.04","Wed 11/18/2015- 7:20:58.34",1447805327,1447806058,22939,1447805302,1447806076,25,18,731,774,43
"blast500k_test_pub_fileFULL_gr_4653","IS24T-06XX258-DT","Wed 11/18/2015- 6:37:48.40","Wed 11/18/2015- 6:58:31.13",1447803468,1447804711,22940,1447803448,1447804729,20,18,1243,1281,38
"blast500k_test_pub_fileFULL_gr_4654","IS24T-06XX257-DT","Wed 11/18/2015- 6:09:44.57","Wed 11/18/2015- 6:21:49.29",1447801784,1447802509,22941,1447801756,1447802523,28,14,725,767,42
"blast500k_test_pub_fileFULL_gr_4655","IS24T-06XX287-DT","Wed 11/18/2015- 6:11:18.88","Wed 11/18/2015- 6:25:51.82",1447801878,1447802751,22942,1447801875,1447802784,3,33,873,909,36
"blast500k_test_pub_fileFULL_gr_4656","IS24T-06XX274-DT","Wed 11/18/2015- 6:12:03.06","Wed 11/18/2015- 6:25:45.50",1447801923,1447802745,22943,1447801902,1447802761,21,16,822,859,37
"blast500k_test_pub_fileFULL_gr_4657","IS24T-06XX258-DT","Wed 11/18/2015- 6:21:52.87","Wed 11/18/2015- 6:31:50.95",1447802512,1447803110,22944,1447802488,1447803128,24,18,598,640,42
"blast500k_test_pub_fileFULL_gr_4658","IS24T-06XX280-DT","Wed 11/18/2015- 6:05:25.70","Wed 11/18/2015- 6:23:57.55",1447801525,1447802637,22945,1447801677,1447802821,-152,184,1112,1144,32
"blast500k_test_pub_fileFULL_gr_4659","IS24T-06XX267-DT","Wed 11/18/2015- 6:20:47.16","Wed 11/18/2015- 6:29:58.49",1447802447,1447802998,22946,1447802432,1447803015,15,17,551,583,32
"blast500k_test_pub_fileFULL_gr_466","IS24T-06XX288-DT","Tue 11/17/2015-19:20:12.31","Tue 11/17/2015-19:41:43.58",1447762812,1447764103,18753,1447762780,1447764116,32,13,1291,1336,45
"blast500k_test_pub_fileFULL_gr_4660","IS24T-06XX273-DT","Wed 11/18/2015- 6:27:59.52","Wed 11/18/2015- 6:48:24.82",1447802879,1447804104,22947,1447802847,1447804119,32,15,1225,1272,47
"blast500k_test_pub_fileFULL_gr_4661","IS24T-06XX300-DT","Wed 11/18/2015- 6:12:35.85","Wed 11/18/2015- 6:27:48.01",1447801955,1447802868,22948,1447801939,1447802891,16,23,913,952,39
"blast500k_test_pub_fileFULL_gr_4662","IS24T-06XX257-DT","Wed 11/18/2015- 6:19:17.00","Wed 11/18/2015- 6:29:52.45",1447802357,1447802992,22949,1447802329,1447803010,28,18,635,681,46
"blast500k_test_pub_fileFULL_gr_4663","IS24T-06XX278-DT","Wed 11/18/2015- 6:11:01.98","Wed 11/18/2015- 6:19:26.95",1447801861,1447802366,22950,1447801851,1447802397,10,31,505,546,41
"blast500k_test_pub_fileFULL_gr_4664","IS24T-06XX272-DT","Wed 11/18/2015- 6:12:51.52","Wed 11/18/2015- 6:26:27.33",1447801971,1447802787,22951,1447801948,1447802805,23,18,816,857,41
"blast500k_test_pub_fileFULL_gr_4665","IS24T-06XX209-DT","Wed 11/18/2015- 6:06:39.74","Wed 11/18/2015- 6:29:00.58",1447801599,1447802940,22952,1447801614,1447803010,-15,70,1341,1396,55
"blast500k_test_pub_fileFULL_gr_4666","IS24T-06XX284-DT","Wed 11/18/2015- 6:08:00.94","Wed 11/18/2015- 6:24:33.96",1447801680,1447802673,22953,1447801697,1447802738,-17,65,993,1041,48
"blast500k_test_pub_fileFULL_gr_4667","IS24T-06XX276-DT","Wed 11/18/2015- 6:19:43.84","Wed 11/18/2015- 6:35:03.71",1447802383,1447803303,22954,1447802361,1447803323,22,20,920,962,42
"blast500k_test_pub_fileFULL_gr_4668","IS24T-06XX264-DT","Wed 11/18/2015- 6:10:27.36","Wed 11/18/2015- 6:29:40.00",1447801827,1447802980,22955,1447801800,1447802997,27,17,1153,1197,44
"blast500k_test_pub_fileFULL_gr_4669","IS24T-06XX298-DT","Wed 11/18/2015- 7:06:18.37","Wed 11/18/2015- 7:23:37.30",1447805178,1447806217,22956,1447805218,1447806286,-40,69,1039,1068,29
"blast500k_test_pub_fileFULL_gr_467","IS24T-06XX295-DT","Tue 11/17/2015-18:38:37.20","Tue 11/17/2015-18:57:57.61",1447760317,1447761477,18754,1447760338,1447761538,-21,61,1160,1200,40
"blast500k_test_pub_fileFULL_gr_4670","IS24T-06XX256-DT","Wed 11/18/2015- 6:19:10.64","Wed 11/18/2015- 6:37:55.08",1447802350,1447803475,22957,1447802336,1447803491,14,16,1125,1155,30
"blast500k_test_pub_fileFULL_gr_4671","IS24T-06XX266-DT","Wed 11/18/2015- 6:07:56.26","Wed 11/18/2015- 6:17:07.90",1447801676,1447802227,22958,1447801650,1447802245,26,18,551,595,44
"blast500k_test_pub_fileFULL_gr_4672","IS24T-06XX278-DT","Wed 11/18/2015- 6:36:12.40","Wed 11/18/2015- 6:47:51.50",1447803372,1447804071,22959,1447803364,1447804103,8,32,699,739,40
"blast500k_test_pub_fileFULL_gr_4673","IS24T-06XX283-DT","Wed 11/18/2015- 6:11:15.90","Wed 11/18/2015- 6:22:07.26",1447801875,1447802527,22960,1447801875,1447802553,0,26,652,678,26
"blast500k_test_pub_fileFULL_gr_4674","IS24T-06XX271-DT","Wed 11/18/2015- 6:38:28.64","Wed 11/18/2015- 6:51:31.40",1447803508,1447804291,22961,1447803481,1447804306,27,15,783,825,42
"blast500k_test_pub_fileFULL_gr_4675","IS24T-06XX266-DT","Wed 11/18/2015- 6:13:26.21","Wed 11/18/2015- 6:23:00.84",1447802006,1447802580,22962,1447801992,1447802598,14,18,574,606,32
"blast500k_test_pub_fileFULL_gr_4676","IS24T-06XX297-DT","Wed 11/18/2015- 6:11:34.86","Wed 11/18/2015- 6:35:05.97",1447801894,1447803305,22963,1447801884,1447803331,10,26,1411,1447,36
"blast500k_test_pub_fileFULL_gr_4677","IS24T-06XX286-DT","Wed 11/18/2015- 6:19:43.99","Wed 11/18/2015- 6:31:58.66",1447802383,1447803118,22964,1447802370,1447803146,13,28,735,776,41
"blast500k_test_pub_fileFULL_gr_4678","IS24T-06XX276-DT","Wed 11/18/2015- 6:08:41.73","Wed 11/18/2015- 6:19:16.73",1447801721,1447802356,22965,1447801709,1447802373,12,17,635,664,29
"blast500k_test_pub_fileFULL_gr_4679","IS24T-06XX286-DT","Wed 11/18/2015- 6:40:50.67","Wed 11/18/2015- 6:58:23.24",1447803650,1447804703,22966,1447803634,1447804723,16,20,1053,1089,36
"blast500k_test_pub_fileFULL_gr_468","IS24T-06XX282-DT","Tue 11/17/2015-18:43:10.10","Tue 11/17/2015-18:54:14.91",1447760590,1447761254,18755,1447760574,1447761283,16,29,664,709,45
"blast500k_test_pub_fileFULL_gr_4680","IS24T-06XX287-DT","Wed 11/18/2015- 6:26:16.91","Wed 11/18/2015- 6:37:09.37",1447802776,1447803429,22967,1447802773,1447803458,3,29,653,685,32
"blast500k_test_pub_fileFULL_gr_4681","IS24T-06XX256-DT","Wed 11/18/2015- 6:33:30.51","Wed 11/18/2015- 6:48:38.47",1447803210,1447804118,22968,1447803187,1447804134,23,16,908,947,39
"blast500k_test_pub_fileFULL_gr_4682","IS24T-06XX277-DT","Wed 11/18/2015- 6:19:39.02","Wed 11/18/2015- 6:27:56.25",1447802379,1447802876,22969,1447802363,1447802894,16,18,497,531,34
"blast500k_test_pub_fileFULL_gr_4683","IS24T-06XX295-DT","Wed 11/18/2015- 6:08:28.48","Wed 11/18/2015- 6:20:03.40",1447801708,1447802403,22970,1447801725,1447802461,-17,58,695,736,41
"blast500k_test_pub_fileFULL_gr_4684","IS24T-06XX259-DT","Wed 11/18/2015- 6:21:58.00","Wed 11/18/2015- 6:39:13.05",1447802518,1447803553,22971,1447802507,1447803567,11,14,1035,1060,25
"blast500k_test_pub_fileFULL_gr_4685","IS24T-06XX289-DT","Wed 11/18/2015- 6:25:14.05","Wed 11/18/2015- 6:34:46.71",1447802714,1447803286,22972,1447802707,1447803322,7,36,572,615,43
"blast500k_test_pub_fileFULL_gr_4686","IS24T-06XX265-DT","Wed 11/18/2015- 6:23:40.73","Wed 11/18/2015- 6:42:35.79",1447802620,1447803755,22973,1447802602,1447803774,18,19,1135,1172,37
"blast500k_test_pub_fileFULL_gr_4687","IS24T-06XX287-DT","Wed 11/18/2015- 6:12:12.36","Wed 11/18/2015- 6:27:35.22",1447801932,1447802855,22974,1447801934,1447802891,-2,36,923,957,34
"blast500k_test_pub_fileFULL_gr_4688","IS24T-06XX293-DT","Wed 11/18/2015- 6:12:12.94","Wed 11/18/2015- 6:36:00.55",1447801932,1447803360,22975,1447801939,1447803397,-7,37,1428,1458,30
"blast500k_test_pub_fileFULL_gr_4689","IS24T-06XX252-DT","Wed 11/18/2015- 6:13:47.08","Wed 11/18/2015- 6:36:06.32",1447802027,1447803366,22976,1447802001,1447803385,26,19,1339,1384,45
"blast500k_test_pub_fileFULL_gr_469","IS24T-06XX285-DT","Tue 11/17/2015-18:46:42.83","Tue 11/17/2015-19:01:15.35",1447760802,1447761675,18756,1447760789,1447761702,13,27,873,913,40
"blast500k_test_pub_fileFULL_gr_4690","IS24T-06XX272-DT","Wed 11/18/2015- 6:23:18.72","Wed 11/18/2015- 6:34:15.21",1447802598,1447803255,22977,1447802570,1447803270,28,15,657,700,43
"blast500k_test_pub_fileFULL_gr_4691","IS24T-06XX257-DT","Wed 11/18/2015- 6:22:04.03","Wed 11/18/2015- 6:37:07.55",1447802524,1447803427,22978,1447802511,1447803442,13,15,903,931,28
"blast500k_test_pub_fileFULL_gr_4692","IS24T-06XX285-DT","Wed 11/18/2015- 6:19:10.92","Wed 11/18/2015- 6:35:46.64",1447802350,1447803346,22979,1447802334,1447803370,16,24,996,1036,40
"blast500k_test_pub_fileFULL_gr_4693","IS24T-06XX255-DT","Wed 11/18/2015- 6:34:54.45","Wed 11/18/2015- 6:55:37.85",1447803294,1447804537,22980,1447803268,1447804552,26,15,1243,1284,41
"blast500k_test_pub_fileFULL_gr_4694","IS24T-06XX253-DT","Wed 11/18/2015- 6:31:04.58","Wed 11/18/2015- 6:46:21.35",1447803064,1447803981,22981,1447803039,1447803998,25,17,917,959,42
"blast500k_test_pub_fileFULL_gr_4695","IS24T-06XX269-DT","Wed 11/18/2015- 6:16:14.71","Wed 11/18/2015- 6:28:44.63",1447802174,1447802924,22982,1447802161,1447802951,13,27,750,790,40
"blast500k_test_pub_fileFULL_gr_4696","IS24T-06XX284-DT","Wed 11/18/2015- 6:14:51.61","Wed 11/18/2015- 6:40:50.12",1447802091,1447803650,22983,1447802099,1447803712,-8,62,1559,1613,54
"blast500k_test_pub_fileFULL_gr_4697","IS24T-06XX296-DT","Wed 11/18/2015- 6:22:18.54","Wed 11/18/2015- 6:30:06.54",1447802538,1447803006,22984,1447802524,1447803031,14,25,468,507,39
"blast500k_test_pub_fileFULL_gr_4698","IS24T-06XX291-DT","Wed 11/18/2015- 6:19:00.33","Wed 11/18/2015- 6:28:43.29",1447802340,1447802923,22985,1447802338,1447802947,2,24,583,609,26
"blast500k_test_pub_fileFULL_gr_4699","IS24T-06XX288-DT","Wed 11/18/2015- 6:18:34.47","Wed 11/18/2015- 6:37:24.46",1447802314,1447803444,22986,1447802256,1447803458,58,14,1130,1202,72
"blast500k_test_pub_fileFULL_gr_47","IS24T-06XX297-DT","Tue 11/17/2015-17:42:19.14","Tue 11/17/2015-18:04:08.47",1447756939,1447758248,18334,1447756892,1447758284,47,36,1309,1392,83
"blast500k_test_pub_fileFULL_gr_470","IS24T-06XX275-DT","Tue 11/17/2015-19:10:22.30","Tue 11/17/2015-19:26:06.66",1447762222,1447763166,18757,1447762209,1447763195,13,29,944,986,42
"blast500k_test_pub_fileFULL_gr_4700","IS24T-06XX209-DT","Wed 11/18/2015- 6:21:11.42","Wed 11/18/2015- 6:40:53.89",1447802471,1447803653,22987,1447802492,1447803722,-21,69,1182,1230,48
"blast500k_test_pub_fileFULL_gr_4701","IS24T-06XX261-DT","Wed 11/18/2015- 6:31:31.00","Wed 11/18/2015- 6:48:02.59",1447803091,1447804082,22988,1447803068,1447804093,23,11,991,1025,34
"blast500k_test_pub_fileFULL_gr_4702","IS24T-06XX253-DT","Wed 11/18/2015- 6:19:18.57","Wed 11/18/2015- 6:31:43.51",1447802358,1447803103,22989,1447802331,1447803121,27,18,745,790,45
"blast500k_test_pub_fileFULL_gr_4703","IS24T-06XX291-DT","Wed 11/18/2015- 6:15:34.24","Wed 11/18/2015- 6:31:34.05",1447802134,1447803094,22990,1447802118,1447803122,16,28,960,1004,44
"blast500k_test_pub_fileFULL_gr_4704","IS24T-06XX287-DT","Wed 11/18/2015- 6:37:28.68","Wed 11/18/2015- 6:51:35.26",1447803448,1447804295,22991,1447803445,1447804324,3,29,847,879,32
"blast500k_test_pub_fileFULL_gr_4705","IS24T-06XX254-DT","Wed 11/18/2015- 6:15:28.28","Wed 11/18/2015- 6:38:07.82",1447802128,1447803487,22992,1447802099,1447803504,29,17,1359,1405,46
"blast500k_test_pub_fileFULL_gr_4706","IS24T-06XX272-DT","Wed 11/18/2015- 6:26:57.71","Wed 11/18/2015- 6:40:20.51",1447802817,1447803620,22993,1447802793,1447803637,24,17,803,844,41
"blast500k_test_pub_fileFULL_gr_4707","IS24T-06XX266-DT","Wed 11/18/2015- 6:17:40.28","Wed 11/18/2015- 6:29:13.64",1447802260,1447802953,22994,1447802233,1447802970,27,17,693,737,44
"blast500k_test_pub_fileFULL_gr_4708","IS24T-06XX281-DT","Wed 11/18/2015- 6:14:42.82","Wed 11/18/2015- 6:35:46.95",1447802082,1447803346,22995,1447802067,1447803374,15,28,1264,1307,43
"blast500k_test_pub_fileFULL_gr_4709","IS24T-06XX262-DT","Wed 11/18/2015- 6:25:35.72","Wed 11/18/2015- 6:56:53.09",1447802735,1447804613,22996,1447802711,1447804641,24,28,1878,1930,52
"blast500k_test_pub_fileFULL_gr_471","IS24T-06XX256-DT","Tue 11/17/2015-18:58:58.14","Tue 11/17/2015-19:16:14.70",1447761538,1447762574,18758,1447761514,1447762594,24,20,1036,1080,44
"blast500k_test_pub_fileFULL_gr_4710","IS24T-06XX268-DT","Wed 11/18/2015- 6:16:45.01","Wed 11/18/2015- 6:33:31.28",1447802205,1447803211,22997,1447802180,1447803225,25,14,1006,1045,39
"blast500k_test_pub_fileFULL_gr_4711","IS24T-06XX267-DT","Wed 11/18/2015- 6:30:29.30","Wed 11/18/2015- 6:45:49.08",1447803029,1447803949,22998,1447803003,1447803968,26,19,920,965,45
"blast500k_test_pub_fileFULL_gr_4712","IS24T-06XX295-DT","Wed 11/18/2015- 6:31:53.84","Wed 11/18/2015- 6:44:25.03",1447803113,1447803865,22999,1447803128,1447803926,-15,61,752,798,46
"blast500k_test_pub_fileFULL_gr_4713","IS24T-06XX275-DT","Wed 11/18/2015- 6:15:32.39","Wed 11/18/2015- 6:36:17.89",1447802132,1447803377,23000,1447802122,1447803404,10,27,1245,1282,37
"blast500k_test_pub_fileFULL_gr_4714","IS24T-06XX276-DT","Wed 11/18/2015- 6:35:32.15","Wed 11/18/2015- 6:56:48.61",1447803332,1447804608,23001,1447803310,1447804623,22,15,1276,1313,37
"blast500k_test_pub_fileFULL_gr_4715","IS24T-06XX252-DT","Wed 11/18/2015- 6:30:11.25","Wed 11/18/2015- 6:43:38.24",1447803011,1447803818,23002,1447802986,1447803832,25,14,807,846,39
"blast500k_test_pub_fileFULL_gr_4716","IS24T-06XX295-DT","Wed 11/18/2015- 6:20:18.55","Wed 11/18/2015- 6:31:17.30",1447802418,1447803077,23003,1447802448,1447803127,-30,50,659,679,20
"blast500k_test_pub_fileFULL_gr_4717","IS24T-06XX277-DT","Wed 11/18/2015- 6:59:58.80","Wed 11/18/2015- 7:15:52.46",1447804798,1447805752,23004,1447804772,1447805770,26,18,954,998,44
"blast500k_test_pub_fileFULL_gr_4718","IS24T-06XX299-DT","Wed 11/18/2015- 6:16:03.23","Wed 11/18/2015- 6:29:56.03",1447802163,1447802996,23005,1447802183,1447803051,-20,55,833,868,35
"blast500k_test_pub_fileFULL_gr_4719","IS24T-06XX265-DT","Wed 11/18/2015- 6:23:23.48","Wed 11/18/2015- 6:36:48.32",1447802603,1447803408,23006,1447802577,1447803422,26,14,805,845,40
"blast500k_test_pub_fileFULL_gr_472","IS24T-06XX258-DT","Tue 11/17/2015-18:52:37.38","Tue 11/17/2015-19:08:37.98",1447761157,1447762117,18759,1447761135,1447762133,22,16,960,998,38
"blast500k_test_pub_fileFULL_gr_4720","IS24T-06XX299-DT","Wed 11/18/2015- 6:30:24.12","Wed 11/18/2015- 6:47:42.04",1447803024,1447804062,23007,1447803038,1447804106,-14,44,1038,1068,30
"blast500k_test_pub_fileFULL_gr_4721","IS24T-06XX284-DT","Wed 11/18/2015- 6:19:48.15","Wed 11/18/2015- 6:33:24.58",1447802388,1447803204,23008,1447802398,1447803268,-10,64,816,870,54
"blast500k_test_pub_fileFULL_gr_4722","IS24T-06XX297-DT","Wed 11/18/2015- 6:35:43.58","Wed 11/18/2015- 7:02:03.26",1447803343,1447804923,23009,1447803331,1447804948,12,25,1580,1617,37
"blast500k_test_pub_fileFULL_gr_4723","IS24T-06XX275-DT","Wed 11/18/2015- 6:27:27.85","Wed 11/18/2015- 6:45:54.88",1447802847,1447803954,23010,1447802835,1447803982,12,28,1107,1147,40
"blast500k_test_pub_fileFULL_gr_4724","IS24T-06XX300-DT","Wed 11/18/2015- 6:18:18.30","Wed 11/18/2015- 6:33:51.06",1447802298,1447803231,23011,1447802280,1447803259,18,28,933,979,46
"blast500k_test_pub_fileFULL_gr_4725","IS24T-06XX265-DT","Wed 11/18/2015- 6:37:17.95","Wed 11/18/2015- 6:51:50.48",1447803437,1447804310,23012,1447803409,1447804325,28,15,873,916,43
"blast500k_test_pub_fileFULL_gr_4726","IS24T-06XX288-DT","Wed 11/18/2015- 7:14:34.87","Wed 11/18/2015- 7:33:21.87",1447805674,1447806801,23013,1447805621,1447806809,53,8,1127,1188,61
"blast500k_test_pub_fileFULL_gr_4727","IS24T-06XX259-DT","Wed 11/18/2015- 6:20:36.51","Wed 11/18/2015- 6:30:57.98",1447802436,1447803057,23014,1447802408,1447803075,28,18,621,667,46
"blast500k_test_pub_fileFULL_gr_4728","IS24T-06XX278-DT","Wed 11/18/2015- 6:50:04.92","Wed 11/18/2015- 7:07:10.21",1447804204,1447805230,23015,1447804208,1447805261,-4,31,1026,1053,27
"blast500k_test_pub_fileFULL_gr_4729","IS24T-06XX262-DT","Wed 11/18/2015- 6:21:31.48","Wed 11/18/2015- 6:48:59.71",1447802491,1447804139,23016,1447802457,1447804162,34,23,1648,1705,57
"blast500k_test_pub_fileFULL_gr_473","IS24T-06XX292-DT","Tue 11/17/2015-18:49:26.47","Tue 11/17/2015-18:53:50.13",1447760966,1447761230,18760,1447761011,1447761313,-45,83,264,302,38
"blast500k_test_pub_fileFULL_gr_4730","IS24T-06XX289-DT","Wed 11/18/2015- 6:26:55.03","Wed 11/18/2015- 6:40:16.29",1447802815,1447803616,23017,1447802818,1447803648,-3,32,801,830,29
"blast500k_test_pub_fileFULL_gr_4731","IS24T-06XX262-DT","Wed 11/18/2015- 6:23:27.44","Wed 11/18/2015- 6:49:18.90",1447802607,1447804158,23018,1447802572,1447804175,35,17,1551,1603,52
"blast500k_test_pub_fileFULL_gr_4732","IS24T-06XX296-DT","Wed 11/18/2015- 6:30:33.26","Wed 11/18/2015- 6:49:13.07",1447803033,1447804153,23019,1447803019,1447804180,14,27,1120,1161,41
"blast500k_test_pub_fileFULL_gr_4733","IS24T-06XX278-DT","Wed 11/18/2015- 6:34:02.83","Wed 11/18/2015- 6:49:49.26",1447803242,1447804189,23020,1447803232,1447804219,10,30,947,987,40
"blast500k_test_pub_fileFULL_gr_4734","IS24T-06XX285-DT","Wed 11/18/2015- 6:49:34.44","Wed 11/18/2015- 7:07:53.11",1447804174,1447805273,23021,1447804157,1447805290,17,17,1099,1133,34
"blast500k_test_pub_fileFULL_gr_4735","IS24T-06XX268-DT","Wed 11/18/2015- 6:20:06.28","Wed 11/18/2015- 6:38:15.44",1447802406,1447803495,23022,1447802386,1447803512,20,17,1089,1126,37
"blast500k_test_pub_fileFULL_gr_4736","IS24T-06XX266-DT","Wed 11/18/2015- 6:29:43.62","Wed 11/18/2015- 6:41:06.40",1447802983,1447803666,23023,1447802958,1447803683,25,17,683,725,42
"blast500k_test_pub_fileFULL_gr_4737","IS24T-06XX279-DT","Wed 11/18/2015- 6:19:01.43","Wed 11/18/2015- 6:39:35.96",1447802341,1447803575,23024,1447802344,1447803620,-3,45,1234,1276,42
"blast500k_test_pub_fileFULL_gr_4738","IS24T-06XX286-DT","Wed 11/18/2015- 6:20:35.63","Wed 11/18/2015- 6:40:18.86",1447802435,1447803618,23025,1447802437,1447803647,-2,29,1183,1210,27
"blast500k_test_pub_fileFULL_gr_4739","IS24T-06XX276-DT","Wed 11/18/2015- 6:21:33.41","Wed 11/18/2015- 6:30:27.64",1447802493,1447803027,23026,1447802482,1447803046,11,19,534,564,30
"blast500k_test_pub_fileFULL_gr_474","IS24T-06XX257-DT","Tue 11/17/2015-18:43:15.21","Tue 11/17/2015-19:02:37.84",1447760595,1447761757,18761,1447760579,1447761772,16,15,1162,1193,31
"blast500k_test_pub_fileFULL_gr_4740","IS24T-06XX263-DT","Wed 11/18/2015- 6:23:09.28","Wed 11/18/2015- 6:39:07.59",1447802589,1447803547,23027,1447802567,1447803564,22,17,958,997,39
"blast500k_test_pub_fileFULL_gr_4741","IS24T-06XX253-DT","Wed 11/18/2015- 6:32:01.24","Wed 11/18/2015- 6:48:30.17",1447803121,1447804110,23028,1447803108,1447804124,13,14,989,1016,27
"blast500k_test_pub_fileFULL_gr_4742","IS24T-06XX261-DT","Wed 11/18/2015- 6:20:06.13","Wed 11/18/2015- 6:31:37.66",1447802406,1447803097,23029,1447802380,1447803103,26,6,691,723,32
"blast500k_test_pub_fileFULL_gr_4743","IS24T-06XX257-DT","Wed 11/18/2015- 6:44:15.10","Wed 11/18/2015- 7:00:29.21",1447803855,1447804829,23030,1447803842,1447804845,13,16,974,1003,29
"blast500k_test_pub_fileFULL_gr_4744","IS24T-06XX209-DT","Wed 11/18/2015- 6:28:18.13","Wed 11/18/2015- 6:43:22.22",1447802898,1447803802,23031,1447802921,1447803870,-23,68,904,949,45
"blast500k_test_pub_fileFULL_gr_4745","IS24T-06XX264-DT","Wed 11/18/2015- 6:27:04.22","Wed 11/18/2015- 7:03:04.17",1447802824,1447804984,23032,1447802788,1447804996,36,12,2160,2208,48
"blast500k_test_pub_fileFULL_gr_4746","IS24T-06XX293-DT","Wed 11/18/2015- 6:27:31.84","Wed 11/18/2015- 6:48:40.99",1447802851,1447804120,23033,1447802842,1447804159,9,39,1269,1317,48
"blast500k_test_pub_fileFULL_gr_4747","IS24T-06XX264-DT","Wed 11/18/2015- 6:30:08.58","Wed 11/18/2015- 6:42:30.65",1447803008,1447803750,23034,1447802984,1447803761,24,11,742,777,35
"blast500k_test_pub_fileFULL_gr_4748","IS24T-06XX283-DT","Wed 11/18/2015- 6:22:33.65","Wed 11/18/2015- 6:39:01.56",1447802553,1447803541,23035,1447802541,1447803567,12,26,988,1026,38
"blast500k_test_pub_fileFULL_gr_4749","IS24T-06XX297-DT","Wed 11/18/2015- 6:41:55.70","Wed 11/18/2015- 6:55:32.83",1447803715,1447804532,23036,1447803704,1447804568,11,36,817,864,47
"blast500k_test_pub_fileFULL_gr_475","IS24T-06XX254-DT","Tue 11/17/2015-18:59:20.15","Tue 11/17/2015-19:23:11.57",1447761560,1447762991,18762,1447761528,1447763007,32,16,1431,1479,48
"blast500k_test_pub_fileFULL_gr_4750","IS24T-06XX287-DT","Wed 11/18/2015- 7:00:45.93","Wed 11/18/2015- 7:18:54.41",1447804845,1447805934,23037,1447804843,1447805957,2,23,1089,1114,25
"blast500k_test_pub_fileFULL_gr_4751","IS24T-06XX275-DT","Wed 11/18/2015- 6:55:12.74","Wed 11/18/2015- 7:08:11.61",1447804512,1447805291,23038,1447804507,1447805322,5,31,779,815,36
"blast500k_test_pub_fileFULL_gr_4752","IS24T-06XX253-DT","Wed 11/18/2015- 7:02:40.45","Wed 11/18/2015- 7:18:02.68",1447804960,1447805882,23039,1447804934,1447805893,26,11,922,959,37
"blast500k_test_pub_fileFULL_gr_4753","IS24T-06XX265-DT","Wed 11/18/2015- 6:43:02.72","Wed 11/18/2015- 6:54:55.30",1447803782,1447804495,23040,1447803761,1447804512,21,17,713,751,38
"blast500k_test_pub_fileFULL_gr_4754","IS24T-06XX280-DT","Wed 11/18/2015- 6:24:31.03","Wed 11/18/2015- 6:44:05.28",1447802671,1447803845,23041,1447802809,1447804027,-138,182,1174,1218,44
"blast500k_test_pub_fileFULL_gr_4755","IS24T-06XX289-DT","Wed 11/18/2015- 6:40:33.12","Wed 11/18/2015- 6:57:08.48",1447803633,1447804628,23042,1447803635,1447804660,-2,32,995,1025,30
"blast500k_test_pub_fileFULL_gr_4756","IS24T-06XX285-DT","Wed 11/18/2015- 6:22:27.56","Wed 11/18/2015- 6:35:48.90",1447802547,1447803348,23043,1447802545,1447803370,2,22,801,825,24
"blast500k_test_pub_fileFULL_gr_4757","IS24T-06XX280-DT","Wed 11/18/2015- 6:19:01.83","Wed 11/18/2015- 6:40:14.71",1447802341,1447803614,23044,1447802480,1447803798,-139,184,1273,1318,45
"blast500k_test_pub_fileFULL_gr_4758","IS24T-06XX266-DT","Wed 11/18/2015- 6:41:23.20","Wed 11/18/2015- 6:58:38.00",1447803683,1447804718,23045,1447803671,1447804732,12,14,1035,1061,26
"blast500k_test_pub_fileFULL_gr_4759","IS24T-06XX281-DT","Wed 11/18/2015- 6:36:29.89","Wed 11/18/2015- 6:51:55.39",1447803389,1447804315,23046,1447803374,1447804340,15,25,926,966,40
"blast500k_test_pub_fileFULL_gr_476","IS24T-06XX271-DT","Tue 11/17/2015-18:40:43.06","Tue 11/17/2015-19:09:01.24",1447760443,1447762141,18763,1447760419,1447762156,24,15,1698,1737,39
"blast500k_test_pub_fileFULL_gr_4760","IS24T-06XX263-DT","Wed 11/18/2015- 6:31:37.43","Wed 11/18/2015- 6:52:53.04",1447803097,1447804373,23047,1447803070,1447804387,27,14,1276,1317,41
"blast500k_test_pub_fileFULL_gr_4761","IS24T-06XX273-DT","Wed 11/18/2015- 6:48:50.04","Wed 11/18/2015- 7:03:57.74",1447804130,1447805037,23048,1447804107,1447805053,23,16,907,946,39
"blast500k_test_pub_fileFULL_gr_4762","IS24T-06XX299-DT","Wed 11/18/2015- 6:39:15.04","Wed 11/18/2015- 6:57:29.78",1447803555,1447804649,23049,1447803567,1447804706,-12,57,1094,1139,45
"blast500k_test_pub_fileFULL_gr_4763","IS24T-06XX299-DT","Wed 11/18/2015- 6:48:12.33","Wed 11/18/2015- 7:04:08.76",1447804092,1447805048,23050,1447804106,1447805101,-14,53,956,995,39
"blast500k_test_pub_fileFULL_gr_4764","IS24T-06XX254-DT","Wed 11/18/2015- 6:37:56.20","Wed 11/18/2015- 6:51:53.70",1447803476,1447804313,23051,1447803445,1447804331,31,18,837,886,49
"blast500k_test_pub_fileFULL_gr_4765","IS24T-06XX256-DT","Wed 11/18/2015- 7:17:17.95","Wed 11/18/2015- 7:33:23.10",1447805837,1447806803,23052,1447805812,1447806817,25,14,966,1005,39
"blast500k_test_pub_fileFULL_gr_4766","IS24T-06XX263-DT","Wed 11/18/2015- 7:00:49.73","Wed 11/18/2015- 7:21:06.38",1447804849,1447806066,23053,1447804821,1447806081,28,15,1217,1260,43
"blast500k_test_pub_fileFULL_gr_4767","IS24T-06XX282-DT","Wed 11/18/2015- 6:24:49.80","Wed 11/18/2015- 6:39:23.87",1447802689,1447803563,23054,1447802670,1447803591,19,28,874,921,47
"blast500k_test_pub_fileFULL_gr_4768","IS24T-06XX291-DT","Wed 11/18/2015- 6:40:55.48","Wed 11/18/2015- 6:53:11.72",1447803655,1447804391,23055,1447803642,1447804417,13,26,736,775,39
"blast500k_test_pub_fileFULL_gr_4769","IS24T-06XX287-DT","Wed 11/18/2015- 6:27:56.35","Wed 11/18/2015- 6:38:28.94",1447802876,1447803508,23056,1447802878,1447803543,-2,35,632,665,33
"blast500k_test_pub_fileFULL_gr_477","IS24T-06XX287-DT","Tue 11/17/2015-18:44:53.75","Tue 11/17/2015-18:57:47.03",1447760693,1447761467,18764,1447760690,1447761499,3,32,774,809,35
"blast500k_test_pub_fileFULL_gr_4770","IS24T-06XX278-DT","Wed 11/18/2015- 6:48:19.70","Wed 11/18/2015- 7:04:34.44",1447804099,1447805074,23057,1447804091,1447805106,8,32,975,1015,40
"blast500k_test_pub_fileFULL_gr_4771","IS24T-06XX291-DT","Wed 11/18/2015- 6:31:54.53","Wed 11/18/2015- 6:44:41.51",1447803114,1447803881,23058,1447803111,1447803910,3,29,767,799,32
"blast500k_test_pub_fileFULL_gr_4772","IS24T-06XX259-DT","Wed 11/18/2015- 6:39:53.17","Wed 11/18/2015- 6:55:27.38",1447803593,1447804527,23059,1447803567,1447804545,26,18,934,978,44
"blast500k_test_pub_fileFULL_gr_4773","IS24T-06XX255-DT","Wed 11/18/2015- 6:24:53.30","Wed 11/18/2015- 6:35:52.42",1447802693,1447803352,23060,1447802669,1447803367,24,15,659,698,39
"blast500k_test_pub_fileFULL_gr_4774","IS24T-06XX258-DT","Wed 11/18/2015- 6:27:34.90","Wed 11/18/2015- 6:37:25.66",1447802854,1447803445,23061,1447802830,1447803459,24,14,591,629,38
"blast500k_test_pub_fileFULL_gr_4775","IS24T-06XX284-DT","Wed 11/18/2015- 7:08:26.06","Wed 11/18/2015- 7:25:51.27",1447805306,1447806351,23062,1447805312,1447806411,-6,60,1045,1099,54
"blast500k_test_pub_fileFULL_gr_4776","IS24T-06XX280-DT","Wed 11/18/2015- 7:09:11.07","Wed 11/18/2015- 7:27:16.35",1447805351,1447806436,23063,1447805467,1447806612,-116,176,1085,1145,60
"blast500k_test_pub_fileFULL_gr_4777","IS24T-06XX255-DT","Wed 11/18/2015- 6:36:21.34","Wed 11/18/2015- 6:52:56.90",1447803381,1447804376,23064,1447803355,1447804395,26,19,995,1040,45
"blast500k_test_pub_fileFULL_gr_4778","IS24T-06XX272-DT","Wed 11/18/2015- 6:34:39.18","Wed 11/18/2015- 6:45:52.79",1447803279,1447803952,23065,1447803259,1447803968,20,16,673,709,36
"blast500k_test_pub_fileFULL_gr_4779","IS24T-06XX277-DT","Wed 11/18/2015- 6:50:00.09","Wed 11/18/2015- 7:06:05.48",1447804200,1447805165,23066,1447804173,1447805180,27,15,965,1007,42
"blast500k_test_pub_fileFULL_gr_478","IS24T-06XX296-DT","Tue 11/17/2015-18:43:17.16","Tue 11/17/2015-19:07:22.51",1447760597,1447762042,18765,1447760584,1447762069,13,27,1445,1485,40
"blast500k_test_pub_fileFULL_gr_4780","IS24T-06XX269-DT","Wed 11/18/2015- 6:29:31.93","Wed 11/18/2015- 6:45:29.32",1447802971,1447803929,23067,1447802951,1447803962,20,33,958,1011,53
"blast500k_test_pub_fileFULL_gr_4781","IS24T-06XX259-DT","Wed 11/18/2015- 6:31:29.70","Wed 11/18/2015- 6:47:37.35",1447803089,1447804057,23068,1447803062,1447804076,27,19,968,1014,46
"blast500k_test_pub_fileFULL_gr_4782","IS24T-06XX274-DT","Wed 11/18/2015- 6:35:45.48","Wed 11/18/2015- 6:50:37.34",1447803345,1447804237,23069,1447803321,1447804253,24,16,892,932,40
"blast500k_test_pub_fileFULL_gr_4783","IS24T-06XX281-DT","Wed 11/18/2015- 7:13:51.00","Wed 11/18/2015- 7:23:34.45",1447805631,1447806214,23070,1447805621,1447806240,10,26,583,619,36
"blast500k_test_pub_fileFULL_gr_4784","IS24T-06XX252-DT","Wed 11/18/2015- 6:36:39.91","Wed 11/18/2015- 6:51:33.98",1447803399,1447804293,23071,1447803373,1447804312,26,19,894,939,45
"blast500k_test_pub_fileFULL_gr_4785","IS24T-06XX291-DT","Wed 11/18/2015- 6:45:17.77","Wed 11/18/2015- 7:00:46.34",1447803917,1447804846,23072,1447803897,1447804872,20,26,929,975,46
"blast500k_test_pub_fileFULL_gr_4786","IS24T-06XX293-DT","Wed 11/18/2015- 6:49:14.99","Wed 11/18/2015- 7:01:13.32",1447804154,1447804873,23073,1447804147,1447804907,7,34,719,760,41
"blast500k_test_pub_fileFULL_gr_4787","IS24T-06XX260-DT","Wed 11/18/2015- 7:11:05.88","Wed 11/18/2015- 7:27:52.61",1447805465,1447806472,23074,1447805441,1447806488,24,16,1007,1047,40
"blast500k_test_pub_fileFULL_gr_4788","IS24T-06XX277-DT","Wed 11/18/2015- 6:28:27.79","Wed 11/18/2015- 6:43:45.91",1447802907,1447803825,23075,1447802882,1447803843,25,18,918,961,43
"blast500k_test_pub_fileFULL_gr_4789","IS24T-06XX274-DT","Wed 11/18/2015- 7:05:32.79","Wed 11/18/2015- 7:16:38.45",1447805132,1447805798,23076,1447805112,1447805812,20,14,666,700,34
"blast500k_test_pub_fileFULL_gr_479","IS24T-06XX273-DT","Tue 11/17/2015-18:46:14.82","Tue 11/17/2015-19:05:56.58",1447760774,1447761956,18766,1447760757,1447761971,17,15,1182,1214,32
"blast500k_test_pub_fileFULL_gr_4790","IS24T-06XX277-DT","Wed 11/18/2015- 6:33:55.04","Wed 11/18/2015- 6:49:30.76",1447803235,1447804170,23077,1447803223,1447804186,12,16,935,963,28
"blast500k_test_pub_fileFULL_gr_4791","IS24T-06XX283-DT","Wed 11/18/2015- 6:28:55.00","Wed 11/18/2015- 6:40:06.50",1447802935,1447803606,23078,1447802923,1447803634,12,28,671,711,40
"blast500k_test_pub_fileFULL_gr_4792","IS24T-06XX276-DT","Wed 11/18/2015- 6:30:57.01","Wed 11/18/2015- 6:48:57.85",1447803057,1447804137,23079,1447803034,1447804155,23,18,1080,1121,41
"blast500k_test_pub_fileFULL_gr_4793","IS24T-06XX267-DT","Wed 11/18/2015- 6:46:21.12","Wed 11/18/2015- 7:03:45.38",1447803981,1447805025,23080,1447803956,1447805042,25,17,1044,1086,42
"blast500k_test_pub_fileFULL_gr_4794","IS24T-06XX294-DT","Wed 11/18/2015- 6:30:56.78","Wed 11/18/2015- 6:49:13.25",1447803056,1447804153,23081,1447803039,1447804184,17,31,1097,1145,48
"blast500k_test_pub_fileFULL_gr_4795","IS24T-06XX257-DT","Wed 11/18/2015- 6:37:36.86","Wed 11/18/2015- 6:44:00.35",1447803456,1447803840,23082,1447803431,1447803854,25,14,384,423,39
"blast500k_test_pub_fileFULL_gr_4796","IS24T-06XX255-DT","Wed 11/18/2015- 7:10:09.87","Wed 11/18/2015- 7:29:07.07",1447805409,1447806547,23083,1447805385,1447806562,24,15,1138,1177,39
"blast500k_test_pub_fileFULL_gr_4797","IS24T-06XX294-DT","Wed 11/18/2015- 6:49:32.44","Wed 11/18/2015- 7:06:47.82",1447804172,1447805207,23084,1447804171,1447805235,1,28,1035,1064,29
"blast500k_test_pub_fileFULL_gr_4798","IS24T-06XX257-DT","Wed 11/18/2015- 6:49:33.06","Wed 11/18/2015- 7:02:21.37",1447804173,1447804941,23085,1447804144,1447804957,29,16,768,813,45
"blast500k_test_pub_fileFULL_gr_4799","IS24T-06XX268-DT","Wed 11/18/2015- 6:33:58.78","Wed 11/18/2015- 6:48:58.01",1447803238,1447804138,23086,1447803214,1447804151,24,13,900,937,37
"blast500k_test_pub_fileFULL_gr_48","IS24T-06XX273-DT","Tue 11/17/2015-17:59:25.76","Tue 11/17/2015-18:23:34.09",1447757965,1447759414,18335,1447757952,1447759430,13,16,1449,1478,29
"blast500k_test_pub_fileFULL_gr_480","IS24T-06XX297-DT","Tue 11/17/2015-18:49:14.81","Tue 11/17/2015-19:09:52.46",1447760954,1447762192,18767,1447760914,1447762217,40,25,1238,1303,65
"blast500k_test_pub_fileFULL_gr_4800","IS24T-06XX264-DT","Wed 11/18/2015- 6:43:34.64","Wed 11/18/2015- 7:04:54.86",1447803814,1447805094,23087,1447803761,1447805109,53,15,1280,1348,68
"blast500k_test_pub_fileFULL_gr_4801","IS24T-06XX279-DT","Wed 11/18/2015- 7:03:42.60","Wed 11/18/2015- 7:18:36.84",1447805022,1447805916,23088,1447805023,1447805962,-1,46,894,939,45
"blast500k_test_pub_fileFULL_gr_4802","IS24T-06XX297-DT","Wed 11/18/2015- 6:28:49.47","Wed 11/18/2015- 6:58:47.21",1447802929,1447804727,23089,1447802914,1447804762,15,35,1798,1848,50
"blast500k_test_pub_fileFULL_gr_4803","IS24T-06XX288-DT","Wed 11/18/2015- 6:33:56.58","Wed 11/18/2015- 7:00:45.51",1447803236,1447804845,23090,1447803202,1447804857,34,12,1609,1655,46
"blast500k_test_pub_fileFULL_gr_4804","IS24T-06XX258-DT","Wed 11/18/2015- 6:32:22.76","Wed 11/18/2015- 6:41:06.52",1447803142,1447803666,23091,1447803128,1447803680,14,14,524,552,28
"blast500k_test_pub_fileFULL_gr_4805","IS24T-06XX298-DT","Wed 11/18/2015- 6:31:42.68","Wed 11/18/2015- 6:48:21.27",1447803102,1447804101,23092,1447803129,1447804165,-27,64,999,1036,37
"blast500k_test_pub_fileFULL_gr_4806","IS24T-06XX271-DT","Wed 11/18/2015- 6:32:44.44","Wed 11/18/2015- 6:55:19.11",1447803164,1447804519,23093,1447803141,1447804533,23,14,1355,1392,37
"blast500k_test_pub_fileFULL_gr_4807","IS24T-06XX260-DT","Wed 11/18/2015- 7:13:47.94","Wed 11/18/2015- 7:30:55.06",1447805627,1447806655,23094,1447805609,1447806666,18,11,1028,1057,29
"blast500k_test_pub_fileFULL_gr_4808","IS24T-06XX275-DT","Wed 11/18/2015- 6:46:24.66","Wed 11/18/2015- 7:02:20.75",1447803984,1447804940,23095,1447803970,1447804970,14,30,956,1000,44
"blast500k_test_pub_fileFULL_gr_4809","IS24T-06XX273-DT","Wed 11/18/2015- 6:37:59.45","Wed 11/18/2015- 6:52:10.87",1447803479,1447804330,23096,1447803454,1447804346,25,16,851,892,41
"blast500k_test_pub_fileFULL_gr_481","IS24T-06XX262-DT","Tue 11/17/2015-18:45:12.05","Tue 11/17/2015-19:06:43.08",1447760712,1447762003,18768,1447760641,1447762023,71,20,1291,1382,91
"blast500k_test_pub_fileFULL_gr_4810","IS24T-06XX263-DT","Wed 11/18/2015- 6:39:39.78","Wed 11/18/2015- 7:00:04.07",1447803579,1447804804,23097,1447803552,1447804820,27,16,1225,1268,43
"blast500k_test_pub_fileFULL_gr_4811","IS24T-06XX256-DT","Wed 11/18/2015- 6:51:17.31","Wed 11/18/2015- 7:16:48.39",1447804277,1447805808,23098,1447804263,1447805825,14,17,1531,1562,31
"blast500k_test_pub_fileFULL_gr_4812","IS24T-06XX268-DT","Wed 11/18/2015- 6:49:22.68","Wed 11/18/2015- 7:13:21.57",1447804162,1447805601,23099,1447804139,1447805615,23,14,1439,1476,37
"blast500k_test_pub_fileFULL_gr_4813","IS24T-06XX259-DT","Wed 11/18/2015- 6:48:21.98","Wed 11/18/2015- 7:05:35.17",1447804101,1447805135,23100,1447804077,1447805152,24,17,1034,1075,41
"blast500k_test_pub_fileFULL_gr_4814","IS24T-06XX297-DT","Wed 11/18/2015- 7:02:50.95","Wed 11/18/2015- 7:18:52.27",1447804970,1447805932,23101,1447804948,1447805964,22,32,962,1016,54
"blast500k_test_pub_fileFULL_gr_4815","IS24T-06XX295-DT","Wed 11/18/2015- 6:46:44.94","Wed 11/18/2015- 7:00:37.00",1447804004,1447804837,23102,1447804036,1447804895,-32,58,833,859,26
"blast500k_test_pub_fileFULL_gr_4816","IS24T-06XX259-DT","Wed 11/18/2015- 6:55:50.23","Wed 11/18/2015- 7:09:57.95",1447804550,1447805397,23103,1447804533,1447805414,17,17,847,881,34
"blast500k_test_pub_fileFULL_gr_4817","IS24T-06XX209-DT","Wed 11/18/2015- 6:34:02.88","Wed 11/18/2015- 6:50:24.13",1447803242,1447804224,23104,1447803264,1447804294,-22,70,982,1030,48
"blast500k_test_pub_fileFULL_gr_4818","IS24T-06XX267-DT","Wed 11/18/2015- 6:37:33.93","Wed 11/18/2015- 6:53:47.69",1447803453,1447804427,23105,1447803430,1447804446,23,19,974,1016,42
"blast500k_test_pub_fileFULL_gr_4819","IS24T-06XX299-DT","Wed 11/18/2015- 6:58:01.64","Wed 11/18/2015- 7:14:16.95",1447804681,1447805656,23106,1447804693,1447805710,-12,54,975,1017,42
"blast500k_test_pub_fileFULL_gr_482","IS24T-06XX292-DT","Tue 11/17/2015-18:55:19.90","Tue 11/17/2015-19:20:47.64",1447761319,1447762847,18769,1447761360,1447762930,-41,83,1528,1570,42
"blast500k_test_pub_fileFULL_gr_4820","IS24T-06XX254-DT","Wed 11/18/2015- 6:31:58.64","Wed 11/18/2015- 7:02:20.16",1447803118,1447804940,23107,1447803085,1447804958,33,18,1822,1873,51
"blast500k_test_pub_fileFULL_gr_4821","IS24T-06XX257-DT","Wed 11/18/2015- 7:16:36.30","Wed 11/18/2015- 7:35:44.20",1447805796,1447806944,23108,1447805753,1447806957,43,13,1148,1204,56
"blast500k_test_pub_fileFULL_gr_4822","IS24T-06XX262-DT","Wed 11/18/2015- 7:12:25.81","Wed 11/18/2015- 7:36:29.02",1447805545,1447806989,23109,1447805526,1447807011,19,22,1444,1485,41
"blast500k_test_pub_fileFULL_gr_4823","IS24T-06XX285-DT","Wed 11/18/2015- 6:36:31.90","Wed 11/18/2015- 6:49:05.19",1447803391,1447804145,23110,1447803358,1447804169,33,24,754,811,57
"blast500k_test_pub_fileFULL_gr_4824","IS24T-06XX300-DT","Wed 11/18/2015- 6:34:08.70","Wed 11/18/2015- 6:49:02.33",1447803248,1447804142,23111,1447803246,1447804168,2,26,894,922,28
"blast500k_test_pub_fileFULL_gr_4825","IS24T-06XX279-DT","Wed 11/18/2015- 6:35:59.78","Wed 11/18/2015- 7:03:11.80",1447803359,1447804991,23112,1447803363,1447805035,-4,44,1632,1672,40
"blast500k_test_pub_fileFULL_gr_4826","IS24T-06XX257-DT","Wed 11/18/2015- 7:16:36.07","Wed 11/18/2015- 7:32:00.36",1447805796,1447806720,23113,1447805765,1447806733,31,13,924,968,44
"blast500k_test_pub_fileFULL_gr_4827","IS24T-06XX296-DT","Wed 11/18/2015- 7:07:31.30","Wed 11/18/2015- 7:21:30.72",1447805251,1447806090,23114,1447805234,1447806113,17,23,839,879,40
"blast500k_test_pub_fileFULL_gr_4828","IS24T-06XX289-DT","Wed 11/18/2015- 7:07:04.42","Wed 11/18/2015- 7:34:59.91",1447805224,1447806899,23115,1447805219,1447806928,5,29,1675,1709,34
"blast500k_test_pub_fileFULL_gr_4829","IS24T-06XX280-DT","Wed 11/18/2015- 7:00:33.07","Wed 11/18/2015- 7:08:49.72",1447804833,1447805329,23116,1447804980,1447805503,-147,174,496,523,27
"blast500k_test_pub_fileFULL_gr_483","IS24T-06XX272-DT","Tue 11/17/2015-18:47:08.76","Tue 11/17/2015-18:55:43.77",1447760828,1447761343,18770,1447760805,1447761364,23,21,515,559,44
"blast500k_test_pub_fileFULL_gr_4830","IS24T-06XX254-DT","Wed 11/18/2015- 6:38:54.86","Wed 11/18/2015- 7:20:50.57",1447803534,1447806050,23117,1447803504,1447806063,30,13,2516,2559,43
"blast500k_test_pub_fileFULL_gr_4831","IS24T-06XX253-DT","Wed 11/18/2015- 6:48:43.91","Wed 11/18/2015- 7:05:31.81",1447804123,1447805131,23118,1447804111,1447805146,12,15,1008,1035,27
"blast500k_test_pub_fileFULL_gr_4832","IS24T-06XX292-DT","Wed 11/18/2015- 6:37:25.28","Wed 11/18/2015- 6:52:45.57",1447803445,1447804365,23119,1447803486,1447804450,-41,85,920,964,44
"blast500k_test_pub_fileFULL_gr_4833","IS24T-06XX283-DT","Wed 11/18/2015- 7:10:14.44","Wed 11/18/2015- 7:27:35.84",1447805414,1447806455,23120,1447805401,1447806483,13,28,1041,1082,41
"blast500k_test_pub_fileFULL_gr_4834","IS24T-06XX289-DT","Wed 11/18/2015- 6:35:10.64","Wed 11/18/2015- 6:50:54.09",1447803310,1447804254,23121,1447803310,1447804284,0,30,944,974,30
"blast500k_test_pub_fileFULL_gr_4835","IS24T-06XX292-DT","Wed 11/18/2015- 7:14:37.55","Wed 11/18/2015- 7:31:50.98",1447805677,1447806710,23122,1447805722,1447806789,-45,79,1033,1067,34
"blast500k_test_pub_fileFULL_gr_4836","IS24T-06XX285-DT","Wed 11/18/2015- 6:36:32.57","Wed 11/18/2015- 6:52:54.78",1447803392,1447804374,23123,1447803370,1447804400,22,26,982,1030,48
"blast500k_test_pub_fileFULL_gr_4837","IS24T-06XX284-DT","Wed 11/18/2015- 6:34:01.86","Wed 11/18/2015- 6:56:47.96",1447803241,1447804607,23124,1447803256,1447804668,-15,61,1366,1412,46
"blast500k_test_pub_fileFULL_gr_4838","IS24T-06XX265-DT","Wed 11/18/2015- 6:52:22.02","Wed 11/18/2015- 7:19:37.00",1447804342,1447805977,23125,1447804313,1447805990,29,13,1635,1677,42
"blast500k_test_pub_fileFULL_gr_4839","IS24T-06XX292-DT","Wed 11/18/2015- 7:06:13.30","Wed 11/18/2015- 7:21:53.20",1447805173,1447806113,23126,1447805216,1447806194,-43,81,940,978,38
"blast500k_test_pub_fileFULL_gr_484","IS24T-06XX288-DT","Tue 11/17/2015-19:42:19.08","Tue 11/17/2015-20:08:01.02",1447764139,1447765681,18771,1447764104,1447765696,35,15,1542,1592,50
"blast500k_test_pub_fileFULL_gr_4840","IS24T-06XX262-DT","Wed 11/18/2015- 6:39:06.83","Wed 11/18/2015- 7:11:53.57",1447803546,1447805513,23127,1447803518,1447805538,28,25,1967,2020,53
"blast500k_test_pub_fileFULL_gr_4841","IS24T-06XX300-DT","Wed 11/18/2015- 6:49:30.69","Wed 11/18/2015- 7:00:59.34",1447804170,1447804859,23128,1447804156,1447804885,14,26,689,729,40
"blast500k_test_pub_fileFULL_gr_4842","IS24T-06XX260-DT","Wed 11/18/2015- 6:37:53.81","Wed 11/18/2015- 6:45:44.33",1447803473,1447803944,23129,1447803449,1447803958,24,14,471,509,38
"blast500k_test_pub_fileFULL_gr_4843","IS24T-06XX268-DT","Wed 11/18/2015- 7:04:11.51","Wed 11/18/2015- 7:21:46.92",1447805051,1447806106,23130,1447805027,1447806122,24,16,1055,1095,40
"blast500k_test_pub_fileFULL_gr_4844","IS24T-06XX273-DT","Wed 11/18/2015- 6:52:39.86","Wed 11/18/2015- 7:06:24.68",1447804359,1447805184,23131,1447804346,1447805200,13,16,825,854,29
"blast500k_test_pub_fileFULL_gr_4845","IS24T-06XX297-DT","Wed 11/18/2015- 6:37:45.51","Wed 11/18/2015- 7:06:06.12",1447803465,1447805166,23132,1447803453,1447805202,12,36,1701,1749,48
"blast500k_test_pub_fileFULL_gr_4846","IS24T-06XX260-DT","Wed 11/18/2015- 6:39:17.69","Wed 11/18/2015- 7:02:53.11",1447803557,1447804973,23133,1447803544,1447804987,13,14,1416,1443,27
"blast500k_test_pub_fileFULL_gr_4847","IS24T-06XX295-DT","Wed 11/18/2015- 6:44:57.82","Wed 11/18/2015- 7:06:31.19",1447803897,1447805191,23134,1447803914,1447805252,-17,61,1294,1338,44
"blast500k_test_pub_fileFULL_gr_4848","IS24T-06XX258-DT","Wed 11/18/2015- 6:58:49.10","Wed 11/18/2015- 7:11:03.57",1447804729,1447805463,23135,1447804717,1447805474,12,11,734,757,23
"blast500k_test_pub_fileFULL_gr_4849","IS24T-06XX260-DT","Wed 11/18/2015- 6:46:11.65","Wed 11/18/2015- 7:01:21.35",1447803971,1447804881,23136,1447803946,1447804896,25,15,910,950,40
"blast500k_test_pub_fileFULL_gr_485","IS24T-06XX274-DT","Tue 11/17/2015-18:59:45.25","Tue 11/17/2015-19:12:13.65",1447761585,1447762333,18772,1447761559,1447762348,26,15,748,789,41
"blast500k_test_pub_fileFULL_gr_4850","IS24T-06XX254-DT","Wed 11/18/2015- 6:47:30.33","Wed 11/18/2015- 7:14:20.36",1447804050,1447805660,23137,1447804011,1447805675,39,15,1610,1664,54
"blast500k_test_pub_fileFULL_gr_4851","IS24T-06XX268-DT","Wed 11/18/2015- 6:39:07.42","Wed 11/18/2015- 6:49:40.87",1447803547,1447804180,23138,1447803523,1447804197,24,17,633,674,41
"blast500k_test_pub_fileFULL_gr_4852","IS24T-06XX209-DT","Wed 11/18/2015- 6:43:57.93","Wed 11/18/2015- 7:14:03.96",1447803837,1447805643,23139,1447803859,1447805715,-22,72,1806,1856,50
"blast500k_test_pub_fileFULL_gr_4853","IS24T-06XX278-DT","Wed 11/18/2015- 7:05:36.82","Wed 11/18/2015- 7:18:53.24",1447805136,1447805933,23140,1447805118,1447805968,18,35,797,850,53
"blast500k_test_pub_fileFULL_gr_4854","IS24T-06XX252-DT","Wed 11/18/2015- 6:43:51.30","Wed 11/18/2015- 7:00:19.30",1447803831,1447804819,23141,1447803820,1447804833,11,14,988,1013,25
"blast500k_test_pub_fileFULL_gr_4855","IS24T-06XX287-DT","Wed 11/18/2015- 6:38:47.06","Wed 11/18/2015- 6:50:18.33",1447803527,1447804218,23142,1447803530,1447804249,-3,31,691,719,28
"blast500k_test_pub_fileFULL_gr_4856","IS24T-06XX300-DT","Wed 11/18/2015- 6:40:32.13","Wed 11/18/2015- 6:56:25.95",1447803632,1447804585,23143,1447803613,1447804609,19,24,953,996,43
"blast500k_test_pub_fileFULL_gr_4857","IS24T-06XX288-DT","Wed 11/18/2015- 6:38:05.52","Wed 11/18/2015- 6:59:24.54",1447803485,1447804764,23144,1447803446,1447804775,39,11,1279,1329,50
"blast500k_test_pub_fileFULL_gr_4858","IS24T-06XX260-DT","Wed 11/18/2015- 7:03:07.01","Wed 11/18/2015- 7:13:01.71",1447804987,1447805581,23145,1447804975,1447805598,12,17,594,623,29
"blast500k_test_pub_fileFULL_gr_4859","IS24T-06XX209-DT","Wed 11/18/2015- 6:41:33.39","Wed 11/18/2015- 7:17:35.34",1447803693,1447805855,23146,1447803710,1447805921,-17,66,2162,2211,49
"blast500k_test_pub_fileFULL_gr_486","IS24T-06XX272-DT","Tue 11/17/2015-19:09:25.61","Tue 11/17/2015-19:30:42.03",1447762165,1447763442,18773,1447762143,1447763458,22,16,1277,1315,38
"blast500k_test_pub_fileFULL_gr_4860","IS24T-06XX296-DT","Wed 11/18/2015- 6:49:42.12","Wed 11/18/2015- 7:04:51.31",1447804182,1447805091,23147,1447804168,1447805120,14,29,909,952,43
"blast500k_test_pub_fileFULL_gr_4861","IS24T-06XX264-DT","Wed 11/18/2015- 7:13:27.17","Wed 11/18/2015- 7:30:04.99",1447805607,1447806604,23148,1447805582,1447806619,25,15,997,1037,40
"blast500k_test_pub_fileFULL_gr_4862","IS24T-06XX279-DT","Wed 11/18/2015- 6:39:58.31","Wed 11/18/2015- 6:51:16.84",1447803598,1447804276,23149,1447803609,1447804322,-11,46,678,713,35
"blast500k_test_pub_fileFULL_gr_4863","IS24T-06XX297-DT","Wed 11/18/2015- 6:59:31.35","Wed 11/18/2015- 7:22:34.90",1447804771,1447806154,23150,1447804750,1447806181,21,27,1383,1431,48
"blast500k_test_pub_fileFULL_gr_4864","IS24T-06XX257-DT","Wed 11/18/2015- 7:02:50.91","Wed 11/18/2015- 7:15:56.97",1447804970,1447805756,23151,1447804957,1447805765,13,9,786,808,22
"blast500k_test_pub_fileFULL_gr_4865","IS24T-06XX286-DT","Wed 11/18/2015- 6:58:08.13","Wed 11/18/2015- 7:17:57.94",1447804688,1447805877,23152,1447804673,1447805908,15,31,1189,1235,46
"blast500k_test_pub_fileFULL_gr_4866","IS24T-06XX282-DT","Wed 11/18/2015- 6:39:54.08","Wed 11/18/2015- 6:57:43.35",1447803594,1447804663,23153,1447803580,1447804689,14,26,1069,1109,40
"blast500k_test_pub_fileFULL_gr_4867","IS24T-06XX259-DT","Wed 11/18/2015- 7:10:13.26","Wed 11/18/2015- 7:22:43.42",1447805413,1447806163,23154,1447805402,1447806173,11,10,750,771,21
"blast500k_test_pub_fileFULL_gr_4868","IS24T-06XX258-DT","Wed 11/18/2015- 6:41:20.40","Wed 11/18/2015- 6:56:18.83",1447803680,1447804578,23155,1447803668,1447804591,12,13,898,923,25
"blast500k_test_pub_fileFULL_gr_4869","IS24T-06XX292-DT","Wed 11/18/2015- 6:53:05.78","Wed 11/18/2015- 7:14:14.59",1447804385,1447805654,23156,1447804438,1447805733,-53,79,1269,1295,26
"blast500k_test_pub_fileFULL_gr_487","IS24T-06XX299-DT","Tue 11/17/2015-18:44:28.60","Tue 11/17/2015-19:01:17.03",1447760668,1447761677,18774,1447760679,1447761732,-11,55,1009,1053,44
"blast500k_test_pub_fileFULL_gr_4870","IS24T-06XX294-DT","Wed 11/18/2015- 6:44:55.81","Wed 11/18/2015- 7:01:57.95",1447803895,1447804917,23157,1447803886,1447804944,9,27,1022,1058,36
"blast500k_test_pub_fileFULL_gr_4871","IS24T-06XX293-DT","Wed 11/18/2015- 7:11:24.13","Wed 11/18/2015- 7:26:52.15",1447805484,1447806412,23158,1447805477,1447806442,7,30,928,965,37
"blast500k_test_pub_fileFULL_gr_4872","IS24T-06XX272-DT","Wed 11/18/2015- 6:40:49.88","Wed 11/18/2015- 6:54:26.55",1447803649,1447804466,23159,1447803625,1447804485,24,19,817,860,43
"blast500k_test_pub_fileFULL_gr_4873","IS24T-06XX285-DT","Wed 11/18/2015- 6:53:11.83","Wed 11/18/2015- 7:07:33.91",1447804391,1447805253,23160,1447804388,1447805277,3,24,862,889,27
"blast500k_test_pub_fileFULL_gr_4874","IS24T-06XX274-DT","Wed 11/18/2015- 6:51:07.16","Wed 11/18/2015- 7:02:05.07",1447804267,1447804925,23161,1447804240,1447804942,27,17,658,702,44
"blast500k_test_pub_fileFULL_gr_4875","IS24T-06XX277-DT","Wed 11/18/2015- 6:44:17.21","Wed 11/18/2015- 6:59:29.01",1447803857,1447804769,23162,1447803831,1447804784,26,15,912,953,41
"blast500k_test_pub_fileFULL_gr_4876","IS24T-06XX283-DT","Wed 11/18/2015- 6:39:39.56","Wed 11/18/2015- 6:51:12.64",1447803579,1447804272,23163,1447803567,1447804300,12,28,693,733,40
"blast500k_test_pub_fileFULL_gr_4877","IS24T-06XX280-DT","Wed 11/18/2015- 6:41:00.17","Wed 11/18/2015- 6:57:30.55",1447803660,1447804650,23164,1447803799,1447804831,-139,181,990,1032,42
"blast500k_test_pub_fileFULL_gr_4878","IS24T-06XX262-DT","Wed 11/18/2015- 7:14:32.85","Wed 11/18/2015- 7:33:20.81",1447805672,1447806800,23165,1447805654,1447806822,18,22,1128,1168,40
"blast500k_test_pub_fileFULL_gr_4879","IS24T-06XX283-DT","Wed 11/18/2015- 6:40:20.60","Wed 11/18/2015- 6:56:38.71",1447803620,1447804598,23166,1447803620,1447804625,0,27,978,1005,27
"blast500k_test_pub_fileFULL_gr_488","IS24T-06XX294-DT","Tue 11/17/2015-18:50:13.49","Tue 11/17/2015-19:06:56.88",1447761013,1447762016,18775,1447761006,1447762043,7,27,1003,1037,34
"blast500k_test_pub_fileFULL_gr_4880","IS24T-06XX258-DT","Wed 11/18/2015- 7:11:25.70","Wed 11/18/2015- 7:30:33.14",1447805485,1447806633,23167,1447805462,1447806646,23,13,1148,1184,36
"blast500k_test_pub_fileFULL_gr_4881","IS24T-06XX268-DT","Wed 11/18/2015- 6:49:56.99","Wed 11/18/2015- 7:03:40.83",1447804196,1447805020,23168,1447804185,1447805039,11,19,824,854,30
"blast500k_test_pub_fileFULL_gr_4882","IS24T-06XX264-DT","Wed 11/18/2015- 6:50:10.59","Wed 11/18/2015- 7:09:06.91",1447804210,1447805346,23169,1447804186,1447805363,24,17,1136,1177,41
"blast500k_test_pub_fileFULL_gr_4883","IS24T-06XX261-DT","Wed 11/18/2015- 6:48:42.61","Wed 11/18/2015- 7:05:05.05",1447804122,1447805105,23170,1447804093,1447805124,29,19,983,1031,48
"blast500k_test_pub_fileFULL_gr_4884","IS24T-06XX284-DT","Wed 11/18/2015- 6:41:27.98","Wed 11/18/2015- 7:07:29.70",1447803687,1447805249,23171,1447803700,1447805312,-13,63,1562,1612,50
"blast500k_test_pub_fileFULL_gr_4885","IS24T-06XX282-DT","Wed 11/18/2015- 7:15:53.89","Wed 11/18/2015- 7:28:42.76",1447805753,1447806522,23172,1447805732,1447806540,21,18,769,808,39
"blast500k_test_pub_fileFULL_gr_4886","IS24T-06XX287-DT","Wed 11/18/2015- 6:50:55.40","Wed 11/18/2015- 7:02:55.90",1447804255,1447804975,23173,1447804249,1447805007,6,32,720,758,38
"blast500k_test_pub_fileFULL_gr_4887","IS24T-06XX289-DT","Wed 11/18/2015- 6:57:47.04","Wed 11/18/2015- 7:12:39.27",1447804667,1447805559,23174,1447804660,1447805590,7,31,892,930,38
"blast500k_test_pub_fileFULL_gr_4888","IS24T-06XX267-DT","Wed 11/18/2015- 7:04:28.59","Wed 11/18/2015- 7:27:55.43",1447805068,1447806475,23175,1447805042,1447806489,26,14,1407,1447,40
"blast500k_test_pub_fileFULL_gr_4889","IS24T-06XX282-DT","Wed 11/18/2015- 6:43:23.04","Wed 11/18/2015- 6:59:39.71",1447803803,1447804779,23176,1447803801,1447804806,2,27,976,1005,29
"blast500k_test_pub_fileFULL_gr_489","IS24T-06XX285-DT","Tue 11/17/2015-18:43:24.95","Tue 11/17/2015-18:56:10.73",1447760604,1447761370,18776,1447760588,1447761397,16,27,766,809,43
"blast500k_test_pub_fileFULL_gr_4890","IS24T-06XX292-DT","Wed 11/18/2015- 6:47:17.83","Wed 11/18/2015- 7:05:42.95",1447804037,1447805142,23177,1447804082,1447805227,-45,85,1105,1145,40
"blast500k_test_pub_fileFULL_gr_4891","IS24T-06XX269-DT","Wed 11/18/2015- 6:46:15.65","Wed 11/18/2015- 7:08:49.62",1447803975,1447805329,23178,1447803962,1447805449,13,120,1354,1487,133
"blast500k_test_pub_fileFULL_gr_4892","IS24T-06XX253-DT","Wed 11/18/2015- 6:46:52.57","Wed 11/18/2015- 7:02:10.74",1447804012,1447804930,23179,1447803986,1447804946,26,16,918,960,42
"blast500k_test_pub_fileFULL_gr_4893","IS24T-06XX288-DT","Wed 11/18/2015- 6:50:32.51","Wed 11/18/2015- 7:13:31.35",1447804232,1447805611,23180,1447804197,1447805621,35,10,1379,1424,45
"blast500k_test_pub_fileFULL_gr_4894","IS24T-06XX280-DT","Wed 11/18/2015- 6:44:49.78","Wed 11/18/2015- 7:00:09.78",1447803889,1447804809,23181,1447804027,1447804992,-138,183,920,965,45
"blast500k_test_pub_fileFULL_gr_4895","IS24T-06XX264-DT","Wed 11/18/2015- 7:05:46.12","Wed 11/18/2015- 7:31:31.29",1447805146,1447806691,23182,1447805120,1447806702,26,11,1545,1582,37
"blast500k_test_pub_fileFULL_gr_4896","IS24T-06XX264-DT","Wed 11/18/2015- 7:09:39.39","Wed 11/18/2015- 7:31:49.14",1447805379,1447806709,23183,1447805351,1447806724,28,15,1330,1373,43
"blast500k_test_pub_fileFULL_gr_4897","IS24T-06XX298-DT","Wed 11/18/2015- 7:06:30.73","Wed 11/18/2015- 7:30:27.68",1447805190,1447806627,23184,1447805230,1447806691,-40,64,1437,1461,24
"blast500k_test_pub_fileFULL_gr_4898","IS24T-06XX294-DT","Wed 11/18/2015- 7:07:19.90","Wed 11/18/2015- 7:20:51.07",1447805239,1447806051,23185,1447805224,1447806078,15,27,812,854,42
"blast500k_test_pub_fileFULL_gr_4899","IS24T-06XX273-DT","Wed 11/18/2015- 7:04:23.59","Wed 11/18/2015- 7:19:00.16",1447805063,1447805940,23186,1447805041,1447805956,22,16,877,915,38
"blast500k_test_pub_fileFULL_gr_49","IS24T-06XX287-DT","Tue 11/17/2015-18:58:10.05","Tue 11/17/2015-19:19:41.90",1447761490,1447762781,18336,1447761487,1447762814,3,33,1291,1327,36
"blast500k_test_pub_fileFULL_gr_490","IS24T-06XX288-DT","Tue 11/17/2015-18:46:01.59","Tue 11/17/2015-19:24:22.33",1447760761,1447763062,18777,1447760727,1447763074,34,12,2301,2347,46
"blast500k_test_pub_fileFULL_gr_4900","IS24T-06XX284-DT","Wed 11/18/2015- 6:45:47.20","Wed 11/18/2015- 7:07:39.99",1447803947,1447805259,23187,1447803959,1447805312,-12,53,1312,1353,41
"blast500k_test_pub_fileFULL_gr_4901","IS24T-06XX295-DT","Wed 11/18/2015- 7:01:05.06","Wed 11/18/2015- 7:21:09.03",1447804865,1447806069,23188,1447804884,1447806130,-19,61,1204,1246,42
"blast500k_test_pub_fileFULL_gr_4902","IS24T-06XX263-DT","Wed 11/18/2015- 6:53:22.40","Wed 11/18/2015- 7:04:14.30",1447804402,1447805054,23189,1447804375,1447805071,27,17,652,696,44
"blast500k_test_pub_fileFULL_gr_4903","IS24T-06XX269-DT","Wed 11/18/2015- 6:48:42.89","Wed 11/18/2015- 7:09:42.92",1447804122,1447805382,23190,1447804123,1447805449,-1,67,1260,1326,66
"blast500k_test_pub_fileFULL_gr_4904","IS24T-06XX257-DT","Wed 11/18/2015- 7:00:59.30","Wed 11/18/2015- 7:15:53.54",1447804859,1447805753,23191,1447804834,1447805765,25,12,894,931,37
"blast500k_test_pub_fileFULL_gr_4905","IS24T-06XX284-DT","Wed 11/18/2015- 7:06:58.51","Wed 11/18/2015- 7:20:16.22",1447805218,1447806016,23192,1447805209,1447806078,9,62,798,869,71
"blast500k_test_pub_fileFULL_gr_4906","IS24T-06XX275-DT","Wed 11/18/2015- 7:08:42.65","Wed 11/18/2015- 7:29:00.66",1447805322,1447806540,23193,1447805310,1447806565,12,25,1218,1255,37
"blast500k_test_pub_fileFULL_gr_4907","IS24T-06XX272-DT","Wed 11/18/2015- 6:46:29.87","Wed 11/18/2015- 6:57:36.14",1447803989,1447804656,23194,1447803968,1447804672,21,16,667,704,37
"blast500k_test_pub_fileFULL_gr_4908","IS24T-06XX300-DT","Wed 11/18/2015- 6:56:54.23","Wed 11/18/2015- 7:07:53.46",1447804614,1447805273,23195,1447804598,1447805300,16,27,659,702,43
"blast500k_test_pub_fileFULL_gr_4909","IS24T-06XX256-DT","Wed 11/18/2015- 6:49:04.13","Wed 11/18/2015- 7:08:00.81",1447804144,1447805280,23196,1447804121,1447805297,23,17,1136,1176,40
"blast500k_test_pub_fileFULL_gr_491","IS24T-06XX253-DT","Tue 11/17/2015-19:06:14.98","Tue 11/17/2015-19:25:48.79",1447761974,1447763148,18778,1447761949,1447763166,25,18,1174,1217,43
"blast500k_test_pub_fileFULL_gr_4910","IS24T-06XX258-DT","Wed 11/18/2015- 6:57:08.17","Wed 11/18/2015- 7:13:35.79",1447804628,1447805615,23197,1447804603,1447805631,25,16,987,1028,41
"blast500k_test_pub_fileFULL_gr_4911","IS24T-06XX254-DT","Wed 11/18/2015- 7:13:42.97","Wed 11/18/2015- 7:31:54.81",1447805622,1447806714,23198,1447805586,1447806726,36,12,1092,1140,48
"blast500k_test_pub_fileFULL_gr_4912","IS24T-06XX277-DT","Wed 11/18/2015- 7:06:52.47","Wed 11/18/2015- 7:25:22.83",1447805212,1447806322,23199,1447805192,1447806336,20,14,1110,1144,34
"blast500k_test_pub_fileFULL_gr_4913","IS24T-06XX285-DT","Wed 11/18/2015- 7:08:30.47","Wed 11/18/2015- 7:22:11.05",1447805310,1447806131,23200,1447805303,1447806154,7,23,821,851,30
"blast500k_test_pub_fileFULL_gr_4914","IS24T-06XX262-DT","Wed 11/18/2015- 6:57:27.38","Wed 11/18/2015- 7:30:09.61",1447804647,1447806609,23201,1447804629,1447806629,18,20,1962,2000,38
"blast500k_test_pub_fileFULL_gr_4915","IS24T-06XX281-DT","Wed 11/18/2015- 6:49:09.34","Wed 11/18/2015- 7:11:00.65",1447804149,1447805460,23202,1447804133,1447805488,16,28,1311,1355,44
"blast500k_test_pub_fileFULL_gr_4916","IS24T-06XX287-DT","Wed 11/18/2015- 7:03:11.59","Wed 11/18/2015- 7:18:11.08",1447804991,1447805891,23203,1447804994,1447805924,-3,33,900,930,30
"blast500k_test_pub_fileFULL_gr_4917","IS24T-06XX266-DT","Wed 11/18/2015- 6:53:39.62","Wed 11/18/2015- 7:08:08.57",1447804419,1447805288,23204,1447804393,1447805301,26,13,869,908,39
"blast500k_test_pub_fileFULL_gr_4918","IS24T-06XX274-DT","Wed 11/18/2015- 7:02:48.38","Wed 11/18/2015- 7:21:43.75",1447804968,1447806103,23205,1447804942,1447806117,26,14,1135,1175,40
"blast500k_test_pub_fileFULL_gr_4919","IS24T-06XX252-DT","Wed 11/18/2015- 6:52:30.80","Wed 11/18/2015- 7:09:32.18",1447804350,1447805372,23206,1447804324,1447805392,26,20,1022,1068,46
"blast500k_test_pub_fileFULL_gr_492","IS24T-06XX297-DT","Tue 11/17/2015-18:49:14.80","Tue 11/17/2015-19:07:50.99",1447760954,1447762070,18779,1447760902,1447762106,52,36,1116,1204,88
"blast500k_test_pub_fileFULL_gr_4920","IS24T-06XX263-DT","Wed 11/18/2015- 7:17:55.24","Wed 11/18/2015- 7:29:35.86",1447805875,1447806575,23207,1447805849,1447806581,26,6,700,732,32
"blast500k_test_pub_fileFULL_gr_4921","IS24T-06XX262-DT","Wed 11/18/2015- 6:50:07.86","Wed 11/18/2015- 7:13:59.53",1447804207,1447805639,23208,1447804150,1447805665,57,26,1432,1515,83
"blast500k_test_pub_fileFULL_gr_4922","IS24T-06XX262-DT","Wed 11/18/2015- 6:50:07.87","Wed 11/18/2015- 7:20:30.74",1447804207,1447806030,23209,1447804175,1447806052,32,22,1823,1877,54
"blast500k_test_pub_fileFULL_gr_4923","IS24T-06XX293-DT","Wed 11/18/2015- 6:55:38.34","Wed 11/18/2015- 7:10:51.88",1447804538,1447805451,23210,1447804536,1447805489,2,38,913,953,40
"blast500k_test_pub_fileFULL_gr_4924","IS24T-06XX209-DT","Wed 11/18/2015- 6:51:13.64","Wed 11/18/2015- 7:16:02.04",1447804273,1447805762,23211,1447804282,1447805829,-9,67,1489,1547,58
"blast500k_test_pub_fileFULL_gr_4925","IS24T-06XX296-DT","Wed 11/18/2015- 6:50:57.77","Wed 11/18/2015- 7:06:57.73",1447804257,1447805217,23212,1447804255,1447805247,2,30,960,992,32
"blast500k_test_pub_fileFULL_gr_4926","IS24T-06XX298-DT","Wed 11/18/2015- 6:48:57.38","Wed 11/18/2015- 6:58:28.66",1447804137,1447804708,23213,1447804165,1447804780,-28,72,571,615,44
"blast500k_test_pub_fileFULL_gr_4927","IS24T-06XX256-DT","Wed 11/18/2015- 7:08:33.19","Wed 11/18/2015- 7:28:02.15",1447805313,1447806482,23214,1447805285,1447806499,28,17,1169,1214,45
"blast500k_test_pub_fileFULL_gr_4928","IS24T-06XX281-DT","Wed 11/18/2015- 7:12:10.62","Wed 11/18/2015- 7:26:23.47",1447805530,1447806383,23215,1447805476,1447806405,54,22,853,929,76
"blast500k_test_pub_fileFULL_gr_4929","IS24T-06XX252-DT","Wed 11/18/2015- 7:12:02.69","Wed 11/18/2015- 7:26:02.14",1447805522,1447806362,23216,1447805512,1447806376,10,14,840,864,24
"blast500k_test_pub_fileFULL_gr_493","IS24T-06XX294-DT","Tue 11/17/2015-19:07:19.67","Tue 11/17/2015-19:18:20.85",1447762039,1447762700,18780,1447762032,1447762729,7,29,661,697,36
"blast500k_test_pub_fileFULL_gr_4930","IS24T-06XX266-DT","Wed 11/18/2015- 7:14:27.56","Wed 11/18/2015- 7:29:22.81",1447805667,1447806562,23217,1447805654,1447806573,13,11,895,919,24
"blast500k_test_pub_fileFULL_gr_4931","IS24T-06XX274-DT","Wed 11/18/2015- 6:52:30.77","Wed 11/18/2015- 7:05:05.98",1447804350,1447805105,23218,1447804336,1447805124,14,19,755,788,33
"blast500k_test_pub_fileFULL_gr_4932","IS24T-06XX300-DT","Wed 11/18/2015- 7:08:25.55","Wed 11/18/2015- 7:26:13.15",1447805305,1447806373,23219,1447805288,1447806389,17,16,1068,1101,33
"blast500k_test_pub_fileFULL_gr_4933","IS24T-06XX261-DT","Wed 11/18/2015- 7:04:25.37","Wed 11/18/2015- 7:22:28.97",1447805065,1447806148,23220,1447805041,1447806159,24,11,1083,1118,35
"blast500k_test_pub_fileFULL_gr_4934","IS24T-06XX254-DT","Wed 11/18/2015- 6:52:27.74","Wed 11/18/2015- 7:13:00.95",1447804347,1447805580,23221,1447804319,1447805597,28,17,1233,1278,45
"blast500k_test_pub_fileFULL_gr_4935","IS24T-06XX271-DT","Wed 11/18/2015- 6:51:59.90","Wed 11/18/2015- 7:10:43.06",1447804319,1447805443,23222,1447804293,1447805461,26,18,1124,1168,44
"blast500k_test_pub_fileFULL_gr_4936","IS24T-06XX287-DT","Wed 11/18/2015- 6:51:59.41","Wed 11/18/2015- 7:00:26.16",1447804319,1447804826,23223,1447804324,1447804856,-5,30,507,532,25
"blast500k_test_pub_fileFULL_gr_4937","IS24T-06XX279-DT","Wed 11/18/2015- 6:51:49.64","Wed 11/18/2015- 7:16:29.80",1447804309,1447805789,23224,1447804310,1447805835,-1,46,1480,1525,45
"blast500k_test_pub_fileFULL_gr_4938","IS24T-06XX285-DT","Wed 11/18/2015- 7:08:14.04","Wed 11/18/2015- 7:25:10.36",1447805294,1447806310,23225,1447805277,1447806329,17,19,1016,1052,36
"blast500k_test_pub_fileFULL_gr_4939","IS24T-06XX277-DT","Wed 11/18/2015- 7:16:20.54","Wed 11/18/2015- 7:29:16.19",1447805780,1447806556,23226,1447805757,1447806571,23,15,776,814,38
"blast500k_test_pub_fileFULL_gr_494","IS24T-06XX275-DT","Tue 11/17/2015-19:12:52.84","Tue 11/17/2015-19:26:24.69",1447762372,1447763184,18781,1447762362,1447763208,10,24,812,846,34
"blast500k_test_pub_fileFULL_gr_4940","IS24T-06XX281-DT","Wed 11/18/2015- 6:52:15.13","Wed 11/18/2015- 7:13:23.91",1447804335,1447805603,23227,1447804328,1447805634,7,31,1268,1306,38
"blast500k_test_pub_fileFULL_gr_4941","IS24T-06XX284-DT","Wed 11/18/2015- 6:57:30.67","Wed 11/18/2015- 7:22:31.75",1447804650,1447806151,23228,1447804656,1447806206,-6,55,1501,1550,49
"blast500k_test_pub_fileFULL_gr_4942","IS24T-06XX293-DT","Wed 11/18/2015- 7:01:42.22","Wed 11/18/2015- 7:20:02.33",1447804902,1447806002,23229,1447804907,1447806037,-5,35,1100,1130,30
"blast500k_test_pub_fileFULL_gr_4943","IS24T-06XX265-DT","Wed 11/18/2015- 6:55:22.23","Wed 11/18/2015- 7:08:28.89",1447804522,1447805308,23230,1447804500,1447805323,22,15,786,823,37
"blast500k_test_pub_fileFULL_gr_4944","IS24T-06XX276-DT","Wed 11/18/2015- 6:57:13.79","Wed 11/18/2015- 7:16:21.12",1447804633,1447805781,23231,1447804611,1447805793,22,12,1148,1182,34
"blast500k_test_pub_fileFULL_gr_4945","IS24T-06XX295-DT","Wed 11/18/2015- 7:07:03.48","Wed 11/18/2015- 7:25:24.24",1447805223,1447806324,23232,1447805240,1447806378,-17,54,1101,1138,37
"blast500k_test_pub_fileFULL_gr_4946","IS24T-06XX291-DT","Wed 11/18/2015- 6:53:25.71","Wed 11/18/2015- 7:09:19.93",1447804405,1447805359,23233,1447804403,1447805385,2,26,954,982,28
"blast500k_test_pub_fileFULL_gr_4947","IS24T-06XX279-DT","Wed 11/18/2015- 7:17:03.07","Wed 11/18/2015- 7:35:06.96",1447805823,1447806906,23234,1447805822,1447806949,1,43,1083,1127,44
"blast500k_test_pub_fileFULL_gr_4948","IS24T-06XX271-DT","Wed 11/18/2015- 6:55:41.16","Wed 11/18/2015- 7:17:43.28",1447804541,1447805863,23235,1447804520,1447805877,21,14,1322,1357,35
"blast500k_test_pub_fileFULL_gr_4949","IS24T-06XX268-DT","Wed 11/18/2015- 7:13:48.21","Wed 11/18/2015- 7:27:52.13",1447805628,1447806472,23236,1447805603,1447806481,25,9,844,878,34
"blast500k_test_pub_fileFULL_gr_495","IS24T-06XX262-DT","Tue 11/17/2015-18:45:12.06","Tue 11/17/2015-19:09:38.41",1447760712,1447762178,18782,1447760616,1447762204,96,26,1466,1588,122
"blast500k_test_pub_fileFULL_gr_4950","IS24T-06XX288-DT","Wed 11/18/2015- 6:55:25.42","Wed 11/18/2015- 7:19:57.19",1447804525,1447805997,23237,1447804480,1447806007,45,10,1472,1527,55
"blast500k_test_pub_fileFULL_gr_4951","IS24T-06XX255-DT","Wed 11/18/2015- 6:56:05.91","Wed 11/18/2015- 7:05:17.49",1447804565,1447805117,23238,1447804541,1447805135,24,18,552,594,42
"blast500k_test_pub_fileFULL_gr_4952","IS24T-06XX297-DT","Wed 11/18/2015- 6:56:13.36","Wed 11/18/2015- 7:20:57.81",1447804573,1447806057,23239,1447804557,1447806083,16,26,1484,1526,42
"blast500k_test_pub_fileFULL_gr_4953","IS24T-06XX275-DT","Wed 11/18/2015- 7:02:43.04","Wed 11/18/2015- 7:20:45.62",1447804963,1447806045,23240,1447804959,1447806069,4,24,1082,1110,28
"blast500k_test_pub_fileFULL_gr_4954","IS24T-06XX283-DT","Wed 11/18/2015- 6:57:05.79","Wed 11/18/2015- 7:17:27.27",1447804625,1447805847,23241,1447804614,1447805875,11,28,1222,1261,39
"blast500k_test_pub_fileFULL_gr_4955","IS24T-06XX252-DT","Wed 11/18/2015- 7:00:47.03","Wed 11/18/2015- 7:11:45.04",1447804847,1447805505,23242,1447804820,1447805524,27,19,658,704,46
"blast500k_test_pub_fileFULL_gr_4956","IS24T-06XX284-DT","Wed 11/18/2015- 6:52:59.64","Wed 11/18/2015- 7:06:01.16",1447804379,1447805161,23243,1447804392,1447805221,-13,60,782,829,47
"blast500k_test_pub_fileFULL_gr_4957","IS24T-06XX272-DT","Wed 11/18/2015- 6:54:50.16","Wed 11/18/2015- 7:09:32.10",1447804490,1447805372,23244,1447804473,1447805390,17,18,882,917,35
"blast500k_test_pub_fileFULL_gr_4958","IS24T-06XX291-DT","Wed 11/18/2015- 7:01:21.52","Wed 11/18/2015- 7:23:16.72",1447804881,1447806196,23245,1447804860,1447806223,21,27,1315,1363,48
"blast500k_test_pub_fileFULL_gr_4959","IS24T-06XX264-DT","Wed 11/18/2015- 7:17:45.06","Wed 11/18/2015- 7:44:58.50",1447805865,1447807498,23246,1447805834,1447807510,31,12,1633,1676,43
"blast500k_test_pub_fileFULL_gr_496","IS24T-06XX260-DT","Tue 11/17/2015-19:17:48.08","Tue 11/17/2015-19:33:34.91",1447762668,1447763614,18783,1447762649,1447763633,19,19,946,984,38
"blast500k_test_pub_fileFULL_gr_4960","IS24T-06XX255-DT","Wed 11/18/2015- 7:17:05.78","Wed 11/18/2015- 7:31:53.33",1447805825,1447806713,23247,1447805796,1447806725,29,12,888,929,41
"blast500k_test_pub_fileFULL_gr_4961","IS24T-06XX267-DT","Wed 11/18/2015- 6:54:12.92","Wed 11/18/2015- 7:11:45.59",1447804452,1447805505,23248,1447804434,1447805521,18,16,1053,1087,34
"blast500k_test_pub_fileFULL_gr_4962","IS24T-06XX260-DT","Wed 11/18/2015- 7:01:49.14","Wed 11/18/2015- 7:10:39.41",1447804909,1447805439,23249,1447804884,1447805453,25,14,530,569,39
"blast500k_test_pub_fileFULL_gr_4963","IS24T-06XX299-DT","Wed 11/18/2015- 7:17:11.53","Wed 11/18/2015- 7:26:57.16",1447805831,1447806417,23250,1447805846,1447806474,-15,57,586,628,42
"blast500k_test_pub_fileFULL_gr_4964","IS24T-06XX280-DT","Wed 11/18/2015- 6:58:00.23","Wed 11/18/2015- 7:08:17.93",1447804680,1447805297,23251,1447804819,1447805479,-139,182,617,660,43
"blast500k_test_pub_fileFULL_gr_4965","IS24T-06XX267-DT","Wed 11/18/2015- 7:12:14.86","Wed 11/18/2015- 7:25:13.61",1447805534,1447806313,23252,1447805510,1447806331,24,18,779,821,42
"blast500k_test_pub_fileFULL_gr_4966","IS24T-06XX273-DT","Wed 11/18/2015- 7:06:52.42","Wed 11/18/2015- 7:20:18.28",1447805212,1447806018,23253,1447805187,1447806025,25,7,806,838,32
"blast500k_test_pub_fileFULL_gr_4967","IS24T-06XX294-DT","Wed 11/18/2015- 7:02:23.13","Wed 11/18/2015- 7:16:15.54",1447804943,1447805775,23254,1447804932,1447805803,11,28,832,871,39
"blast500k_test_pub_fileFULL_gr_4968","IS24T-06XX291-DT","Wed 11/18/2015- 7:09:46.50","Wed 11/18/2015- 7:36:44.10",1447805386,1447807004,23255,1447805373,1447807028,13,24,1618,1655,37
"blast500k_test_pub_fileFULL_gr_4969","IS24T-06XX276-DT","Wed 11/18/2015- 7:17:00.67","Wed 11/18/2015- 7:31:53.57",1447805820,1447806713,23256,1447805793,1447806728,27,15,893,935,42
"blast500k_test_pub_fileFULL_gr_497","IS24T-06XX291-DT","Tue 11/17/2015-18:57:23.45","Tue 11/17/2015-19:12:00.66",1447761443,1447762320,18784,1447761429,1447762348,14,28,877,919,42
"blast500k_test_pub_fileFULL_gr_4970","IS24T-06XX266-DT","Wed 11/18/2015- 7:08:33.69","Wed 11/18/2015- 7:22:27.29",1447805313,1447806147,23257,1447805288,1447806164,25,17,834,876,42
"blast500k_test_pub_fileFULL_gr_4971","IS24T-06XX300-DT","Wed 11/18/2015- 7:01:15.19","Wed 11/18/2015- 7:21:06.07",1447804875,1447806066,23258,1447804872,1447806092,3,26,1191,1220,29
"blast500k_test_pub_fileFULL_gr_4972","IS24T-06XX265-DT","Wed 11/18/2015- 7:08:55.56","Wed 11/18/2015- 7:25:04.78",1447805335,1447806304,23259,1447805312,1447806314,23,10,969,1002,33
"blast500k_test_pub_fileFULL_gr_4973","IS24T-06XX253-DT","Wed 11/18/2015- 7:05:57.98","Wed 11/18/2015- 7:26:20.34",1447805157,1447806380,23260,1447805135,1447806388,22,8,1223,1253,30
"blast500k_test_pub_fileFULL_gr_4974","IS24T-06XX209-DT","Wed 11/18/2015- 7:16:40.89","Wed 11/18/2015- 7:30:59.10",1447805800,1447806659,23261,1447805818,1447806725,-18,66,859,907,48
"blast500k_test_pub_fileFULL_gr_4975","IS24T-06XX286-DT","Wed 11/18/2015- 7:17:38.22","Wed 11/18/2015- 7:31:00.19",1447805858,1447806660,23262,1447805847,1447806683,11,23,802,836,34
"blast500k_test_pub_fileFULL_gr_4976","IS24T-06XX271-DT","Wed 11/18/2015- 7:11:14.09","Wed 11/18/2015- 7:31:50.66",1447805474,1447806710,23263,1447805449,1447806724,25,14,1236,1275,39
"blast500k_test_pub_fileFULL_gr_4977","IS24T-06XX282-DT","Wed 11/18/2015- 6:58:16.13","Wed 11/18/2015- 7:15:17.18",1447804696,1447805717,23264,1447804677,1447805744,19,27,1021,1067,46
"blast500k_test_pub_fileFULL_gr_4978","IS24T-06XX282-DT","Wed 11/18/2015- 6:59:55.84","Wed 11/18/2015- 7:18:41.20",1447804795,1447805921,23265,1447804794,1447805945,1,24,1126,1151,25
"blast500k_test_pub_fileFULL_gr_4979","IS24T-06XX254-DT","Wed 11/18/2015- 7:03:20.69","Wed 11/18/2015- 7:19:11.99",1447805000,1447805951,23266,1447804969,1447805969,31,18,951,1000,49
"blast500k_test_pub_fileFULL_gr_498","IS24T-06XX286-DT","Tue 11/17/2015-18:53:01.10","Tue 11/17/2015-19:00:39.17",1447761181,1447761639,18785,1447761168,1447761668,13,29,458,500,42
"blast500k_test_pub_fileFULL_gr_4980","IS24T-06XX259-DT","Wed 11/18/2015- 7:06:03.92","Wed 11/18/2015- 7:19:47.77",1447805163,1447805987,23267,1447805139,1447806005,24,18,824,866,42
"blast500k_test_pub_fileFULL_gr_4981","IS24T-06XX254-DT","Wed 11/18/2015- 7:14:54.49","Wed 11/18/2015- 7:23:57.88",1447805694,1447806237,23268,1447805663,1447806252,31,15,543,589,46
"blast500k_test_pub_fileFULL_gr_4982","IS24T-06XX284-DT","Wed 11/18/2015- 7:08:26.06","Wed 11/18/2015- 7:32:20.15",1447805306,1447806740,23269,1447805300,1447806794,6,54,1434,1494,60
"blast500k_test_pub_fileFULL_gr_4983","IS24T-06XX294-DT","Wed 11/18/2015- 7:16:41.91","Wed 11/18/2015- 7:26:58.57",1447805801,1447806418,23270,1447805791,1447806438,10,20,617,647,30
"blast500k_test_pub_fileFULL_gr_4984","IS24T-06XX299-DT","Wed 11/18/2015- 7:04:35.23","Wed 11/18/2015- 7:16:42.38",1447805075,1447805802,23271,1447805101,1447805858,-26,56,727,757,30
"blast500k_test_pub_fileFULL_gr_4985","IS24T-06XX289-DT","Wed 11/18/2015- 7:12:56.68","Wed 11/18/2015- 7:31:00.95",1447805576,1447806660,23272,1447805578,1447806694,-2,34,1084,1116,32
"blast500k_test_pub_fileFULL_gr_4986","IS24T-06XX288-DT","Wed 11/18/2015- 7:01:45.73","Wed 11/18/2015- 7:29:52.17",1447804905,1447806592,23273,1447804868,1447806601,37,9,1687,1733,46
"blast500k_test_pub_fileFULL_gr_4987","IS24T-06XX286-DT","Wed 11/18/2015- 6:58:43.90","Wed 11/18/2015- 7:17:06.70",1447804723,1447805826,23274,1447804723,1447805858,0,32,1103,1135,32
"blast500k_test_pub_fileFULL_gr_4988","IS24T-06XX288-DT","Wed 11/18/2015- 7:00:08.55","Wed 11/18/2015- 7:20:49.42",1447804808,1447806049,23275,1447804763,1447806057,45,8,1241,1294,53
"blast500k_test_pub_fileFULL_gr_4989","IS24T-06XX276-DT","Wed 11/18/2015- 6:59:40.76","Wed 11/18/2015- 7:16:15.81",1447804780,1447805775,23276,1447804767,1447805793,13,18,995,1026,31
"blast500k_test_pub_fileFULL_gr_499","IS24T-06XX288-DT","Tue 11/17/2015-18:52:40.31","Tue 11/17/2015-19:10:04.26",1447761160,1447762204,18786,1447761126,1447762217,34,13,1044,1091,47
"blast500k_test_pub_fileFULL_gr_4990","IS24T-06XX255-DT","Wed 11/18/2015- 7:05:48.26","Wed 11/18/2015- 7:16:35.16",1447805148,1447805795,23277,1447805123,1447805809,25,14,647,686,39
"blast500k_test_pub_fileFULL_gr_4991","IS24T-06XX280-DT","Wed 11/18/2015- 7:09:31.64","Wed 11/18/2015- 7:22:01.67",1447805371,1447806121,23278,1447805516,1447806302,-145,181,750,786,36
"blast500k_test_pub_fileFULL_gr_4992","IS24T-06XX263-DT","Wed 11/18/2015- 7:04:39.73","Wed 11/18/2015- 7:17:15.38",1447805079,1447805835,23279,1447805060,1447805849,19,14,756,789,33
"blast500k_test_pub_fileFULL_gr_4993","IS24T-06XX261-DT","Wed 11/18/2015- 7:05:31.84","Wed 11/18/2015- 7:20:31.42",1447805131,1447806031,23280,1447805111,1447806045,20,14,900,934,34
"blast500k_test_pub_fileFULL_gr_4994","IS24T-06XX299-DT","Wed 11/18/2015- 7:14:46.17","Wed 11/18/2015- 7:27:58.06",1447805686,1447806478,23281,1447805697,1447806526,-11,48,792,829,37
"blast500k_test_pub_fileFULL_gr_4995","IS24T-06XX278-DT","Wed 11/18/2015- 7:07:27.55","Wed 11/18/2015- 7:21:51.84",1447805247,1447806111,23282,1447805249,1447806141,-2,30,864,892,28
"blast500k_test_pub_fileFULL_gr_4996","IS24T-06XX209-DT","Wed 11/18/2015- 7:14:54.67","Wed 11/18/2015- 7:31:17.17",1447805694,1447806677,23283,1447805715,1447806736,-21,59,983,1021,38
"blast500k_test_pub_fileFULL_gr_4997","IS24T-06XX276-DT","Wed 11/18/2015- 7:17:00.67","Wed 11/18/2015- 7:32:09.80",1447805820,1447806729,23284,1447805780,1447806740,40,11,909,960,51
"blast500k_test_pub_fileFULL_gr_4998","IS24T-06XX297-DT","Wed 11/18/2015- 7:06:52.81","Wed 11/18/2015- 7:31:42.10",1447805212,1447806702,23285,1447805190,1447806728,22,26,1490,1538,48
"blast500k_test_pub_fileFULL_gr_4999","IS24T-06XX258-DT","Wed 11/18/2015- 7:13:51.51","Wed 11/18/2015- 7:28:22.73",1447805631,1447806502,23286,1447805619,1447806518,12,16,871,899,28
"blast500k_test_pub_fileFULL_gr_5","IS24T-06XX294-DT","Tue 11/17/2015-17:43:06.48","Tue 11/17/2015-17:58:55.92",1447756986,1447757935,18292,1447756971,1447757962,15,27,949,991,42
"blast500k_test_pub_fileFULL_gr_50","IS24T-06XX299-DT","Tue 11/17/2015-17:41:44.51","Tue 11/17/2015-17:56:19.10",1447756904,1447757779,18337,1447756898,1447757831,6,52,875,933,58
"blast500k_test_pub_fileFULL_gr_500","IS24T-06XX283-DT","Tue 11/17/2015-18:53:38.28","Tue 11/17/2015-19:15:52.49",1447761218,1447762552,18787,1447761207,1447762582,11,30,1334,1375,41
"blast500k_test_pub_fileFULL_gr_5000","IS24T-06XX272-DT","Wed 11/18/2015- 7:09:49.63","Wed 11/18/2015- 7:28:15.77",1447805389,1447806495,23287,1447805377,1447806506,12,11,1106,1129,23
"blast500k_test_pub_fileFULL_gr_501","IS24T-06XX298-DT","Tue 11/17/2015-19:13:37.42","Tue 11/17/2015-19:28:05.36",1447762417,1447763285,18788,1447762445,1447763355,-28,70,868,910,42
"blast500k_test_pub_fileFULL_gr_502","IS24T-06XX284-DT","Tue 11/17/2015-18:53:42.29","Tue 11/17/2015-19:16:01.77",1447761222,1447762561,18789,1447761216,1447762621,6,60,1339,1405,66
"blast500k_test_pub_fileFULL_gr_503","IS24T-06XX269-DT","Tue 11/17/2015-18:51:10.38","Tue 11/17/2015-19:03:15.94",1447761070,1447761795,18790,1447761061,1447761825,9,30,725,764,39
"blast500k_test_pub_fileFULL_gr_504","IS24T-06XX277-DT","Tue 11/17/2015-19:18:22.86","Tue 11/17/2015-19:35:55.52",1447762702,1447763755,18791,1447762679,1447763770,23,15,1053,1091,38
"blast500k_test_pub_fileFULL_gr_505","IS24T-06XX267-DT","Tue 11/17/2015-19:14:58.27","Tue 11/17/2015-19:24:03.45",1447762498,1447763043,18792,1447762472,1447763063,26,20,545,591,46
"blast500k_test_pub_fileFULL_gr_506","IS24T-06XX293-DT","Tue 11/17/2015-18:49:11.18","Tue 11/17/2015-19:08:07.16",1447760951,1447762087,18793,1447760947,1447762122,4,35,1136,1175,39
"blast500k_test_pub_fileFULL_gr_507","IS24T-06XX298-DT","Tue 11/17/2015-18:46:58.95","Tue 11/17/2015-19:13:05.72",1447760818,1447762385,18794,1447760847,1447762458,-29,73,1567,1611,44
"blast500k_test_pub_fileFULL_gr_508","IS24T-06XX255-DT","Tue 11/17/2015-18:57:10.50","Tue 11/17/2015-19:08:51.28",1447761430,1447762131,18795,1447761406,1447762150,24,19,701,744,43
"blast500k_test_pub_fileFULL_gr_509","IS24T-06XX261-DT","Tue 11/17/2015-19:10:52.77","Tue 11/17/2015-19:26:42.38",1447762252,1447763202,18796,1447762207,1447763212,45,10,950,1005,55
"blast500k_test_pub_fileFULL_gr_51","IS24T-06XX263-DT","Tue 11/17/2015-18:15:33.10","Tue 11/17/2015-18:35:57.05",1447758933,1447760157,18338,1447758901,1447760175,32,18,1224,1274,50
"blast500k_test_pub_fileFULL_gr_510","IS24T-06XX269-DT","Tue 11/17/2015-19:00:16.86","Tue 11/17/2015-19:17:22.23",1447761616,1447762642,18797,1447761607,1447762672,9,30,1026,1065,39
"blast500k_test_pub_fileFULL_gr_511","IS24T-06XX277-DT","Tue 11/17/2015-18:47:34.17","Tue 11/17/2015-19:02:41.02",1447760854,1447761761,18798,1447760819,1447761778,35,17,907,959,52
"blast500k_test_pub_fileFULL_gr_512","IS24T-06XX255-DT","Tue 11/17/2015-18:53:16.59","Tue 11/17/2015-19:14:07.87",1447761196,1447762447,18799,1447761173,1447762466,23,19,1251,1293,42
"blast500k_test_pub_fileFULL_gr_513","IS24T-06XX269-DT","Tue 11/17/2015-18:47:40.35","Tue 11/17/2015-18:59:48.06",1447760860,1447761588,18800,1447760850,1447761619,10,31,728,769,41
"blast500k_test_pub_fileFULL_gr_514","IS24T-06XX266-DT","Tue 11/17/2015-18:52:15.83","Tue 11/17/2015-19:07:29.62",1447761135,1447762049,18801,1447761124,1447762063,11,14,914,939,25
"blast500k_test_pub_fileFULL_gr_515","IS24T-06XX260-DT","Tue 11/17/2015-18:53:23.15","Tue 11/17/2015-19:07:06.15",1447761203,1447762026,18802,1447761184,1447762045,19,19,823,861,38
"blast500k_test_pub_fileFULL_gr_516","IS24T-06XX260-DT","Tue 11/17/2015-18:59:44.04","Tue 11/17/2015-19:11:13.53",1447761584,1447762273,18803,1447761565,1447762290,19,17,689,725,36
"blast500k_test_pub_fileFULL_gr_517","IS24T-06XX268-DT","Tue 11/17/2015-18:53:11.18","Tue 11/17/2015-19:04:25.89",1447761191,1447761865,18804,1447761170,1447761882,21,17,674,712,38
"blast500k_test_pub_fileFULL_gr_518","IS24T-06XX276-DT","Tue 11/17/2015-19:08:35.12","Tue 11/17/2015-19:24:30.52",1447762115,1447763070,18805,1447762090,1447763084,25,14,955,994,39
"blast500k_test_pub_fileFULL_gr_519","IS24T-06XX285-DT","Tue 11/17/2015-19:21:21.99","Tue 11/17/2015-19:33:10.86",1447762881,1447763590,18806,1447762868,1447763617,13,27,709,749,40
"blast500k_test_pub_fileFULL_gr_52","IS24T-06XX252-DT","Tue 11/17/2015-17:41:59.49","Tue 11/17/2015-18:02:51.27",1447756919,1447758171,18339,1447756888,1447758188,31,17,1252,1300,48
"blast500k_test_pub_fileFULL_gr_520","IS24T-06XX294-DT","Tue 11/17/2015-18:56:52.61","Tue 11/17/2015-19:13:02.29",1447761412,1447762382,18807,1447761401,1447762409,11,27,970,1008,38
"blast500k_test_pub_fileFULL_gr_521","IS24T-06XX252-DT","Tue 11/17/2015-18:59:16.99","Tue 11/17/2015-19:16:54.82",1447761556,1447762614,18808,1447761532,1447762632,24,18,1058,1100,42
"blast500k_test_pub_fileFULL_gr_522","IS24T-06XX294-DT","Tue 11/17/2015-19:26:50.52","Tue 11/17/2015-19:47:00.54",1447763210,1447764420,18809,1447763199,1447764449,11,29,1210,1250,40
"blast500k_test_pub_fileFULL_gr_523","IS24T-06XX294-DT","Tue 11/17/2015-19:13:26.90","Tue 11/17/2015-19:26:23.99",1447762406,1447763183,18810,1447762397,1447763211,9,28,777,814,37
"blast500k_test_pub_fileFULL_gr_524","IS24T-06XX281-DT","Tue 11/17/2015-18:50:33.21","Tue 11/17/2015-19:03:40.22",1447761033,1447761820,18811,1447761007,1447761848,26,28,787,841,54
"blast500k_test_pub_fileFULL_gr_525","IS24T-06XX264-DT","Tue 11/17/2015-19:50:44.27","Tue 11/17/2015-20:06:35.89",1447764644,1447765595,18812,1447764615,1447765609,29,14,951,994,43
"blast500k_test_pub_fileFULL_gr_526","IS24T-06XX267-DT","Tue 11/17/2015-19:09:54.58","Tue 11/17/2015-19:28:47.42",1447762194,1447763327,18813,1447762171,1447763343,23,16,1133,1172,39
"blast500k_test_pub_fileFULL_gr_527","IS24T-06XX293-DT","Tue 11/17/2015-19:08:46.06","Tue 11/17/2015-19:24:51.14",1447762126,1447763091,18814,1447762122,1447763129,4,38,965,1007,42
"blast500k_test_pub_fileFULL_gr_528","IS24T-06XX262-DT","Tue 11/17/2015-19:38:45.06","Tue 11/17/2015-20:10:10.30",1447763925,1447765810,18815,1447763907,1447765836,18,26,1885,1929,44
"blast500k_test_pub_fileFULL_gr_529","IS24T-06XX257-DT","Tue 11/17/2015-18:58:48.55","Tue 11/17/2015-19:11:53.00",1447761528,1447762313,18816,1447761505,1447762331,23,18,785,826,41
"blast500k_test_pub_fileFULL_gr_53","IS24T-06XX269-DT","Tue 11/17/2015-17:46:39.19","Tue 11/17/2015-18:09:08.13",1447757199,1447758548,18340,1447757169,1447758576,30,28,1349,1407,58
"blast500k_test_pub_fileFULL_gr_530","IS24T-06XX275-DT","Tue 11/17/2015-18:48:56.55","Tue 11/17/2015-18:59:03.20",1447760936,1447761543,18817,1447760924,1447761573,12,30,607,649,42
"blast500k_test_pub_fileFULL_gr_531","IS24T-06XX274-DT","Tue 11/17/2015-18:51:40.83","Tue 11/17/2015-19:07:52.62",1447761100,1447762072,18818,1447761072,1447762086,28,14,972,1014,42
"blast500k_test_pub_fileFULL_gr_532","IS24T-06XX285-DT","Tue 11/17/2015-19:01:43.61","Tue 11/17/2015-19:20:40.28",1447761703,1447762840,18819,1447761691,1447762868,12,28,1137,1177,40
"blast500k_test_pub_fileFULL_gr_533","IS24T-06XX277-DT","Tue 11/17/2015-19:03:13.63","Tue 11/17/2015-19:17:54.87",1447761793,1447762674,18820,1447761767,1447762690,26,16,881,923,42
"blast500k_test_pub_fileFULL_gr_534","IS24T-06XX254-DT","Tue 11/17/2015-18:50:48.28","Tue 11/17/2015-19:12:20.63",1447761048,1447762340,18821,1447761018,1447762355,30,15,1292,1337,45
"blast500k_test_pub_fileFULL_gr_535","IS24T-06XX286-DT","Tue 11/17/2015-18:55:09.84","Tue 11/17/2015-19:05:35.93",1447761309,1447761935,18822,1447761296,1447761964,13,29,626,668,42
"blast500k_test_pub_fileFULL_gr_536","IS24T-06XX280-DT","Tue 11/17/2015-19:24:11.81","Tue 11/17/2015-19:41:58.44",1447763051,1447764118,18823,1447763190,1447764301,-139,183,1067,1111,44
"blast500k_test_pub_fileFULL_gr_537","IS24T-06XX294-DT","Tue 11/17/2015-19:18:45.65","Tue 11/17/2015-19:34:49.88",1447762725,1447763689,18824,1447762717,1447763717,8,28,964,1000,36
"blast500k_test_pub_fileFULL_gr_538","IS24T-06XX281-DT","Tue 11/17/2015-19:04:41.34","Tue 11/17/2015-19:20:10.17",1447761881,1447762810,18825,1447761848,1447762834,33,24,929,986,57
"blast500k_test_pub_fileFULL_gr_539","IS24T-06XX258-DT","Tue 11/17/2015-18:53:58.97","Tue 11/17/2015-19:05:36.35",1447761238,1447761936,18826,1447761214,1447761953,24,17,698,739,41
"blast500k_test_pub_fileFULL_gr_54","IS24T-06XX260-DT","Tue 11/17/2015-17:44:14.24","Tue 11/17/2015-18:00:27.43",1447757054,1447758027,18341,1447757023,1447758040,31,13,973,1017,44
"blast500k_test_pub_fileFULL_gr_540","IS24T-06XX272-DT","Tue 11/17/2015-18:56:36.82","Tue 11/17/2015-19:08:46.97",1447761396,1447762126,18827,1447761351,1447762143,45,17,730,792,62
"blast500k_test_pub_fileFULL_gr_541","IS24T-06XX256-DT","Tue 11/17/2015-18:54:58.60","Tue 11/17/2015-19:09:08.72",1447761298,1447762148,18828,1447761273,1447762168,25,20,850,895,45
"blast500k_test_pub_fileFULL_gr_542","IS24T-06XX300-DT","Tue 11/17/2015-18:57:00.38","Tue 11/17/2015-19:11:40.95",1447761420,1447762300,18829,1447761402,1447762316,18,16,880,914,34
"blast500k_test_pub_fileFULL_gr_543","IS24T-06XX272-DT","Tue 11/17/2015-19:19:11.79","Tue 11/17/2015-19:34:20.26",1447762751,1447763660,18830,1447762728,1447763679,23,19,909,951,42
"blast500k_test_pub_fileFULL_gr_544","IS24T-06XX284-DT","Tue 11/17/2015-18:52:36.86","Tue 11/17/2015-19:14:00.91",1447761156,1447762440,18831,1447761169,1447762502,-13,62,1284,1333,49
"blast500k_test_pub_fileFULL_gr_545","IS24T-06XX264-DT","Tue 11/17/2015-18:56:38.17","Tue 11/17/2015-19:18:35.50",1447761398,1447762715,18832,1447761372,1447762729,26,14,1317,1357,40
"blast500k_test_pub_fileFULL_gr_546","IS24T-06XX273-DT","Tue 11/17/2015-19:21:26.55","Tue 11/17/2015-19:37:45.16",1447762886,1447763865,18833,1447762867,1447763882,19,17,979,1015,36
"blast500k_test_pub_fileFULL_gr_547","IS24T-06XX283-DT","Tue 11/17/2015-19:27:09.77","Tue 11/17/2015-19:38:44.03",1447763229,1447763924,18834,1447763212,1447763956,17,32,695,744,49
"blast500k_test_pub_fileFULL_gr_548","IS24T-06XX254-DT","Tue 11/17/2015-19:04:16.60","Tue 11/17/2015-19:28:39.43",1447761856,1447763319,18835,1447761825,1447763337,31,18,1463,1512,49
"blast500k_test_pub_fileFULL_gr_549","IS24T-06XX297-DT","Tue 11/17/2015-18:54:58.43","Tue 11/17/2015-19:13:19.44",1447761298,1447762399,18836,1447761276,1447762433,22,34,1101,1157,56
"blast500k_test_pub_fileFULL_gr_55","IS24T-06XX297-DT","Tue 11/17/2015-17:42:19.22","Tue 11/17/2015-18:10:23.91",1447756939,1447758623,18342,1447756904,1447758658,35,35,1684,1754,70
"blast500k_test_pub_fileFULL_gr_550","IS24T-06XX252-DT","Tue 11/17/2015-19:48:03.69","Tue 11/17/2015-20:08:58.20",1447764483,1447765738,18837,1447764461,1447765754,22,16,1255,1293,38
"blast500k_test_pub_fileFULL_gr_551","IS24T-06XX268-DT","Tue 11/17/2015-18:55:42.54","Tue 11/17/2015-19:16:41.70",1447761342,1447762601,18838,1447761319,1447762619,23,18,1259,1300,41
"blast500k_test_pub_fileFULL_gr_552","IS24T-06XX255-DT","Tue 11/17/2015-19:09:21.92","Tue 11/17/2015-19:17:26.42",1447762161,1447762646,18839,1447762138,1447762663,23,17,485,525,40
"blast500k_test_pub_fileFULL_gr_553","IS24T-06XX280-DT","Tue 11/17/2015-18:52:52.08","Tue 11/17/2015-19:03:18.79",1447761172,1447761798,18840,1447761312,1447761981,-140,183,626,669,43
"blast500k_test_pub_fileFULL_gr_554","IS24T-06XX291-DT","Tue 11/17/2015-19:01:31.12","Tue 11/17/2015-19:17:40.95",1447761691,1447762660,18841,1447761679,1447762688,12,28,969,1009,40
"blast500k_test_pub_fileFULL_gr_555","IS24T-06XX294-DT","Tue 11/17/2015-19:35:12.30","Tue 11/17/2015-19:48:05.55",1447763712,1447764485,18842,1447763706,1447764510,6,25,773,804,31
"blast500k_test_pub_fileFULL_gr_556","IS24T-06XX279-DT","Tue 11/17/2015-19:15:48.40","Tue 11/17/2015-19:32:24.54",1447762548,1447763544,18843,1447762553,1447763590,-5,46,996,1037,41
"blast500k_test_pub_fileFULL_gr_557","IS24T-06XX272-DT","Tue 11/17/2015-18:56:36.83","Tue 11/17/2015-19:18:43.51",1447761396,1447762723,18844,1447761364,1447762740,32,17,1327,1376,49
"blast500k_test_pub_fileFULL_gr_558","IS24T-06XX296-DT","Tue 11/17/2015-19:00:45.28","Tue 11/17/2015-19:11:15.26",1447761645,1447762275,18845,1447761631,1447762304,14,29,630,673,43
"blast500k_test_pub_fileFULL_gr_559","IS24T-06XX282-DT","Tue 11/17/2015-18:54:45.51","Tue 11/17/2015-19:10:18.36",1447761285,1447762218,18846,1447761271,1447762243,14,25,933,972,39
"blast500k_test_pub_fileFULL_gr_56","IS24T-06XX271-DT","Tue 11/17/2015-17:47:42.67","Tue 11/17/2015-18:01:54.70",1447757262,1447758114,18343,1447757224,1447758130,38,16,852,906,54
"blast500k_test_pub_fileFULL_gr_560","IS24T-06XX295-DT","Tue 11/17/2015-19:24:20.37","Tue 11/17/2015-19:43:54.56",1447763060,1447764234,18847,1447763073,1447764294,-13,60,1174,1221,47
"blast500k_test_pub_fileFULL_gr_561","IS24T-06XX259-DT","Tue 11/17/2015-19:12:28.01","Tue 11/17/2015-19:23:46.62",1447762348,1447763026,18848,1447762306,1447763045,42,19,678,739,61
"blast500k_test_pub_fileFULL_gr_562","IS24T-06XX265-DT","Tue 11/17/2015-19:07:15.77","Tue 11/17/2015-19:21:12.78",1447762035,1447762872,18849,1447762014,1447762888,21,16,837,874,37
"blast500k_test_pub_fileFULL_gr_563","IS24T-06XX275-DT","Tue 11/17/2015-18:59:32.85","Tue 11/17/2015-19:09:53.74",1447761572,1447762193,18850,1447761561,1447762220,11,27,621,659,38
"blast500k_test_pub_fileFULL_gr_564","IS24T-06XX279-DT","Tue 11/17/2015-19:01:07.18","Tue 11/17/2015-19:26:02.92",1447761667,1447763162,18851,1447761675,1447763209,-8,47,1495,1534,39
"blast500k_test_pub_fileFULL_gr_565","IS24T-06XX209-DT","Tue 11/17/2015-19:11:16.21","Tue 11/17/2015-19:29:39.38",1447762276,1447763379,18852,1447762301,1447763443,-25,64,1103,1142,39
"blast500k_test_pub_fileFULL_gr_566","IS24T-06XX280-DT","Tue 11/17/2015-19:22:49.32","Tue 11/17/2015-19:32:57.42",1447762969,1447763577,18853,1447763105,1447763759,-136,182,608,654,46
"blast500k_test_pub_fileFULL_gr_567","IS24T-06XX271-DT","Tue 11/17/2015-19:09:27.22","Tue 11/17/2015-19:21:22.44",1447762167,1447762882,18854,1447762144,1447762898,23,16,715,754,39
"blast500k_test_pub_fileFULL_gr_568","IS24T-06XX257-DT","Tue 11/17/2015-19:10:47.03","Tue 11/17/2015-19:30:18.08",1447762247,1447763418,18855,1447762222,1447763434,25,16,1171,1212,41
"blast500k_test_pub_fileFULL_gr_569","IS24T-06XX209-DT","Tue 11/17/2015-18:55:29.22","Tue 11/17/2015-19:19:41.65",1447761329,1447762781,18856,1447761353,1447762851,-24,70,1452,1498,46
"blast500k_test_pub_fileFULL_gr_57","IS24T-06XX284-DT","Tue 11/17/2015-17:45:07.53","Tue 11/17/2015-18:10:28.87",1447757107,1447758628,18344,1447757094,1447758692,13,64,1521,1598,77
"blast500k_test_pub_fileFULL_gr_570","IS24T-06XX277-DT","Tue 11/17/2015-19:02:35.53","Tue 11/17/2015-19:15:38.90",1447761755,1447762538,18857,1447761731,1447762555,24,17,783,824,41
"blast500k_test_pub_fileFULL_gr_571","IS24T-06XX296-DT","Tue 11/17/2015-19:35:40.08","Tue 11/17/2015-19:50:29.22",1447763740,1447764629,18858,1447763718,1447764656,22,27,889,938,49
"blast500k_test_pub_fileFULL_gr_572","IS24T-06XX274-DT","Tue 11/17/2015-19:12:43.36","Tue 11/17/2015-19:26:04.56",1447762363,1447763164,18859,1447762335,1447763181,28,17,801,846,45
"blast500k_test_pub_fileFULL_gr_573","IS24T-06XX259-DT","Tue 11/17/2015-19:12:27.99","Tue 11/17/2015-19:41:44.71",1447762347,1447764104,18860,1447762317,1447764124,30,20,1757,1807,50
"blast500k_test_pub_fileFULL_gr_574","IS24T-06XX284-DT","Tue 11/17/2015-18:57:01.24","Tue 11/17/2015-19:40:27.93",1447761421,1447764027,18861,1447761439,1447764092,-18,65,2606,2653,47
"blast500k_test_pub_fileFULL_gr_575","IS24T-06XX286-DT","Tue 11/17/2015-19:06:03.35","Tue 11/17/2015-19:24:45.33",1447761963,1447763085,18862,1447761952,1447763114,11,29,1122,1162,40
"blast500k_test_pub_fileFULL_gr_576","IS24T-06XX265-DT","Tue 11/17/2015-19:01:04.46","Tue 11/17/2015-19:17:37.25",1447761664,1447762657,18863,1447761639,1447762672,25,15,993,1033,40
"blast500k_test_pub_fileFULL_gr_577","IS24T-06XX299-DT","Tue 11/17/2015-20:17:30.74","Tue 11/17/2015-20:35:56.70",1447766250,1447767356,18864,1447766263,1447767402,-13,46,1106,1139,33
"blast500k_test_pub_fileFULL_gr_578","IS24T-06XX289-DT","Tue 11/17/2015-18:57:23.09","Tue 11/17/2015-19:19:17.19",1447761443,1447762757,18865,1447761446,1447762792,-3,35,1314,1346,32
"blast500k_test_pub_fileFULL_gr_579","IS24T-06XX257-DT","Tue 11/17/2015-19:03:04.92","Tue 11/17/2015-19:10:19.34",1447761784,1447762219,18866,1447761760,1447762234,24,15,435,474,39
"blast500k_test_pub_fileFULL_gr_58","IS24T-06XX295-DT","Tue 11/17/2015-18:06:06.97","Tue 11/17/2015-18:22:42.08",1447758366,1447759362,18345,1447758388,1447759422,-22,60,996,1034,38
"blast500k_test_pub_fileFULL_gr_580","IS24T-06XX256-DT","Tue 11/17/2015-19:22:27.60","Tue 11/17/2015-19:41:26.13",1447762947,1447764086,18867,1447762925,1447764104,22,18,1139,1179,40
"blast500k_test_pub_fileFULL_gr_581","IS24T-06XX295-DT","Tue 11/17/2015-18:58:42.18","Tue 11/17/2015-19:21:42.58",1447761522,1447762902,18868,1447761526,1447762964,-4,62,1380,1438,58
"blast500k_test_pub_fileFULL_gr_582","IS24T-06XX299-DT","Tue 11/17/2015-19:01:46.14","Tue 11/17/2015-19:19:47.78",1447761706,1447762787,18869,1447761720,1447762832,-14,45,1081,1112,31
"blast500k_test_pub_fileFULL_gr_583","IS24T-06XX258-DT","Tue 11/17/2015-19:06:04.40","Tue 11/17/2015-19:17:53.79",1447761964,1447762673,18870,1447761941,1447762690,23,17,709,749,40
"blast500k_test_pub_fileFULL_gr_584","IS24T-06XX252-DT","Tue 11/17/2015-19:02:10.41","Tue 11/17/2015-19:23:52.20",1447761730,1447763032,18871,1447761708,1447763049,22,17,1302,1341,39
"blast500k_test_pub_fileFULL_gr_585","IS24T-06XX288-DT","Tue 11/17/2015-19:10:49.74","Tue 11/17/2015-19:34:25.49",1447762249,1447763665,18872,1447762205,1447763677,44,12,1416,1472,56
"blast500k_test_pub_fileFULL_gr_586","IS24T-06XX279-DT","Tue 11/17/2015-18:58:08.60","Tue 11/17/2015-19:15:10.92",1447761488,1447762510,18873,1447761494,1447762553,-6,43,1022,1059,37
"blast500k_test_pub_fileFULL_gr_587","IS24T-06XX271-DT","Tue 11/17/2015-19:00:26.33","Tue 11/17/2015-19:11:07.31",1447761626,1447762267,18874,1447761603,1447762281,23,14,641,678,37
"blast500k_test_pub_fileFULL_gr_588","IS24T-06XX271-DT","Tue 11/17/2015-19:22:11.77","Tue 11/17/2015-19:32:38.07",1447762931,1447763558,18875,1447762898,1447763574,33,16,627,676,49
"blast500k_test_pub_fileFULL_gr_589","IS24T-06XX283-DT","Tue 11/17/2015-19:02:35.77","Tue 11/17/2015-19:22:42.37",1447761755,1447762962,18876,1447761743,1447762988,12,26,1207,1245,38
"blast500k_test_pub_fileFULL_gr_59","IS24T-06XX272-DT","Tue 11/17/2015-19:31:09.65","Tue 11/17/2015-19:48:10.36",1447763469,1447764490,18346,1447763446,1447764508,23,18,1021,1062,41
"blast500k_test_pub_fileFULL_gr_590","IS24T-06XX283-DT","Tue 11/17/2015-19:55:19.78","Tue 11/17/2015-20:12:00.57",1447764919,1447765920,18877,1447764906,1447765950,13,30,1001,1044,43
"blast500k_test_pub_fileFULL_gr_591","IS24T-06XX281-DT","Tue 11/17/2015-19:07:08.14","Tue 11/17/2015-19:34:42.01",1447762028,1447763682,18878,1447762014,1447763707,14,25,1654,1693,39
"blast500k_test_pub_fileFULL_gr_592","IS24T-06XX295-DT","Tue 11/17/2015-18:58:42.19","Tue 11/17/2015-19:23:46.28",1447761522,1447763026,18879,1447761538,1447763085,-16,59,1504,1547,43
"blast500k_test_pub_fileFULL_gr_593","IS24T-06XX269-DT","Tue 11/17/2015-19:03:43.94","Tue 11/17/2015-19:20:54.08",1447761823,1447762854,18880,1447761813,1447762883,10,29,1031,1070,39
"blast500k_test_pub_fileFULL_gr_594","IS24T-06XX209-DT","Tue 11/17/2015-19:11:46.07","Tue 11/17/2015-19:41:51.00",1447762306,1447764111,18881,1447762326,1447764180,-20,69,1805,1854,49
"blast500k_test_pub_fileFULL_gr_595","IS24T-06XX275-DT","Tue 11/17/2015-19:03:14.37","Tue 11/17/2015-19:12:13.32",1447761794,1447762333,18882,1447761782,1447762362,12,29,539,580,41
"blast500k_test_pub_fileFULL_gr_596","IS24T-06XX281-DT","Tue 11/17/2015-19:35:52.59","Tue 11/17/2015-19:55:13.30",1447763752,1447764913,18883,1447763750,1447764931,2,18,1161,1181,20
"blast500k_test_pub_fileFULL_gr_597","IS24T-06XX297-DT","Tue 11/17/2015-19:13:54.31","Tue 11/17/2015-19:32:42.81",1447762434,1447763562,18884,1447762422,1447763593,12,31,1128,1171,43
"blast500k_test_pub_fileFULL_gr_598","IS24T-06XX280-DT","Tue 11/17/2015-19:03:51.57","Tue 11/17/2015-19:23:40.12",1447761831,1447763020,18885,1447761969,1447763203,-138,183,1189,1234,45
"blast500k_test_pub_fileFULL_gr_599","IS24T-06XX253-DT","Tue 11/17/2015-19:03:01.25","Tue 11/17/2015-19:12:30.38",1447761781,1447762350,18886,1447761755,1447762367,26,17,569,612,43
"blast500k_test_pub_fileFULL_gr_6","IS24T-06XX209-DT","Tue 11/17/2015-18:11:49.76","Tue 11/17/2015-18:37:30.45",1447758709,1447760250,18293,1447758735,1447760318,-26,68,1541,1583,42
"blast500k_test_pub_fileFULL_gr_60","IS24T-06XX269-DT","Tue 11/17/2015-17:46:39.23","Tue 11/17/2015-17:59:06.24",1447757199,1447757946,18347,1447757181,1447757974,18,28,747,793,46
"blast500k_test_pub_fileFULL_gr_600","IS24T-06XX285-DT","Tue 11/17/2015-19:12:50.70","Tue 11/17/2015-19:31:16.20",1447762370,1447763476,18887,1447762347,1447763501,23,25,1106,1154,48
"blast500k_test_pub_fileFULL_gr_601","IS24T-06XX260-DT","Tue 11/17/2015-19:07:32.98","Tue 11/17/2015-19:17:24.91",1447762052,1447762644,18888,1447762033,1447762661,19,17,592,628,36
"blast500k_test_pub_fileFULL_gr_602","IS24T-06XX268-DT","Tue 11/17/2015-19:04:54.31","Tue 11/17/2015-19:18:54.65",1447761894,1447762734,18889,1447761871,1447762749,23,15,840,878,38
"blast500k_test_pub_fileFULL_gr_603","IS24T-06XX282-DT","Tue 11/17/2015-19:22:48.53","Tue 11/17/2015-19:45:49.98",1447762968,1447764349,18890,1447762954,1447764377,14,28,1381,1423,42
"blast500k_test_pub_fileFULL_gr_604","IS24T-06XX256-DT","Tue 11/17/2015-19:16:46.45","Tue 11/17/2015-19:33:17.33",1447762606,1447763597,18891,1447762582,1447763612,24,15,991,1030,39
"blast500k_test_pub_fileFULL_gr_605","IS24T-06XX287-DT","Tue 11/17/2015-19:20:04.89","Tue 11/17/2015-19:30:30.30",1447762804,1447763430,18892,1447762803,1447763462,1,32,626,659,33
"blast500k_test_pub_fileFULL_gr_606","IS24T-06XX289-DT","Tue 11/17/2015-19:19:35.58","Tue 11/17/2015-19:39:46.64",1447762775,1447763986,18893,1447762779,1447764019,-4,33,1211,1240,29
"blast500k_test_pub_fileFULL_gr_607","IS24T-06XX264-DT","Tue 11/17/2015-19:19:00.89","Tue 11/17/2015-19:39:44.54",1447762740,1447763984,18894,1447762717,1447763998,23,14,1244,1281,37
"blast500k_test_pub_fileFULL_gr_608","IS24T-06XX288-DT","Tue 11/17/2015-19:35:08.17","Tue 11/17/2015-19:56:00.29",1447763708,1447764960,18895,1447763666,1447764972,42,12,1252,1306,54
"blast500k_test_pub_fileFULL_gr_609","IS24T-06XX268-DT","Tue 11/17/2015-19:50:53.92","Tue 11/17/2015-20:13:09.48",1447764653,1447765989,18896,1447764631,1447766005,22,16,1336,1374,38
"blast500k_test_pub_fileFULL_gr_61","IS24T-06XX283-DT","Tue 11/17/2015-17:45:28.09","Tue 11/17/2015-18:01:51.10",1447757128,1447758111,18348,1447757107,1447758134,21,23,983,1027,44
"blast500k_test_pub_fileFULL_gr_610","IS24T-06XX297-DT","Tue 11/17/2015-19:08:33.40","Tue 11/17/2015-19:35:56.76",1447762113,1447763756,18897,1447762094,1447763791,19,35,1643,1697,54
"blast500k_test_pub_fileFULL_gr_611","IS24T-06XX283-DT","Tue 11/17/2015-19:39:04.45","Tue 11/17/2015-19:56:23.71",1447763944,1447764983,18898,1447763942,1447765014,2,31,1039,1072,33
"blast500k_test_pub_fileFULL_gr_612","IS24T-06XX299-DT","Tue 11/17/2015-19:33:32.68","Tue 11/17/2015-19:52:07.85",1447763612,1447764727,18899,1447763625,1447764783,-13,56,1115,1158,43
"blast500k_test_pub_fileFULL_gr_613","IS24T-06XX294-DT","Tue 11/17/2015-19:48:17.89","Tue 11/17/2015-20:15:23.21",1447764497,1447766123,18900,1447764498,1447766153,-1,30,1626,1655,29
"blast500k_test_pub_fileFULL_gr_614","IS24T-06XX262-DT","Tue 11/17/2015-19:07:39.34","Tue 11/17/2015-19:36:00.00",1447762059,1447763760,18901,1447762023,1447763789,36,29,1701,1766,65
"blast500k_test_pub_fileFULL_gr_615","IS24T-06XX291-DT","Tue 11/17/2015-19:18:09.84","Tue 11/17/2015-19:42:24.95",1447762689,1447764144,18902,1447762677,1447764173,12,29,1455,1496,41
"blast500k_test_pub_fileFULL_gr_616","IS24T-06XX273-DT","Tue 11/17/2015-19:06:18.82","Tue 11/17/2015-19:21:04.84",1447761978,1447762864,18903,1447761959,1447762879,19,15,886,920,34
"blast500k_test_pub_fileFULL_gr_617","IS24T-06XX262-DT","Tue 11/17/2015-19:07:39.34","Tue 11/17/2015-19:27:11.17",1447762059,1447763231,18904,1447762035,1447763261,24,30,1172,1226,54
"blast500k_test_pub_fileFULL_gr_618","IS24T-06XX262-DT","Tue 11/17/2015-19:04:38.27","Tue 11/17/2015-19:29:35.33",1447761878,1447763375,18905,1447761847,1447763404,31,29,1497,1557,60
"blast500k_test_pub_fileFULL_gr_619","IS24T-06XX261-DT","Tue 11/17/2015-19:10:52.81","Tue 11/17/2015-19:26:24.84",1447762252,1447763184,18906,1447762219,1447763201,33,17,932,982,50
"blast500k_test_pub_fileFULL_gr_62","IS24T-06XX254-DT","Tue 11/17/2015-17:43:36.98","Tue 11/17/2015-18:08:23.93",1447757016,1447758503,18349,1447756951,1447758518,65,15,1487,1567,80
"blast500k_test_pub_fileFULL_gr_620","IS24T-06XX257-DT","Tue 11/17/2015-19:32:09.82","Tue 11/17/2015-19:45:35.91",1447763529,1447764335,18907,1447763518,1447764352,11,17,806,834,28
"blast500k_test_pub_fileFULL_gr_621","IS24T-06XX292-DT","Tue 11/17/2015-19:21:38.66","Tue 11/17/2015-19:37:23.31",1447762898,1447763843,18908,1447762941,1447763925,-43,82,945,984,39
"blast500k_test_pub_fileFULL_gr_622","IS24T-06XX266-DT","Tue 11/17/2015-19:09:39.83","Tue 11/17/2015-19:22:40.05",1447762179,1447762960,18909,1447762167,1447762976,12,16,781,809,28
"blast500k_test_pub_fileFULL_gr_623","IS24T-06XX263-DT","Tue 11/17/2015-19:09:49.92","Tue 11/17/2015-19:30:16.15",1447762189,1447763416,18910,1447762165,1447763432,24,16,1227,1267,40
"blast500k_test_pub_fileFULL_gr_624","IS24T-06XX281-DT","Tue 11/17/2015-19:44:06.96","Tue 11/17/2015-19:54:06.85",1447764246,1447764846,18911,1447764237,1447764876,9,30,600,639,39
"blast500k_test_pub_fileFULL_gr_625","IS24T-06XX296-DT","Tue 11/17/2015-19:45:36.37","Tue 11/17/2015-19:56:21.42",1447764336,1447764981,18912,1447764323,1447765007,13,26,645,684,39
"blast500k_test_pub_fileFULL_gr_626","IS24T-06XX264-DT","Tue 11/17/2015-19:23:14.34","Tue 11/17/2015-19:50:12.57",1447762994,1447764612,18913,1447762963,1447764627,31,15,1618,1664,46
"blast500k_test_pub_fileFULL_gr_627","IS24T-06XX269-DT","Tue 11/17/2015-19:18:04.30","Tue 11/17/2015-19:32:47.46",1447762684,1447763567,18914,1447762672,1447763596,12,29,883,924,41
"blast500k_test_pub_fileFULL_gr_628","IS24T-06XX260-DT","Tue 11/17/2015-19:11:31.44","Tue 11/17/2015-19:26:38.35",1447762291,1447763198,18915,1447762279,1447763212,12,14,907,933,26
"blast500k_test_pub_fileFULL_gr_629","IS24T-06XX279-DT","Tue 11/17/2015-19:42:59.95","Tue 11/17/2015-19:58:43.92",1447764179,1447765123,18916,1447764180,1447765167,-1,44,944,987,43
"blast500k_test_pub_fileFULL_gr_63","IS24T-06XX256-DT","Tue 11/17/2015-17:57:46.35","Tue 11/17/2015-18:14:50.03",1447757866,1447758890,18350,1447757843,1447758908,23,18,1024,1065,41
"blast500k_test_pub_fileFULL_gr_630","IS24T-06XX299-DT","Tue 11/17/2015-19:06:10.34","Tue 11/17/2015-19:17:40.63",1447761970,1447762660,18917,1447761983,1447762716,-13,56,690,733,43
"blast500k_test_pub_fileFULL_gr_631","IS24T-06XX284-DT","Tue 11/17/2015-19:16:40.55","Tue 11/17/2015-19:46:39.96",1447762600,1447764399,18918,1447762609,1447764462,-9,63,1799,1853,54
"blast500k_test_pub_fileFULL_gr_632","IS24T-06XX258-DT","Tue 11/17/2015-19:09:03.31","Tue 11/17/2015-19:24:34.45",1447762143,1447763074,18919,1447762122,1447763091,21,17,931,969,38
"blast500k_test_pub_fileFULL_gr_633","IS24T-06XX300-DT","Tue 11/17/2015-19:12:34.93","Tue 11/17/2015-19:22:34.07",1447762354,1447762954,18920,1447762316,1447762980,38,26,600,664,64
"blast500k_test_pub_fileFULL_gr_634","IS24T-06XX286-DT","Tue 11/17/2015-19:25:17.03","Tue 11/17/2015-19:41:04.59",1447763117,1447764064,18921,1447763102,1447764092,15,28,947,990,43
"blast500k_test_pub_fileFULL_gr_635","IS24T-06XX284-DT","Tue 11/17/2015-19:47:18.07","Tue 11/17/2015-20:05:21.51",1447764438,1447765521,18922,1447764450,1447765583,-12,62,1083,1133,50
"blast500k_test_pub_fileFULL_gr_636","IS24T-06XX292-DT","Tue 11/17/2015-19:12:21.05","Tue 11/17/2015-19:30:39.34",1447762341,1447763439,18923,1447762385,1447763524,-44,85,1098,1139,41
"blast500k_test_pub_fileFULL_gr_637","IS24T-06XX263-DT","Tue 11/17/2015-19:16:09.57","Tue 11/17/2015-19:34:16.67",1447762569,1447763656,18924,1447762547,1447763673,22,17,1087,1126,39
"blast500k_test_pub_fileFULL_gr_638","IS24T-06XX289-DT","Tue 11/17/2015-19:09:21.44","Tue 11/17/2015-19:25:39.14",1447762161,1447763139,18925,1447762163,1447763172,-2,33,978,1009,31
"blast500k_test_pub_fileFULL_gr_639","IS24T-06XX266-DT","Tue 11/17/2015-19:08:03.33","Tue 11/17/2015-19:25:27.33",1447762083,1447763127,18926,1447762063,1447763143,20,16,1044,1080,36
"blast500k_test_pub_fileFULL_gr_64","IS24T-06XX209-DT","Tue 11/17/2015-17:41:59.91","Tue 11/17/2015-18:11:17.57",1447756919,1447758677,18351,1447756927,1447758747,-8,70,1758,1820,62
"blast500k_test_pub_fileFULL_gr_640","IS24T-06XX254-DT","Tue 11/17/2015-19:29:18.57","Tue 11/17/2015-19:55:30.77",1447763358,1447764930,18927,1447763325,1447764949,33,19,1572,1624,52
"blast500k_test_pub_fileFULL_gr_641","IS24T-06XX297-DT","Tue 11/17/2015-19:37:59.64","Tue 11/17/2015-19:59:18.07",1447763879,1447765158,18928,1447763865,1447765196,14,38,1279,1331,52
"blast500k_test_pub_fileFULL_gr_642","IS24T-06XX254-DT","Tue 11/17/2015-19:23:46.93","Tue 11/17/2015-19:38:29.29",1447763026,1447763909,18929,1447762995,1447763925,31,16,883,930,47
"blast500k_test_pub_fileFULL_gr_643","IS24T-06XX275-DT","Tue 11/17/2015-19:38:33.39","Tue 11/17/2015-19:54:13.51",1447763913,1447764853,18930,1447763900,1447764881,13,28,940,981,41
"blast500k_test_pub_fileFULL_gr_644","IS24T-06XX274-DT","Tue 11/17/2015-19:30:39.75","Tue 11/17/2015-19:42:28.71",1447763439,1447764148,18931,1447763414,1447764165,25,17,709,751,42
"blast500k_test_pub_fileFULL_gr_645","IS24T-06XX288-DT","Tue 11/17/2015-19:15:42.81","Tue 11/17/2015-19:35:41.93",1447762542,1447763741,18932,1447762508,1447763755,34,14,1199,1247,48
"blast500k_test_pub_fileFULL_gr_646","IS24T-06XX274-DT","Tue 11/17/2015-19:42:59.30","Tue 11/17/2015-19:52:46.61",1447764179,1447764766,18933,1447764152,1447764782,27,16,587,630,43
"blast500k_test_pub_fileFULL_gr_647","IS24T-06XX268-DT","Tue 11/17/2015-19:17:10.18","Tue 11/17/2015-19:26:56.76",1447762630,1447763216,18934,1447762607,1447763224,23,8,586,617,31
"blast500k_test_pub_fileFULL_gr_648","IS24T-06XX258-DT","Tue 11/17/2015-19:18:20.52","Tue 11/17/2015-19:31:15.82",1447762700,1447763475,18935,1447762677,1447763493,23,18,775,816,41
"blast500k_test_pub_fileFULL_gr_649","IS24T-06XX266-DT","Tue 11/17/2015-19:23:15.63","Tue 11/17/2015-19:39:29.49",1447762995,1447763969,18936,1447762976,1447763985,19,16,974,1009,35
"blast500k_test_pub_fileFULL_gr_65","IS24T-06XX252-DT","Tue 11/17/2015-17:59:55.90","Tue 11/17/2015-18:13:23.99",1447757995,1447758803,18352,1447757970,1447758821,25,18,808,851,43
"blast500k_test_pub_fileFULL_gr_650","IS24T-06XX282-DT","Tue 11/17/2015-19:10:46.62","Tue 11/17/2015-19:22:19.62",1447762246,1447762939,18937,1447762231,1447762965,15,26,693,734,41
"blast500k_test_pub_fileFULL_gr_651","IS24T-06XX271-DT","Tue 11/17/2015-19:11:30.85","Tue 11/17/2015-19:21:39.38",1447762290,1447762899,18938,1447762270,1447762909,20,10,609,639,30
"blast500k_test_pub_fileFULL_gr_652","IS24T-06XX255-DT","Tue 11/17/2015-19:14:40.55","Tue 11/17/2015-19:25:25.27",1447762480,1447763125,18939,1447762454,1447763139,26,14,645,685,40
"blast500k_test_pub_fileFULL_gr_653","IS24T-06XX261-DT","Tue 11/17/2015-19:26:55.70","Tue 11/17/2015-19:34:54.79",1447763215,1447763694,18940,1447763190,1447763711,25,17,479,521,42
"blast500k_test_pub_fileFULL_gr_654","IS24T-06XX257-DT","Tue 11/17/2015-19:12:09.22","Tue 11/17/2015-19:31:53.52",1447762329,1447763513,18941,1447762318,1447763530,11,17,1184,1212,28
"blast500k_test_pub_fileFULL_gr_655","IS24T-06XX254-DT","Tue 11/17/2015-19:13:02.95","Tue 11/17/2015-19:34:04.00",1447762382,1447763644,18942,1447762343,1447763662,39,18,1262,1319,57
"blast500k_test_pub_fileFULL_gr_656","IS24T-06XX259-DT","Tue 11/17/2015-19:44:50.63","Tue 11/17/2015-20:10:17.08",1447764290,1447765817,18943,1447764268,1447765835,22,18,1527,1567,40
"blast500k_test_pub_fileFULL_gr_657","IS24T-06XX264-DT","Tue 11/17/2015-19:16:53.06","Tue 11/17/2015-19:42:47.09",1447762613,1447764167,18944,1447762585,1447764185,28,18,1554,1600,46
"blast500k_test_pub_fileFULL_gr_658","IS24T-06XX283-DT","Tue 11/17/2015-19:16:22.32","Tue 11/17/2015-19:26:38.14",1447762582,1447763198,18945,1447762570,1447763225,12,27,616,655,39
"blast500k_test_pub_fileFULL_gr_659","IS24T-06XX297-DT","Tue 11/17/2015-19:10:22.58","Tue 11/17/2015-19:37:24.75",1447762222,1447763844,18946,1447762217,1447763877,5,33,1622,1660,38
"blast500k_test_pub_fileFULL_gr_66","IS24T-06XX272-DT","Tue 11/17/2015-17:47:14.25","Tue 11/17/2015-17:58:46.05",1447757234,1447757926,18353,1447757208,1447757935,26,9,692,727,35
"blast500k_test_pub_fileFULL_gr_660","IS24T-06XX288-DT","Tue 11/17/2015-19:24:59.26","Tue 11/17/2015-19:53:22.03",1447763099,1447764802,18947,1447763062,1447764815,37,13,1703,1753,50
"blast500k_test_pub_fileFULL_gr_661","IS24T-06XX296-DT","Tue 11/17/2015-19:21:06.94","Tue 11/17/2015-19:35:01.06",1447762866,1447763701,18948,1447762854,1447763731,12,30,835,877,42
"blast500k_test_pub_fileFULL_gr_662","IS24T-06XX269-DT","Tue 11/17/2015-19:21:32.89","Tue 11/17/2015-19:36:18.64",1447762892,1447763778,18949,1447762883,1447763808,9,30,886,925,39
"blast500k_test_pub_fileFULL_gr_663","IS24T-06XX280-DT","Tue 11/17/2015-19:13:26.50","Tue 11/17/2015-19:22:02.95",1447762406,1447762922,18950,1447762547,1447763105,-141,183,516,558,42
"blast500k_test_pub_fileFULL_gr_664","IS24T-06XX300-DT","Tue 11/17/2015-19:12:34.90","Tue 11/17/2015-19:29:25.87",1447762354,1447763365,18951,1447762328,1447763392,26,27,1011,1064,53
"blast500k_test_pub_fileFULL_gr_665","IS24T-06XX265-DT","Tue 11/17/2015-19:41:02.97","Tue 11/17/2015-19:58:39.92",1447764062,1447765119,18952,1447764047,1447765136,15,17,1057,1089,32
"blast500k_test_pub_fileFULL_gr_666","IS24T-06XX253-DT","Tue 11/17/2015-19:12:48.13","Tue 11/17/2015-19:22:34.63",1447762368,1447762954,18953,1447762354,1447762969,14,15,586,615,29
"blast500k_test_pub_fileFULL_gr_667","IS24T-06XX259-DT","Tue 11/17/2015-19:24:18.15","Tue 11/17/2015-19:44:20.06",1447763058,1447764260,18954,1447763034,1447764280,24,20,1202,1246,44
"blast500k_test_pub_fileFULL_gr_668","IS24T-06XX282-DT","Tue 11/17/2015-19:29:16.91","Tue 11/17/2015-19:38:00.97",1447763356,1447763880,18955,1447763340,1447763906,16,26,524,566,42
"blast500k_test_pub_fileFULL_gr_669","IS24T-06XX252-DT","Tue 11/17/2015-19:17:23.66","Tue 11/17/2015-19:30:12.14",1447762643,1447763412,18956,1447762621,1447763429,22,17,769,808,39
"blast500k_test_pub_fileFULL_gr_67","IS24T-06XX287-DT","Tue 11/17/2015-17:44:38.44","Tue 11/17/2015-17:58:35.94",1447757078,1447757915,18354,1447757071,1447757948,7,33,837,877,40
"blast500k_test_pub_fileFULL_gr_670","IS24T-06XX291-DT","Tue 11/17/2015-19:12:29.81","Tue 11/17/2015-19:35:59.31",1447762349,1447763759,18957,1447762336,1447763787,13,28,1410,1451,41
"blast500k_test_pub_fileFULL_gr_671","IS24T-06XX273-DT","Tue 11/17/2015-19:24:25.82","Tue 11/17/2015-19:39:54.17",1447763065,1447763994,18958,1447763047,1447764012,18,18,929,965,36
"blast500k_test_pub_fileFULL_gr_672","IS24T-06XX255-DT","Tue 11/17/2015-19:30:52.34","Tue 11/17/2015-19:45:13.66",1447763452,1447764313,18959,1447763429,1447764328,23,15,861,899,38
"blast500k_test_pub_fileFULL_gr_673","IS24T-06XX287-DT","Tue 11/17/2015-19:15:16.03","Tue 11/17/2015-19:33:16.32",1447762516,1447763596,18960,1447762513,1447763626,3,30,1080,1113,33
"blast500k_test_pub_fileFULL_gr_674","IS24T-06XX284-DT","Tue 11/17/2015-19:18:59.75","Tue 11/17/2015-19:44:49.38",1447762739,1447764289,18961,1447762756,1447764349,-17,60,1550,1593,43
"blast500k_test_pub_fileFULL_gr_675","IS24T-06XX264-DT","Tue 11/17/2015-19:13:26.92","Tue 11/17/2015-19:33:01.53",1447762406,1447763581,18962,1447762378,1447763596,28,15,1175,1218,43
"blast500k_test_pub_fileFULL_gr_676","IS24T-06XX269-DT","Tue 11/17/2015-19:36:59.53","Tue 11/17/2015-19:51:31.04",1447763819,1447764691,18963,1447763808,1447764721,11,30,872,913,41
"blast500k_test_pub_fileFULL_gr_677","IS24T-06XX282-DT","Tue 11/17/2015-19:38:29.95","Tue 11/17/2015-19:50:32.68",1447763909,1447764632,18964,1447763894,1447764658,15,26,723,764,41
"blast500k_test_pub_fileFULL_gr_678","IS24T-06XX262-DT","Tue 11/17/2015-20:38:45.37","Tue 11/17/2015-21:05:02.34",1447767525,1447769102,18965,1447767484,1447769129,41,27,1577,1645,68
"blast500k_test_pub_fileFULL_gr_679","IS24T-06XX283-DT","Tue 11/17/2015-19:23:08.70","Tue 11/17/2015-19:34:11.44",1447762988,1447763651,18966,1447762976,1447763679,12,28,663,703,40
"blast500k_test_pub_fileFULL_gr_68","IS24T-06XX289-DT","Tue 11/17/2015-17:44:04.26","Tue 11/17/2015-17:57:06.83",1447757044,1447757826,18355,1447757031,1447757857,13,31,782,826,44
"blast500k_test_pub_fileFULL_gr_680","IS24T-06XX295-DT","Tue 11/17/2015-19:35:17.23","Tue 11/17/2015-19:47:24.73",1447763717,1447764444,18967,1447763736,1447764505,-19,61,727,769,42
"blast500k_test_pub_fileFULL_gr_681","IS24T-06XX209-DT","Tue 11/17/2015-19:30:23.25","Tue 11/17/2015-19:43:47.56",1447763423,1447764227,18968,1447763443,1447764299,-20,72,804,856,52
"blast500k_test_pub_fileFULL_gr_682","IS24T-06XX265-DT","Tue 11/17/2015-19:21:29.30","Tue 11/17/2015-19:40:34.17",1447762889,1447764034,18969,1447762877,1447764047,12,13,1145,1170,25
"blast500k_test_pub_fileFULL_gr_683","IS24T-06XX289-DT","Tue 11/17/2015-19:25:59.46","Tue 11/17/2015-19:40:37.96",1447763159,1447764037,18970,1447763160,1447764068,-1,31,878,908,30
"blast500k_test_pub_fileFULL_gr_684","IS24T-06XX255-DT","Tue 11/17/2015-19:17:54.67","Tue 11/17/2015-19:30:23.98",1447762674,1447763423,18971,1447762651,1447763440,23,17,749,789,40
"blast500k_test_pub_fileFULL_gr_685","IS24T-06XX286-DT","Tue 11/17/2015-19:14:43.99","Tue 11/17/2015-19:28:01.70",1447762483,1447763281,18972,1447762473,1447763310,10,29,798,837,39
"blast500k_test_pub_fileFULL_gr_686","IS24T-06XX299-DT","Tue 11/17/2015-19:52:38.81","Tue 11/17/2015-20:07:06.44",1447764758,1447765626,18973,1447764771,1447765681,-13,55,868,910,42
"blast500k_test_pub_fileFULL_gr_687","IS24T-06XX293-DT","Tue 11/17/2015-19:21:55.10","Tue 11/17/2015-19:35:17.45",1447762915,1447763717,18974,1447762908,1447763750,7,33,802,842,40
"blast500k_test_pub_fileFULL_gr_688","IS24T-06XX271-DT","Tue 11/17/2015-19:22:11.76","Tue 11/17/2015-19:50:53.95",1447762931,1447764653,18975,1447762909,1447764673,22,20,1722,1764,42
"blast500k_test_pub_fileFULL_gr_689","IS24T-06XX284-DT","Tue 11/17/2015-19:14:45.57","Tue 11/17/2015-19:39:21.94",1447762485,1447763961,18976,1447762490,1447764022,-5,61,1476,1532,56
"blast500k_test_pub_fileFULL_gr_69","IS24T-06XX296-DT","Tue 11/17/2015-18:20:56.44","Tue 11/17/2015-18:38:29.15",1447759256,1447760309,18356,1447759241,1447760336,15,27,1053,1095,42
"blast500k_test_pub_fileFULL_gr_690","IS24T-06XX291-DT","Tue 11/17/2015-19:36:30.92","Tue 11/17/2015-19:56:37.10",1447763790,1447764997,18977,1447763775,1447765027,15,30,1207,1252,45
"blast500k_test_pub_fileFULL_gr_691","IS24T-06XX298-DT","Tue 11/17/2015-19:26:42.41","Tue 11/17/2015-19:40:58.31",1447763202,1447764058,18978,1447763233,1447764131,-31,73,856,898,42
"blast500k_test_pub_fileFULL_gr_692","IS24T-06XX277-DT","Tue 11/17/2015-19:16:08.29","Tue 11/17/2015-19:28:41.40",1447762568,1447763321,18979,1447762543,1447763338,25,17,753,795,42
"blast500k_test_pub_fileFULL_gr_693","IS24T-06XX292-DT","Tue 11/17/2015-19:49:51.61","Tue 11/17/2015-20:00:19.21",1447764591,1447765219,18980,1447764635,1447765299,-44,80,628,664,36
"blast500k_test_pub_fileFULL_gr_694","IS24T-06XX295-DT","Tue 11/17/2015-19:22:12.77","Tue 11/17/2015-19:34:48.16",1447762932,1447763688,18981,1447762952,1447763747,-20,59,756,795,39
"blast500k_test_pub_fileFULL_gr_695","IS24T-06XX258-DT","Tue 11/17/2015-19:25:13.74","Tue 11/17/2015-19:44:05.16",1447763113,1447764245,18982,1447763091,1447764259,22,14,1132,1168,36
"blast500k_test_pub_fileFULL_gr_696","IS24T-06XX265-DT","Tue 11/17/2015-19:18:16.63","Tue 11/17/2015-19:34:57.95",1447762696,1447763697,18983,1447762672,1447763712,24,15,1001,1040,39
"blast500k_test_pub_fileFULL_gr_697","IS24T-06XX256-DT","Tue 11/17/2015-19:45:07.89","Tue 11/17/2015-20:04:27.60",1447764307,1447765467,18984,1447764285,1447765483,22,16,1160,1198,38
"blast500k_test_pub_fileFULL_gr_698","IS24T-06XX255-DT","Tue 11/17/2015-19:25:52.58","Tue 11/17/2015-19:49:30.77",1447763152,1447764570,18985,1447763128,1447764590,24,20,1418,1462,44
"blast500k_test_pub_fileFULL_gr_699","IS24T-06XX296-DT","Tue 11/17/2015-19:56:50.60","Tue 11/17/2015-20:12:43.26",1447765010,1447765963,18986,1447764995,1447765992,15,29,953,997,44
"blast500k_test_pub_fileFULL_gr_7","IS24T-06XX258-DT","Tue 11/17/2015-17:55:44.82","Tue 11/17/2015-18:18:06.71",1447757744,1447759086,18294,1447757731,1447759105,13,19,1342,1374,32
"blast500k_test_pub_fileFULL_gr_70","IS24T-06XX252-DT","Tue 11/17/2015-18:14:32.77","Tue 11/17/2015-18:28:33.02",1447758872,1447759713,18357,1447758855,1447759728,17,15,841,873,32
"blast500k_test_pub_fileFULL_gr_700","IS24T-06XX278-DT","Tue 11/17/2015-19:45:56.12","Tue 11/17/2015-19:57:00.05",1447764356,1447765020,18987,1447764346,1447765057,10,37,664,711,47
"blast500k_test_pub_fileFULL_gr_701","IS24T-06XX278-DT","Tue 11/17/2015-19:16:48.64","Tue 11/17/2015-19:31:52.82",1447762608,1447763512,18988,1447762602,1447763546,6,34,904,944,40
"blast500k_test_pub_fileFULL_gr_702","IS24T-06XX293-DT","Tue 11/17/2015-19:25:22.47","Tue 11/17/2015-19:46:11.42",1447763122,1447764371,18989,1447763116,1447764407,6,36,1249,1291,42
"blast500k_test_pub_fileFULL_gr_703","IS24T-06XX299-DT","Tue 11/17/2015-19:35:45.83","Tue 11/17/2015-19:53:29.90",1447763745,1447764809,18990,1447763761,1447764865,-16,56,1064,1104,40
"blast500k_test_pub_fileFULL_gr_704","IS24T-06XX294-DT","Tue 11/17/2015-19:47:29.28","Tue 11/17/2015-20:10:13.09",1447764449,1447765813,18991,1447764437,1447765841,12,28,1364,1404,40
"blast500k_test_pub_fileFULL_gr_705","IS24T-06XX278-DT","Tue 11/17/2015-19:40:24.17","Tue 11/17/2015-20:04:48.77",1447764024,1447765488,18992,1447764013,1447765523,11,35,1464,1510,46
"blast500k_test_pub_fileFULL_gr_706","IS24T-06XX299-DT","Tue 11/17/2015-19:20:05.64","Tue 11/17/2015-19:35:17.57",1447762805,1447763717,18993,1447762832,1447763773,-27,56,912,941,29
"blast500k_test_pub_fileFULL_gr_707","IS24T-06XX268-DT","Tue 11/17/2015-19:19:20.29","Tue 11/17/2015-19:35:07.96",1447762760,1447763707,18994,1447762737,1447763721,23,14,947,984,37
"blast500k_test_pub_fileFULL_gr_708","IS24T-06XX209-DT","Tue 11/17/2015-19:21:01.91","Tue 11/17/2015-19:57:50.99",1447762861,1447765070,18995,1447762839,1447765143,22,73,2209,2304,95
"blast500k_test_pub_fileFULL_gr_709","IS24T-06XX252-DT","Tue 11/17/2015-19:24:15.95","Tue 11/17/2015-19:33:55.31",1447763055,1447763635,18996,1447763036,1447763655,19,20,580,619,39
"blast500k_test_pub_fileFULL_gr_71","IS24T-06XX258-DT","Tue 11/17/2015-17:56:48.57","Tue 11/17/2015-18:08:03.06",1447757808,1447758483,18358,1447757790,1447758497,18,14,675,707,32
"blast500k_test_pub_fileFULL_gr_710","IS24T-06XX277-DT","Tue 11/17/2015-19:29:11.52","Tue 11/17/2015-19:51:31.43",1447763351,1447764691,18997,1447763326,1447764704,25,13,1340,1378,38
"blast500k_test_pub_fileFULL_gr_711","IS24T-06XX263-DT","Tue 11/17/2015-19:30:43.70","Tue 11/17/2015-19:47:46.52",1447763443,1447764466,18998,1447763420,1447764480,23,14,1023,1060,37
"blast500k_test_pub_fileFULL_gr_712","IS24T-06XX287-DT","Tue 11/17/2015-19:30:54.56","Tue 11/17/2015-19:45:21.41",1447763454,1447764321,18999,1447763450,1447764353,4,32,867,903,36
"blast500k_test_pub_fileFULL_gr_713","IS24T-06XX266-DT","Tue 11/17/2015-19:25:52.84","Tue 11/17/2015-19:36:21.78",1447763152,1447763781,19000,1447763131,1447763799,21,18,629,668,39
"blast500k_test_pub_fileFULL_gr_714","IS24T-06XX299-DT","Tue 11/17/2015-19:18:13.03","Tue 11/17/2015-19:32:53.31",1447762693,1447763573,19001,1447762704,1447763625,-11,52,880,921,41
"blast500k_test_pub_fileFULL_gr_715","IS24T-06XX262-DT","Tue 11/17/2015-19:28:03.81","Tue 11/17/2015-19:56:26.29",1447763283,1447764986,19002,1447763261,1447765013,22,27,1703,1752,49
"blast500k_test_pub_fileFULL_gr_716","IS24T-06XX276-DT","Tue 11/17/2015-19:24:56.53","Tue 11/17/2015-19:36:34.97",1447763096,1447763794,19003,1447763073,1447763811,23,17,698,738,40
"blast500k_test_pub_fileFULL_gr_717","IS24T-06XX257-DT","Tue 11/17/2015-20:32:38.63","Tue 11/17/2015-20:42:58.31",1447767158,1447767778,19004,1447767146,1447767784,12,6,620,638,18
"blast500k_test_pub_fileFULL_gr_718","IS24T-06XX264-DT","Tue 11/17/2015-19:33:31.05","Tue 11/17/2015-20:04:37.05",1447763611,1447765477,19005,1447763584,1447765492,27,15,1866,1908,42
"blast500k_test_pub_fileFULL_gr_719","IS24T-06XX285-DT","Tue 11/17/2015-19:31:46.40","Tue 11/17/2015-19:53:28.76",1447763506,1447764808,19006,1447763489,1447764835,17,27,1302,1346,44
"blast500k_test_pub_fileFULL_gr_72","IS24T-06XX259-DT","Tue 11/17/2015-18:01:55.70","Tue 11/17/2015-18:19:26.84",1447758115,1447759166,18359,1447758097,1447759183,18,17,1051,1086,35
"blast500k_test_pub_fileFULL_gr_720","IS24T-06XX253-DT","Tue 11/17/2015-19:23:05.25","Tue 11/17/2015-19:42:49.11",1447762985,1447764169,19007,1447762957,1447764186,28,17,1184,1229,45
"blast500k_test_pub_fileFULL_gr_721","IS24T-06XX285-DT","Tue 11/17/2015-19:53:48.24","Tue 11/17/2015-20:05:27.94",1447764828,1447765527,19008,1447764823,1447765552,5,25,699,729,30
"blast500k_test_pub_fileFULL_gr_722","IS24T-06XX300-DT","Tue 11/17/2015-19:23:06.20","Tue 11/17/2015-19:38:44.23",1447762986,1447763924,19009,1447762968,1447763951,18,27,938,983,45
"blast500k_test_pub_fileFULL_gr_723","IS24T-06XX260-DT","Tue 11/17/2015-20:10:15.88","Tue 11/17/2015-20:28:11.05",1447765815,1447766891,19010,1447765804,1447766906,11,15,1076,1102,26
"blast500k_test_pub_fileFULL_gr_724","IS24T-06XX262-DT","Tue 11/17/2015-19:30:40.89","Tue 11/17/2015-19:46:43.61",1447763440,1447764403,19011,1447763415,1447764426,25,23,963,1011,48
"blast500k_test_pub_fileFULL_gr_725","IS24T-06XX267-DT","Tue 11/17/2015-19:29:16.18","Tue 11/17/2015-19:48:24.90",1447763356,1447764504,19012,1447763332,1447764521,24,17,1148,1189,41
"blast500k_test_pub_fileFULL_gr_726","IS24T-06XX276-DT","Tue 11/17/2015-19:47:20.42","Tue 11/17/2015-20:08:33.76",1447764440,1447765713,19013,1447764428,1447765729,12,16,1273,1301,28
"blast500k_test_pub_fileFULL_gr_727","IS24T-06XX275-DT","Tue 11/17/2015-19:26:51.51","Tue 11/17/2015-19:43:08.23",1447763211,1447764188,19014,1447763209,1447764219,2,31,977,1010,33
"blast500k_test_pub_fileFULL_gr_728","IS24T-06XX267-DT","Tue 11/17/2015-19:24:37.51","Tue 11/17/2015-19:40:42.81",1447763077,1447764042,19015,1447763050,1447764060,27,18,965,1010,45
"blast500k_test_pub_fileFULL_gr_729","IS24T-06XX285-DT","Tue 11/17/2015-19:33:26.61","Tue 11/17/2015-19:46:18.92",1447763606,1447764378,19016,1447763605,1447764404,1,26,772,799,27
"blast500k_test_pub_fileFULL_gr_73","IS24T-06XX297-DT","Tue 11/17/2015-17:41:45.77","Tue 11/17/2015-18:05:47.90",1447756905,1447758347,18360,1447756880,1447758381,25,34,1442,1501,59
"blast500k_test_pub_fileFULL_gr_730","IS24T-06XX289-DT","Tue 11/17/2015-19:40:02.28","Tue 11/17/2015-19:58:43.28",1447764002,1447765123,19017,1447764006,1447765154,-4,31,1121,1148,27
"blast500k_test_pub_fileFULL_gr_731","IS24T-06XX263-DT","Tue 11/17/2015-19:34:46.40","Tue 11/17/2015-19:51:09.43",1447763686,1447764669,19018,1447763661,1447764685,25,16,983,1024,41
"blast500k_test_pub_fileFULL_gr_732","IS24T-06XX265-DT","Tue 11/17/2015-19:35:35.65","Tue 11/17/2015-19:48:43.75",1447763735,1447764523,19019,1447763712,1447764539,23,16,788,827,39
"blast500k_test_pub_fileFULL_gr_733","IS24T-06XX288-DT","Tue 11/17/2015-19:36:12.82","Tue 11/17/2015-19:58:40.13",1447763772,1447765120,19020,1447763743,1447765133,29,13,1348,1390,42
"blast500k_test_pub_fileFULL_gr_734","IS24T-06XX262-DT","Tue 11/17/2015-19:36:44.23","Tue 11/17/2015-20:15:42.80",1447763804,1447766142,19021,1447763777,1447766163,27,21,2338,2386,48
"blast500k_test_pub_fileFULL_gr_735","IS24T-06XX269-DT","Tue 11/17/2015-19:33:15.85","Tue 11/17/2015-19:51:51.90",1447763595,1447764711,19022,1447763584,1447764734,11,23,1116,1150,34
"blast500k_test_pub_fileFULL_gr_736","IS24T-06XX259-DT","Tue 11/17/2015-19:42:26.95","Tue 11/17/2015-20:03:03.45",1447764146,1447765383,19023,1447764124,1447765398,22,15,1237,1274,37
"blast500k_test_pub_fileFULL_gr_737","IS24T-06XX278-DT","Tue 11/17/2015-19:32:22.37","Tue 11/17/2015-19:45:25.34",1447763542,1447764325,19024,1447763534,1447764358,8,33,783,824,41
"blast500k_test_pub_fileFULL_gr_738","IS24T-06XX271-DT","Tue 11/17/2015-19:33:05.73","Tue 11/17/2015-19:52:22.04",1447763585,1447764742,19025,1447763562,1447764758,23,16,1157,1196,39
"blast500k_test_pub_fileFULL_gr_739","IS24T-06XX296-DT","Tue 11/17/2015-19:29:52.71","Tue 11/17/2015-19:45:05.65",1447763392,1447764305,19026,1447763376,1447764334,16,29,913,958,45
"blast500k_test_pub_fileFULL_gr_74","IS24T-06XX276-DT","Tue 11/17/2015-17:46:20.33","Tue 11/17/2015-18:06:23.58",1447757180,1447758383,18361,1447757149,1447758399,31,16,1203,1250,47
"blast500k_test_pub_fileFULL_gr_740","IS24T-06XX268-DT","Tue 11/17/2015-19:27:27.62","Tue 11/17/2015-19:33:59.63",1447763247,1447763639,19027,1447763224,1447763655,23,16,392,431,39
"blast500k_test_pub_fileFULL_gr_741","IS24T-06XX279-DT","Tue 11/17/2015-19:32:47.69","Tue 11/17/2015-19:51:45.80",1447763567,1447764705,19028,1447763578,1447764749,-11,44,1138,1171,33
"blast500k_test_pub_fileFULL_gr_742","IS24T-06XX280-DT","Tue 11/17/2015-19:56:58.42","Tue 11/17/2015-20:09:05.72",1447765018,1447765745,19029,1447765163,1447765927,-145,182,727,764,37
"blast500k_test_pub_fileFULL_gr_743","IS24T-06XX256-DT","Tue 11/17/2015-19:41:57.13","Tue 11/17/2015-19:54:19.23",1447764117,1447764859,19030,1447764092,1447764877,25,18,742,785,43
"blast500k_test_pub_fileFULL_gr_744","IS24T-06XX292-DT","Tue 11/17/2015-20:00:32.46","Tue 11/17/2015-20:13:12.83",1447765232,1447765992,19031,1447765287,1447766075,-55,83,760,788,28
"blast500k_test_pub_fileFULL_gr_745","IS24T-06XX274-DT","Tue 11/17/2015-19:26:34.93","Tue 11/17/2015-19:41:46.72",1447763194,1447764106,19032,1447763170,1447764124,24,18,912,954,42
"blast500k_test_pub_fileFULL_gr_746","IS24T-06XX284-DT","Tue 11/17/2015-19:41:05.76","Tue 11/17/2015-20:18:34.28",1447764065,1447766314,19033,1447764080,1447766376,-15,62,2249,2296,47
"blast500k_test_pub_fileFULL_gr_747","IS24T-06XX279-DT","Tue 11/17/2015-19:26:35.99","Tue 11/17/2015-19:42:25.15",1447763195,1447764145,19034,1447763198,1447764192,-3,47,950,994,44
"blast500k_test_pub_fileFULL_gr_748","IS24T-06XX252-DT","Tue 11/17/2015-19:34:19.77","Tue 11/17/2015-19:47:34.85",1447763659,1447764454,19035,1447763643,1447764472,16,18,795,829,34
"blast500k_test_pub_fileFULL_gr_749","IS24T-06XX281-DT","Tue 11/17/2015-19:35:09.70","Tue 11/17/2015-19:43:37.89",1447763709,1447764217,19036,1447763695,1447764249,14,32,508,554,46
"blast500k_test_pub_fileFULL_gr_75","IS24T-06XX287-DT","Tue 11/17/2015-18:43:49.61","Tue 11/17/2015-18:58:15.78",1447760629,1447761495,18362,1447760626,1447761529,3,34,866,903,37
"blast500k_test_pub_fileFULL_gr_750","IS24T-06XX300-DT","Tue 11/17/2015-19:29:54.64","Tue 11/17/2015-19:42:51.26",1447763394,1447764171,19037,1447763380,1447764196,14,25,777,816,39
"blast500k_test_pub_fileFULL_gr_751","IS24T-06XX260-DT","Tue 11/17/2015-19:34:05.89","Tue 11/17/2015-19:50:04.06",1447763645,1447764604,19038,1447763633,1447764621,12,17,959,988,29
"blast500k_test_pub_fileFULL_gr_752","IS24T-06XX298-DT","Tue 11/17/2015-19:41:40.18","Tue 11/17/2015-19:55:53.19",1447764100,1447764953,19039,1447764131,1447765023,-31,70,853,892,39
"blast500k_test_pub_fileFULL_gr_753","IS24T-06XX253-DT","Tue 11/17/2015-19:59:09.46","Tue 11/17/2015-20:14:16.20",1447765149,1447766056,19040,1447765124,1447766073,25,17,907,949,42
"blast500k_test_pub_fileFULL_gr_754","IS24T-06XX261-DT","Tue 11/17/2015-19:27:17.91","Tue 11/17/2015-19:44:47.11",1447763237,1447764287,19041,1447763224,1447764304,13,17,1050,1080,30
"blast500k_test_pub_fileFULL_gr_755","IS24T-06XX254-DT","Tue 11/17/2015-19:32:58.00","Tue 11/17/2015-19:57:45.52",1447763578,1447765065,19042,1447763548,1447765085,30,20,1487,1537,50
"blast500k_test_pub_fileFULL_gr_756","IS24T-06XX293-DT","Tue 11/17/2015-19:46:44.06","Tue 11/17/2015-19:59:08.77",1447764404,1447765148,19043,1447764396,1447765184,8,36,744,788,44
"blast500k_test_pub_fileFULL_gr_757","IS24T-06XX268-DT","Tue 11/17/2015-19:35:32.48","Tue 11/17/2015-19:48:40.44",1447763732,1447764520,19044,1447763710,1447764538,22,18,788,828,40
"blast500k_test_pub_fileFULL_gr_758","IS24T-06XX253-DT","Tue 11/17/2015-19:26:43.68","Tue 11/17/2015-19:40:41.22",1447763203,1447764041,19045,1447763177,1447764055,26,14,838,878,40
"blast500k_test_pub_fileFULL_gr_759","IS24T-06XX286-DT","Tue 11/17/2015-20:00:17.35","Tue 11/17/2015-20:13:16.75",1447765217,1447765996,19046,1447765206,1447766025,11,29,779,819,40
"blast500k_test_pub_fileFULL_gr_76","IS24T-06XX265-DT","Tue 11/17/2015-17:45:44.18","Tue 11/17/2015-18:04:54.44",1447757144,1447758294,18363,1447757112,1447758309,32,15,1150,1197,47
"blast500k_test_pub_fileFULL_gr_760","IS24T-06XX275-DT","Tue 11/17/2015-19:26:36.54","Tue 11/17/2015-19:38:03.67",1447763196,1447763883,19047,1447763183,1447763912,13,29,687,729,42
"blast500k_test_pub_fileFULL_gr_761","IS24T-06XX268-DT","Tue 11/17/2015-20:25:58.30","Tue 11/17/2015-20:41:46.98",1447766758,1447767706,19048,1447766733,1447767724,25,18,948,991,43
"blast500k_test_pub_fileFULL_gr_762","IS24T-06XX272-DT","Tue 11/17/2015-20:33:40.96","Tue 11/17/2015-20:48:56.03",1447767220,1447768136,19049,1447767208,1447768154,12,18,916,946,30
"blast500k_test_pub_fileFULL_gr_763","IS24T-06XX266-DT","Tue 11/17/2015-19:39:44.80","Tue 11/17/2015-19:52:54.97",1447763984,1447764774,19050,1447763973,1447764791,11,17,790,818,28
"blast500k_test_pub_fileFULL_gr_764","IS24T-06XX261-DT","Tue 11/17/2015-19:35:25.21","Tue 11/17/2015-19:56:05.78",1447763725,1447764965,19051,1447763700,1447764981,25,16,1240,1281,41
"blast500k_test_pub_fileFULL_gr_765","IS24T-06XX286-DT","Tue 11/17/2015-19:28:19.25","Tue 11/17/2015-19:48:25.42",1447763299,1447764505,19052,1447763299,1447764534,0,29,1206,1235,29
"blast500k_test_pub_fileFULL_gr_766","IS24T-06XX209-DT","Tue 11/17/2015-19:29:52.85","Tue 11/17/2015-19:53:10.82",1447763392,1447764790,19053,1447763420,1447764859,-28,69,1398,1439,41
"blast500k_test_pub_fileFULL_gr_767","IS24T-06XX283-DT","Tue 11/17/2015-19:34:28.37","Tue 11/17/2015-19:54:47.80",1447763668,1447764887,19054,1447763666,1447764917,2,30,1219,1251,32
"blast500k_test_pub_fileFULL_gr_768","IS24T-06XX258-DT","Tue 11/17/2015-19:31:32.65","Tue 11/17/2015-19:45:27.91",1447763492,1447764327,19055,1447763481,1447764344,11,17,835,863,28
"blast500k_test_pub_fileFULL_gr_769","IS24T-06XX300-DT","Tue 11/17/2015-19:43:06.22","Tue 11/17/2015-20:08:44.35",1447764186,1447765724,19056,1447764183,1447765750,3,26,1538,1567,29
"blast500k_test_pub_fileFULL_gr_77","IS24T-06XX262-DT","Tue 11/17/2015-17:45:12.78","Tue 11/17/2015-18:06:44.98",1447757112,1447758404,18364,1447757068,1447758432,44,28,1292,1364,72
"blast500k_test_pub_fileFULL_gr_770","IS24T-06XX294-DT","Tue 11/17/2015-20:15:49.64","Tue 11/17/2015-20:44:40.43",1447766149,1447767880,19057,1447766141,1447767910,8,30,1731,1769,38
"blast500k_test_pub_fileFULL_gr_771","IS24T-06XX297-DT","Tue 11/17/2015-20:13:38.86","Tue 11/17/2015-20:37:43.69",1447766018,1447767463,19058,1447766011,1447767495,7,32,1445,1484,39
"blast500k_test_pub_fileFULL_gr_772","IS24T-06XX257-DT","Tue 11/17/2015-19:30:48.44","Tue 11/17/2015-19:48:14.60",1447763448,1447764494,19059,1447763422,1447764509,26,15,1046,1087,41
"blast500k_test_pub_fileFULL_gr_773","IS24T-06XX298-DT","Tue 11/17/2015-19:28:21.68","Tue 11/17/2015-19:54:47.12",1447763301,1447764887,19060,1447763343,1447764958,-42,71,1586,1615,29
"blast500k_test_pub_fileFULL_gr_774","IS24T-06XX269-DT","Tue 11/17/2015-19:52:15.32","Tue 11/17/2015-20:12:19.91",1447764735,1447765939,19061,1447764734,1447765966,1,27,1204,1232,28
"blast500k_test_pub_fileFULL_gr_775","IS24T-06XX293-DT","Tue 11/17/2015-19:35:41.75","Tue 11/17/2015-19:51:48.64",1447763741,1447764708,19062,1447763739,1447764744,2,36,967,1005,38
"blast500k_test_pub_fileFULL_gr_776","IS24T-06XX267-DT","Tue 11/17/2015-20:49:35.54","Tue 11/17/2015-21:18:43.52",1447768175,1447769923,19063,1447768152,1447769943,23,20,1748,1791,43
"blast500k_test_pub_fileFULL_gr_777","IS24T-06XX267-DT","Tue 11/17/2015-19:49:00.40","Tue 11/17/2015-20:01:11.61",1447764540,1447765271,19064,1447764510,1447765289,30,18,731,779,48
"blast500k_test_pub_fileFULL_gr_778","IS24T-06XX258-DT","Tue 11/17/2015-19:59:02.10","Tue 11/17/2015-20:10:46.44",1447765142,1447765846,19065,1447765119,1447765863,23,17,704,744,40
"blast500k_test_pub_fileFULL_gr_779","IS24T-06XX252-DT","Tue 11/17/2015-19:30:29.66","Tue 11/17/2015-19:42:46.11",1447763429,1447764166,19066,1447763418,1447764186,11,20,737,768,31
"blast500k_test_pub_fileFULL_gr_78","IS24T-06XX282-DT","Tue 11/17/2015-18:27:47.07","Tue 11/17/2015-18:40:33.79",1447759667,1447760433,18365,1447759652,1447760460,15,27,766,808,42
"blast500k_test_pub_fileFULL_gr_780","IS24T-06XX297-DT","Tue 11/17/2015-19:52:54.53","Tue 11/17/2015-20:10:50.70",1447764774,1447765850,19067,1447764757,1447765883,17,33,1076,1126,50
"blast500k_test_pub_fileFULL_gr_781","IS24T-06XX268-DT","Tue 11/17/2015-19:34:40.41","Tue 11/17/2015-19:50:26.64",1447763680,1447764626,19068,1447763655,1447764642,25,16,946,987,41
"blast500k_test_pub_fileFULL_gr_782","IS24T-06XX256-DT","Tue 11/17/2015-19:33:44.39","Tue 11/17/2015-19:44:28.98",1447763624,1447764268,19069,1447763600,1447764285,24,17,644,685,41
"blast500k_test_pub_fileFULL_gr_783","IS24T-06XX297-DT","Tue 11/17/2015-19:36:26.47","Tue 11/17/2015-20:13:11.15",1447763786,1447765991,19070,1447763779,1447766023,7,32,2205,2244,39
"blast500k_test_pub_fileFULL_gr_784","IS24T-06XX209-DT","Tue 11/17/2015-20:31:55.91","Tue 11/17/2015-20:57:43.55",1447767115,1447768663,19071,1447767107,1447768733,8,70,1548,1626,78
"blast500k_test_pub_fileFULL_gr_785","IS24T-06XX292-DT","Tue 11/17/2015-19:31:08.80","Tue 11/17/2015-19:49:24.42",1447763468,1447764564,19072,1447763512,1447764647,-44,83,1096,1135,39
"blast500k_test_pub_fileFULL_gr_786","IS24T-06XX289-DT","Tue 11/17/2015-19:48:49.34","Tue 11/17/2015-20:02:42.08",1447764529,1447765362,19073,1447764531,1447765394,-2,32,833,863,30
"blast500k_test_pub_fileFULL_gr_787","IS24T-06XX277-DT","Tue 11/17/2015-19:36:24.54","Tue 11/17/2015-19:47:47.28",1447763784,1447764467,19074,1447763759,1447764484,25,17,683,725,42
"blast500k_test_pub_fileFULL_gr_788","IS24T-06XX263-DT","Tue 11/17/2015-20:09:43.03","Tue 11/17/2015-20:23:42.88",1447765783,1447766622,19075,1447765769,1447766636,14,14,839,867,28
"blast500k_test_pub_fileFULL_gr_789","IS24T-06XX295-DT","Tue 11/17/2015-20:02:38.30","Tue 11/17/2015-20:29:56.94",1447765358,1447766996,19076,1447765378,1447767055,-20,59,1638,1677,39
"blast500k_test_pub_fileFULL_gr_79","IS24T-06XX274-DT","Tue 11/17/2015-17:43:41.72","Tue 11/17/2015-18:02:17.36",1447757021,1447758137,18366,1447756984,1447758150,37,13,1116,1166,50
"blast500k_test_pub_fileFULL_gr_790","IS24T-06XX284-DT","Tue 11/17/2015-19:40:07.40","Tue 11/17/2015-20:04:50.44",1447764007,1447765490,19077,1447764010,1447765552,-3,62,1483,1542,59
"blast500k_test_pub_fileFULL_gr_791","IS24T-06XX291-DT","Tue 11/17/2015-19:42:42.48","Tue 11/17/2015-20:00:06.44",1447764162,1447765206,19078,1447764161,1447765233,1,27,1044,1072,28
"blast500k_test_pub_fileFULL_gr_792","IS24T-06XX257-DT","Tue 11/17/2015-19:46:05.33","Tue 11/17/2015-20:02:11.31",1447764365,1447765331,19079,1447764340,1447765345,25,14,966,1005,39
"blast500k_test_pub_fileFULL_gr_793","IS24T-06XX273-DT","Tue 11/17/2015-19:38:10.17","Tue 11/17/2015-19:55:57.97",1447763890,1447764957,19080,1447763870,1447764973,20,16,1067,1103,36
"blast500k_test_pub_fileFULL_gr_794","IS24T-06XX282-DT","Tue 11/17/2015-19:46:18.50","Tue 11/17/2015-19:58:49.23",1447764378,1447765129,19081,1447764365,1447765154,13,25,751,789,38
"blast500k_test_pub_fileFULL_gr_795","IS24T-06XX254-DT","Tue 11/17/2015-19:39:03.35","Tue 11/17/2015-20:15:34.23",1447763943,1447766134,19082,1447763913,1447766153,30,19,2191,2240,49
"blast500k_test_pub_fileFULL_gr_796","IS24T-06XX274-DT","Tue 11/17/2015-19:42:17.83","Tue 11/17/2015-19:54:44.04",1447764137,1447764884,19083,1447764112,1447764903,25,19,747,791,44
"blast500k_test_pub_fileFULL_gr_797","IS24T-06XX277-DT","Tue 11/17/2015-19:48:17.90","Tue 11/17/2015-20:14:28.23",1447764497,1447766068,19084,1447764472,1447766085,25,17,1571,1613,42
"blast500k_test_pub_fileFULL_gr_798","IS24T-06XX254-DT","Tue 11/17/2015-20:31:37.43","Tue 11/17/2015-21:01:13.58",1447767097,1447768873,19085,1447767062,1447768892,35,19,1776,1830,54
"blast500k_test_pub_fileFULL_gr_799","IS24T-06XX272-DT","Tue 11/17/2015-19:48:32.10","Tue 11/17/2015-20:01:54.79",1447764512,1447765314,19086,1447764496,1447765330,16,16,802,834,32
"blast500k_test_pub_fileFULL_gr_8","IS24T-06XX263-DT","Tue 11/17/2015-18:15:33.09","Tue 11/17/2015-18:32:14.26",1447758933,1447759934,18295,1447758888,1447759948,45,14,1001,1060,59
"blast500k_test_pub_fileFULL_gr_80","IS24T-06XX256-DT","Tue 11/17/2015-17:41:24.68","Tue 11/17/2015-18:02:04.17",1447756884,1447758124,18367,1447756841,1447758141,43,17,1240,1300,60
"blast500k_test_pub_fileFULL_gr_800","IS24T-06XX267-DT","Tue 11/17/2015-19:41:11.56","Tue 11/17/2015-20:03:09.61",1447764071,1447765389,19087,1447764048,1447765403,23,14,1318,1355,37
"blast500k_test_pub_fileFULL_gr_801","IS24T-06XX267-DT","Tue 11/17/2015-20:10:42.81","Tue 11/17/2015-20:33:43.71",1447765842,1447767223,19088,1447765810,1447767241,32,18,1381,1431,50
"blast500k_test_pub_fileFULL_gr_802","IS24T-06XX276-DT","Tue 11/17/2015-19:37:27.64","Tue 11/17/2015-19:47:00.72",1447763847,1447764420,19089,1447763822,1447764441,25,21,573,619,46
"blast500k_test_pub_fileFULL_gr_803","IS24T-06XX293-DT","Tue 11/17/2015-19:59:37.27","Tue 11/17/2015-20:11:06.09",1447765177,1447765866,19090,1447765173,1447765902,4,36,689,729,40
"blast500k_test_pub_fileFULL_gr_804","IS24T-06XX266-DT","Tue 11/17/2015-19:36:46.78","Tue 11/17/2015-19:54:11.65",1447763806,1447764851,19091,1447763787,1447764867,19,16,1045,1080,35
"blast500k_test_pub_fileFULL_gr_805","IS24T-06XX296-DT","Tue 11/17/2015-19:50:44.03","Tue 11/17/2015-20:04:42.97",1447764644,1447765482,19092,1447764643,1447765502,1,20,838,859,21
"blast500k_test_pub_fileFULL_gr_806","IS24T-06XX272-DT","Tue 11/17/2015-19:34:46.67","Tue 11/17/2015-19:44:29.54",1447763686,1447764269,19093,1447763667,1447764287,19,18,583,620,37
"blast500k_test_pub_fileFULL_gr_807","IS24T-06XX254-DT","Tue 11/17/2015-19:34:37.52","Tue 11/17/2015-19:55:29.58",1447763677,1447764929,19094,1447763650,1447764949,27,20,1252,1299,47
"blast500k_test_pub_fileFULL_gr_808","IS24T-06XX280-DT","Tue 11/17/2015-19:33:26.56","Tue 11/17/2015-19:51:46.62",1447763606,1447764706,19095,1447763747,1447764889,-141,183,1100,1142,42
"blast500k_test_pub_fileFULL_gr_809","IS24T-06XX289-DT","Tue 11/17/2015-19:40:51.67","Tue 11/17/2015-19:48:32.60",1447764051,1447764512,19096,1447764055,1447764543,-4,31,461,488,27
"blast500k_test_pub_fileFULL_gr_81","IS24T-06XX298-DT","Tue 11/17/2015-17:41:16.76","Tue 11/17/2015-17:58:04.30",1447756876,1447757884,18368,1447756886,1447757944,-10,60,1008,1058,50
"blast500k_test_pub_fileFULL_gr_810","IS24T-06XX265-DT","Tue 11/17/2015-20:36:55.94","Tue 11/17/2015-20:48:10.84",1447767415,1447768090,19097,1447767390,1447768111,25,21,675,721,46
"blast500k_test_pub_fileFULL_gr_811","IS24T-06XX265-DT","Tue 11/17/2015-19:59:19.35","Tue 11/17/2015-20:15:02.59",1447765159,1447766102,19098,1447765136,1447766120,23,18,943,984,41
"blast500k_test_pub_fileFULL_gr_812","IS24T-06XX255-DT","Tue 11/17/2015-19:45:51.95","Tue 11/17/2015-20:04:33.16",1447764351,1447765473,19099,1447764328,1447765489,23,16,1122,1161,39
"blast500k_test_pub_fileFULL_gr_813","IS24T-06XX292-DT","Tue 11/17/2015-19:37:51.39","Tue 11/17/2015-19:52:48.68",1447763871,1447764768,19100,1447763913,1447764852,-42,84,897,939,42
"blast500k_test_pub_fileFULL_gr_814","IS24T-06XX272-DT","Tue 11/17/2015-19:44:57.05","Tue 11/17/2015-20:03:32.42",1447764297,1447765412,19101,1447764275,1447765431,22,19,1115,1156,41
"blast500k_test_pub_fileFULL_gr_815","IS24T-06XX298-DT","Tue 11/17/2015-20:31:14.57","Tue 11/17/2015-20:51:27.40",1447767074,1447768287,19102,1447767102,1447768358,-28,71,1213,1256,43
"blast500k_test_pub_fileFULL_gr_816","IS24T-06XX281-DT","Tue 11/17/2015-20:07:30.61","Tue 11/17/2015-20:20:38.83",1447765650,1447766438,19103,1447765633,1447766467,17,29,788,834,46
"blast500k_test_pub_fileFULL_gr_817","IS24T-06XX268-DT","Tue 11/17/2015-20:13:38.27","Tue 11/17/2015-20:29:08.39",1447766018,1447766948,19104,1447766005,1447766967,13,19,930,962,32
"blast500k_test_pub_fileFULL_gr_818","IS24T-06XX286-DT","Tue 11/17/2015-19:41:32.06","Tue 11/17/2015-19:59:46.20",1447764092,1447765186,19105,1447764081,1447765218,11,32,1094,1137,43
"blast500k_test_pub_fileFULL_gr_819","IS24T-06XX300-DT","Tue 11/17/2015-19:39:27.76","Tue 11/17/2015-19:56:11.43",1447763967,1447764971,19106,1447763951,1447764997,16,26,1004,1046,42
"blast500k_test_pub_fileFULL_gr_82","IS24T-06XX254-DT","Tue 11/17/2015-17:42:52.40","Tue 11/17/2015-18:09:34.85",1447756972,1447758574,18369,1447756927,1447758590,45,16,1602,1663,61
"blast500k_test_pub_fileFULL_gr_820","IS24T-06XX283-DT","Tue 11/17/2015-19:56:40.82","Tue 11/17/2015-20:14:18.88",1447765000,1447766058,19107,1447765001,1447766087,-1,29,1058,1086,28
"blast500k_test_pub_fileFULL_gr_821","IS24T-06XX261-DT","Tue 11/17/2015-19:45:11.86","Tue 11/17/2015-20:04:59.25",1447764311,1447765499,19108,1447764292,1447765514,19,15,1188,1222,34
"blast500k_test_pub_fileFULL_gr_822","IS24T-06XX253-DT","Tue 11/17/2015-19:41:08.00","Tue 11/17/2015-20:02:49.57",1447764068,1447765369,19109,1447764044,1447765385,24,16,1301,1341,40
"blast500k_test_pub_fileFULL_gr_823","IS24T-06XX273-DT","Tue 11/17/2015-19:40:11.69","Tue 11/17/2015-19:59:34.73",1447764011,1447765174,19110,1447763999,1447765190,12,16,1163,1191,28
"blast500k_test_pub_fileFULL_gr_824","IS24T-06XX272-DT","Tue 11/17/2015-20:19:48.56","Tue 11/17/2015-20:30:39.12",1447766388,1447767039,19111,1447766377,1447767056,11,17,651,679,28
"blast500k_test_pub_fileFULL_gr_825","IS24T-06XX254-DT","Tue 11/17/2015-19:56:37.77","Tue 11/17/2015-20:18:12.10",1447764997,1447766292,19112,1447764937,1447766311,60,19,1295,1374,79
"blast500k_test_pub_fileFULL_gr_826","IS24T-06XX288-DT","Tue 11/17/2015-19:53:57.43","Tue 11/17/2015-20:34:36.99",1447764837,1447767276,19113,1447764803,1447767288,34,12,2439,2485,46
"blast500k_test_pub_fileFULL_gr_827","IS24T-06XX264-DT","Tue 11/17/2015-19:40:13.61","Tue 11/17/2015-20:10:42.79",1447764013,1447765842,19114,1447763986,1447765860,27,18,1829,1874,45
"blast500k_test_pub_fileFULL_gr_828","IS24T-06XX273-DT","Tue 11/17/2015-19:56:22.03","Tue 11/17/2015-20:12:06.94",1447764982,1447765926,19115,1447764962,1447765944,20,18,944,982,38
"blast500k_test_pub_fileFULL_gr_829","IS24T-06XX280-DT","Tue 11/17/2015-19:52:14.70","Tue 11/17/2015-20:11:24.57",1447764734,1447765884,19116,1447764877,1447766063,-143,179,1150,1186,36
"blast500k_test_pub_fileFULL_gr_83","IS24T-06XX275-DT","Tue 11/17/2015-18:07:47.68","Tue 11/17/2015-18:17:44.99",1447758467,1447759064,18370,1447758466,1447759091,1,27,597,625,28
"blast500k_test_pub_fileFULL_gr_830","IS24T-06XX293-DT","Tue 11/17/2015-19:52:17.23","Tue 11/17/2015-20:03:06.86",1447764737,1447765386,19117,1447764744,1447765425,-7,39,649,681,32
"blast500k_test_pub_fileFULL_gr_831","IS24T-06XX285-DT","Tue 11/17/2015-19:46:48.03","Tue 11/17/2015-20:05:51.87",1447764408,1447765551,19118,1447764392,1447765578,16,27,1143,1186,43
"blast500k_test_pub_fileFULL_gr_832","IS24T-06XX272-DT","Tue 11/17/2015-20:31:07.00","Tue 11/17/2015-20:46:18.20",1447767067,1447767978,19119,1447767044,1447767998,23,20,911,954,43
"blast500k_test_pub_fileFULL_gr_833","IS24T-06XX276-DT","Tue 11/17/2015-20:31:04.60","Tue 11/17/2015-20:58:27.76",1447767064,1447768707,19120,1447767039,1447768726,25,19,1643,1687,44
"blast500k_test_pub_fileFULL_gr_834","IS24T-06XX264-DT","Tue 11/17/2015-19:43:20.14","Tue 11/17/2015-20:08:18.86",1447764200,1447765698,19121,1447764173,1447765714,27,16,1498,1541,43
"blast500k_test_pub_fileFULL_gr_835","IS24T-06XX274-DT","Tue 11/17/2015-19:53:17.16","Tue 11/17/2015-20:12:35.06",1447764797,1447765955,19122,1447764770,1447765974,27,19,1158,1204,46
"blast500k_test_pub_fileFULL_gr_836","IS24T-06XX291-DT","Tue 11/17/2015-20:18:07.05","Tue 11/17/2015-20:40:02.33",1447766287,1447767602,19123,1447766270,1447767632,17,30,1315,1362,47
"blast500k_test_pub_fileFULL_gr_837","IS24T-06XX297-DT","Tue 11/17/2015-20:11:53.42","Tue 11/17/2015-20:33:57.93",1447765913,1447767237,19124,1447765871,1447767272,42,35,1324,1401,77
"blast500k_test_pub_fileFULL_gr_838","IS24T-06XX255-DT","Tue 11/17/2015-19:50:05.74","Tue 11/17/2015-20:02:24.76",1447764605,1447765344,19125,1447764578,1447765363,27,19,739,785,46
"blast500k_test_pub_fileFULL_gr_839","IS24T-06XX275-DT","Tue 11/17/2015-19:43:26.62","Tue 11/17/2015-20:03:35.68",1447764206,1447765415,19126,1447764206,1447765444,0,29,1209,1238,29
"blast500k_test_pub_fileFULL_gr_84","IS24T-06XX265-DT","Tue 11/17/2015-17:58:10.34","Tue 11/17/2015-18:09:33.78",1447757890,1447758573,18371,1447757875,1447758589,15,16,683,714,31
"blast500k_test_pub_fileFULL_gr_840","IS24T-06XX282-DT","Tue 11/17/2015-19:50:48.83","Tue 11/17/2015-20:10:11.18",1447764648,1447765811,19127,1447764645,1447765839,3,28,1163,1194,31
"blast500k_test_pub_fileFULL_gr_841","IS24T-06XX286-DT","Tue 11/17/2015-21:00:35.06","Tue 11/17/2015-21:13:57.33",1447768835,1447769637,19128,1447768823,1447769665,12,28,802,842,40
"blast500k_test_pub_fileFULL_gr_842","IS24T-06XX209-DT","Tue 11/17/2015-19:53:52.13","Tue 11/17/2015-20:16:16.71",1447764832,1447766176,19129,1447764847,1447766247,-15,71,1344,1400,56
"blast500k_test_pub_fileFULL_gr_843","IS24T-06XX287-DT","Tue 11/17/2015-19:45:50.12","Tue 11/17/2015-20:05:48.85",1447764350,1447765548,19130,1447764353,1447765580,-3,32,1198,1227,29
"blast500k_test_pub_fileFULL_gr_844","IS24T-06XX282-DT","Tue 11/17/2015-20:24:57.08","Tue 11/17/2015-20:47:58.47",1447766697,1447768078,19131,1447766681,1447768104,16,26,1381,1423,42
"blast500k_test_pub_fileFULL_gr_845","IS24T-06XX278-DT","Tue 11/17/2015-20:13:10.63","Tue 11/17/2015-20:33:08.00",1447765990,1447767188,19132,1447765983,1447767221,7,33,1198,1238,40
"blast500k_test_pub_fileFULL_gr_846","IS24T-06XX298-DT","Tue 11/17/2015-19:56:19.88","Tue 11/17/2015-20:06:52.41",1447764979,1447765612,19133,1447765023,1447765683,-44,71,633,660,27
"blast500k_test_pub_fileFULL_gr_847","IS24T-06XX271-DT","Tue 11/17/2015-19:52:37.41","Tue 11/17/2015-19:59:12.46",1447764757,1447765152,19134,1447764746,1447765168,11,16,395,422,27
"blast500k_test_pub_fileFULL_gr_848","IS24T-06XX300-DT","Tue 11/17/2015-20:17:07.79","Tue 11/17/2015-20:41:43.03",1447766227,1447767703,19135,1447766213,1447767728,14,25,1476,1515,39
"blast500k_test_pub_fileFULL_gr_849","IS24T-06XX263-DT","Tue 11/17/2015-19:48:12.27","Tue 11/17/2015-20:07:34.84",1447764492,1447765654,19136,1447764469,1447765669,23,15,1162,1200,38
"blast500k_test_pub_fileFULL_gr_85","IS24T-06XX291-DT","Tue 11/17/2015-17:43:56.14","Tue 11/17/2015-17:59:38.65",1447757036,1447757978,18372,1447757003,1447758002,33,24,942,999,57
"blast500k_test_pub_fileFULL_gr_850","IS24T-06XX277-DT","Tue 11/17/2015-19:51:57.28","Tue 11/17/2015-20:08:07.62",1447764717,1447765687,19137,1447764704,1447765703,13,16,970,999,29
"blast500k_test_pub_fileFULL_gr_851","IS24T-06XX287-DT","Tue 11/17/2015-20:06:10.60","Tue 11/17/2015-20:24:33.49",1447765570,1447766673,19138,1447765568,1447766704,2,31,1103,1136,33
"blast500k_test_pub_fileFULL_gr_852","IS24T-06XX252-DT","Tue 11/17/2015-19:43:05.64","Tue 11/17/2015-20:02:42.80",1447764185,1447765362,19139,1447764174,1447765381,11,19,1177,1207,30
"blast500k_test_pub_fileFULL_gr_853","IS24T-06XX280-DT","Tue 11/17/2015-19:42:30.59","Tue 11/17/2015-19:56:35.19",1447764150,1447764995,19140,1447764289,1447765174,-139,179,845,885,40
"blast500k_test_pub_fileFULL_gr_854","IS24T-06XX286-DT","Tue 11/17/2015-19:49:07.32","Tue 11/17/2015-20:09:16.15",1447764547,1447765756,19141,1447764534,1447765785,13,29,1209,1251,42
"blast500k_test_pub_fileFULL_gr_855","IS24T-06XX260-DT","Tue 11/17/2015-19:56:39.34","Tue 11/17/2015-20:09:56.08",1447764999,1447765796,19142,1447764980,1447765817,19,21,797,837,40
"blast500k_test_pub_fileFULL_gr_856","IS24T-06XX209-DT","Tue 11/17/2015-19:42:31.83","Tue 11/17/2015-20:08:56.65",1447764151,1447765736,19143,1447764168,1447765806,-17,70,1585,1638,53
"blast500k_test_pub_fileFULL_gr_857","IS24T-06XX264-DT","Tue 11/17/2015-20:11:13.85","Tue 11/17/2015-20:35:58.82",1447765873,1447767358,19144,1447765848,1447767366,25,8,1485,1518,33
"blast500k_test_pub_fileFULL_gr_858","IS24T-06XX281-DT","Tue 11/17/2015-19:55:34.26","Tue 11/17/2015-20:15:43.84",1447764934,1447766143,19145,1447764931,1447766172,3,29,1209,1241,32
"blast500k_test_pub_fileFULL_gr_859","IS24T-06XX258-DT","Tue 11/17/2015-19:44:42.81","Tue 11/17/2015-19:59:59.56",1447764282,1447765199,19146,1447764259,1447765215,23,16,917,956,39
"blast500k_test_pub_fileFULL_gr_86","IS24T-06XX209-DT","Tue 11/17/2015-17:42:32.51","Tue 11/17/2015-18:05:46.09",1447756952,1447758346,18373,1447756951,1447758415,1,69,1394,1464,70
"blast500k_test_pub_fileFULL_gr_860","IS24T-06XX253-DT","Tue 11/17/2015-19:43:06.11","Tue 11/17/2015-19:58:25.35",1447764186,1447765105,19147,1447764174,1447765124,12,19,919,950,31
"blast500k_test_pub_fileFULL_gr_861","IS24T-06XX275-DT","Tue 11/17/2015-19:54:56.05","Tue 11/17/2015-20:08:02.72",1447764896,1447765682,19148,1447764881,1447765710,15,28,786,829,43
"blast500k_test_pub_fileFULL_gr_862","IS24T-06XX289-DT","Tue 11/17/2015-19:58:57.67","Tue 11/17/2015-20:15:54.86",1447765137,1447766154,19149,1447765142,1447766187,-5,33,1017,1045,28
"blast500k_test_pub_fileFULL_gr_863","IS24T-06XX266-DT","Tue 11/17/2015-19:53:18.80","Tue 11/17/2015-20:10:13.22",1447764798,1447765813,19150,1447764780,1447765830,18,17,1015,1050,35
"blast500k_test_pub_fileFULL_gr_864","IS24T-06XX266-DT","Tue 11/17/2015-19:54:33.77","Tue 11/17/2015-20:11:36.00",1447764873,1447765896,19151,1447764855,1447765909,18,13,1023,1054,31
"blast500k_test_pub_fileFULL_gr_865","IS24T-06XX272-DT","Tue 11/17/2015-20:02:20.08","Tue 11/17/2015-20:19:32.04",1447765340,1447766372,19152,1447765318,1447766388,22,16,1032,1070,38
"blast500k_test_pub_fileFULL_gr_866","IS24T-06XX276-DT","Tue 11/17/2015-19:44:51.75","Tue 11/17/2015-20:00:00.21",1447764291,1447765200,19153,1447764268,1447765217,23,17,909,949,40
"blast500k_test_pub_fileFULL_gr_867","IS24T-06XX260-DT","Tue 11/17/2015-19:46:59.40","Tue 11/17/2015-19:56:16.33",1447764419,1447764976,19154,1447764399,1447764993,20,17,557,594,37
"blast500k_test_pub_fileFULL_gr_868","IS24T-06XX272-DT","Tue 11/17/2015-20:03:49.10","Tue 11/17/2015-20:15:55.53",1447765429,1447766155,19155,1447765419,1447766173,10,18,726,754,28
"blast500k_test_pub_fileFULL_gr_869","IS24T-06XX209-DT","Tue 11/17/2015-19:44:29.16","Tue 11/17/2015-20:07:40.84",1447764269,1447765660,19156,1447764288,1447765732,-19,72,1391,1444,53
"blast500k_test_pub_fileFULL_gr_87","IS24T-06XX298-DT","Tue 11/17/2015-17:41:16.76","Tue 11/17/2015-17:54:23.64",1447756876,1447757663,18374,1447756897,1447757734,-21,71,787,837,50
"blast500k_test_pub_fileFULL_gr_870","IS24T-06XX297-DT","Tue 11/17/2015-19:50:05.61","Tue 11/17/2015-20:10:49.97",1447764605,1447765849,19157,1447764596,1447765883,9,34,1244,1287,43
"blast500k_test_pub_fileFULL_gr_871","IS24T-06XX254-DT","Tue 11/17/2015-19:58:20.08","Tue 11/17/2015-20:20:27.00",1447765100,1447766427,19158,1447765073,1447766443,27,16,1327,1370,43
"blast500k_test_pub_fileFULL_gr_872","IS24T-06XX284-DT","Tue 11/17/2015-20:06:09.54","Tue 11/17/2015-20:36:41.14",1447765569,1447767401,19159,1447765540,1447767464,29,63,1832,1924,92
"blast500k_test_pub_fileFULL_gr_873","IS24T-06XX295-DT","Tue 11/17/2015-19:47:52.74","Tue 11/17/2015-20:01:16.89",1447764472,1447765276,19160,1447764493,1447765336,-21,60,804,843,39
"blast500k_test_pub_fileFULL_gr_874","IS24T-06XX279-DT","Tue 11/17/2015-19:59:12.98","Tue 11/17/2015-20:22:41.83",1447765152,1447766561,19161,1447765155,1447766607,-3,46,1409,1452,43
"blast500k_test_pub_fileFULL_gr_875","IS24T-06XX271-DT","Tue 11/17/2015-19:51:24.57","Tue 11/17/2015-20:04:52.32",1447764684,1447765492,19162,1447764661,1447765510,23,18,808,849,41
"blast500k_test_pub_fileFULL_gr_876","IS24T-06XX262-DT","Tue 11/17/2015-19:47:16.36","Tue 11/17/2015-20:17:04.01",1447764436,1447766224,19163,1447764415,1447766245,21,21,1788,1830,42
"blast500k_test_pub_fileFULL_gr_877","IS24T-06XX265-DT","Tue 11/17/2015-19:49:11.94","Tue 11/17/2015-20:05:40.10",1447764551,1447765540,19164,1447764527,1447765558,24,18,989,1031,42
"blast500k_test_pub_fileFULL_gr_878","IS24T-06XX294-DT","Tue 11/17/2015-20:10:42.10","Tue 11/17/2015-20:29:41.63",1447765842,1447766981,19165,1447765829,1447767011,13,30,1139,1182,43
"blast500k_test_pub_fileFULL_gr_879","IS24T-06XX261-DT","Tue 11/17/2015-20:24:39.47","Tue 11/17/2015-20:41:14.93",1447766679,1447767674,19166,1447766653,1447767687,26,13,995,1034,39
"blast500k_test_pub_fileFULL_gr_88","IS24T-06XX292-DT","Tue 11/17/2015-18:17:12.82","Tue 11/17/2015-18:24:28.08",1447759032,1447759468,18375,1447759068,1447759552,-36,84,436,484,48
"blast500k_test_pub_fileFULL_gr_880","IS24T-06XX269-DT","Tue 11/17/2015-19:51:58.62","Tue 11/17/2015-20:11:55.42",1447764718,1447765915,19167,1447764709,1447765942,9,27,1197,1233,36
"blast500k_test_pub_fileFULL_gr_881","IS24T-06XX254-DT","Tue 11/17/2015-20:16:12.80","Tue 11/17/2015-20:30:58.57",1447766172,1447767058,19168,1447766142,1447767074,30,16,886,932,46
"blast500k_test_pub_fileFULL_gr_882","IS24T-06XX258-DT","Tue 11/17/2015-19:45:55.06","Tue 11/17/2015-19:58:32.29",1447764355,1447765112,19169,1447764345,1447765131,10,19,757,786,29
"blast500k_test_pub_fileFULL_gr_883","IS24T-06XX252-DT","Tue 11/17/2015-20:03:24.76","Tue 11/17/2015-20:15:53.03",1447765404,1447766153,19170,1447765381,1447766171,23,18,749,790,41
"blast500k_test_pub_fileFULL_gr_884","IS24T-06XX285-DT","Tue 11/17/2015-20:05:55.66","Tue 11/17/2015-20:23:32.68",1447765555,1447766612,19171,1447765540,1447766639,15,27,1057,1099,42
"blast500k_test_pub_fileFULL_gr_885","IS24T-06XX288-DT","Tue 11/17/2015-19:59:09.46","Tue 11/17/2015-20:22:54.18",1447765149,1447766574,19172,1447765122,1447766587,27,13,1425,1465,40
"blast500k_test_pub_fileFULL_gr_886","IS24T-06XX295-DT","Tue 11/17/2015-20:30:24.33","Tue 11/17/2015-20:50:28.50",1447767024,1447768228,19173,1447767043,1447768287,-19,59,1204,1244,40
"blast500k_test_pub_fileFULL_gr_887","IS24T-06XX257-DT","Tue 11/17/2015-19:48:28.31","Tue 11/17/2015-20:10:32.46",1447764508,1447765832,19174,1447764495,1447765847,13,15,1324,1352,28
"blast500k_test_pub_fileFULL_gr_888","IS24T-06XX287-DT","Tue 11/17/2015-20:24:54.75","Tue 11/17/2015-20:34:07.87",1447766694,1447767247,19175,1447766691,1447767278,3,31,553,587,34
"blast500k_test_pub_fileFULL_gr_889","IS24T-06XX297-DT","Tue 11/17/2015-20:00:00.07","Tue 11/17/2015-20:31:17.73",1447765200,1447767077,19176,1447765183,1447767111,17,34,1877,1928,51
"blast500k_test_pub_fileFULL_gr_89","IS24T-06XX297-DT","Tue 11/17/2015-17:41:35.12","Tue 11/17/2015-17:59:59.23",1447756895,1447757999,18376,1447756868,1447758030,27,31,1104,1162,58
"blast500k_test_pub_fileFULL_gr_890","IS24T-06XX261-DT","Tue 11/17/2015-19:56:46.90","Tue 11/17/2015-20:24:07.21",1447765006,1447766647,19177,1447764981,1447766666,25,19,1641,1685,44
"blast500k_test_pub_fileFULL_gr_891","IS24T-06XX253-DT","Tue 11/17/2015-21:32:51.92","Tue 11/17/2015-21:52:49.46",1447770771,1447771969,19178,1447770758,1447771985,13,16,1198,1227,29
"blast500k_test_pub_fileFULL_gr_892","IS24T-06XX271-DT","Tue 11/17/2015-19:59:39.58","Tue 11/17/2015-20:24:52.72",1447765179,1447766692,19179,1447765157,1447766702,22,10,1513,1545,32
"blast500k_test_pub_fileFULL_gr_893","IS24T-06XX299-DT","Tue 11/17/2015-20:44:47.03","Tue 11/17/2015-21:01:03.68",1447767887,1447768863,19180,1447767905,1447768919,-18,56,976,1014,38
"blast500k_test_pub_fileFULL_gr_894","IS24T-06XX295-DT","Tue 11/17/2015-20:01:44.54","Tue 11/17/2015-20:17:02.57",1447765304,1447766222,19181,1447765324,1447766282,-20,60,918,958,40
"blast500k_test_pub_fileFULL_gr_895","IS24T-06XX274-DT","Tue 11/17/2015-20:12:11.15","Tue 11/17/2015-20:26:30.86",1447765931,1447766790,19182,1447765905,1447766807,26,17,859,902,43
"blast500k_test_pub_fileFULL_gr_896","IS24T-06XX269-DT","Tue 11/17/2015-20:12:51.94","Tue 11/17/2015-20:26:29.22",1447765971,1447766789,19183,1447765954,1447766817,17,28,818,863,45
"blast500k_test_pub_fileFULL_gr_897","IS24T-06XX274-DT","Tue 11/17/2015-21:24:11.93","Tue 11/17/2015-21:42:17.20",1447770251,1447771337,19184,1447770230,1447771355,21,18,1086,1125,39
"blast500k_test_pub_fileFULL_gr_898","IS24T-06XX299-DT","Tue 11/17/2015-20:07:36.67","Tue 11/17/2015-20:17:02.49",1447765656,1447766222,19185,1447765669,1447766275,-13,53,566,606,40
"blast500k_test_pub_fileFULL_gr_899","IS24T-06XX292-DT","Tue 11/17/2015-19:53:18.87","Tue 11/17/2015-20:14:05.09",1447764798,1447766045,19186,1447764840,1447766119,-42,74,1247,1279,32
"blast500k_test_pub_fileFULL_gr_9","IS24T-06XX296-DT","Tue 11/17/2015-17:41:34.36","Tue 11/17/2015-17:57:35.15",1447756894,1447757855,18296,1447756859,1447757882,35,27,961,1023,62
"blast500k_test_pub_fileFULL_gr_90","IS24T-06XX293-DT","Tue 11/17/2015-17:57:56.79","Tue 11/17/2015-18:14:27.89",1447757876,1447758867,18377,1447757881,1447758893,-5,26,991,1012,21
"blast500k_test_pub_fileFULL_gr_900","IS24T-06XX256-DT","Tue 11/17/2015-19:54:49.65","Tue 11/17/2015-20:08:36.10",1447764889,1447765716,19187,1447764866,1447765734,23,18,827,868,41
"blast500k_test_pub_fileFULL_gr_901","IS24T-06XX268-DT","Tue 11/17/2015-19:49:08.65","Tue 11/17/2015-20:10:03.24",1447764548,1447765803,19188,1447764526,1447765821,22,18,1255,1295,40
"blast500k_test_pub_fileFULL_gr_902","IS24T-06XX257-DT","Tue 11/17/2015-20:02:36.01","Tue 11/17/2015-20:20:20.35",1447765356,1447766420,19189,1447765333,1447766434,23,14,1064,1101,37
"blast500k_test_pub_fileFULL_gr_903","IS24T-06XX254-DT","Tue 11/17/2015-19:56:37.75","Tue 11/17/2015-20:33:24.49",1447764997,1447767204,19190,1447764949,1447767223,48,19,2207,2274,67
"blast500k_test_pub_fileFULL_gr_904","IS24T-06XX263-DT","Tue 11/17/2015-19:51:49.99","Tue 11/17/2015-20:09:13.30",1447764709,1447765753,19191,1447764685,1447765769,24,16,1044,1084,40
"blast500k_test_pub_fileFULL_gr_905","IS24T-06XX256-DT","Tue 11/17/2015-20:30:02.36","Tue 11/17/2015-20:42:01.19",1447767002,1447767721,19192,1447766976,1447767736,26,15,719,760,41
"blast500k_test_pub_fileFULL_gr_906","IS24T-06XX274-DT","Tue 11/17/2015-19:55:15.92","Tue 11/17/2015-20:11:40.02",1447764915,1447765900,19193,1447764891,1447765917,24,17,985,1026,41
"blast500k_test_pub_fileFULL_gr_907","IS24T-06XX292-DT","Tue 11/17/2015-20:14:25.10","Tue 11/17/2015-20:30:59.52",1447766065,1447767059,19194,1447766119,1447767143,-54,84,994,1024,30
"blast500k_test_pub_fileFULL_gr_908","IS24T-06XX265-DT","Tue 11/17/2015-20:06:16.55","Tue 11/17/2015-20:18:06.14",1447765576,1447766286,19195,1447765547,1447766301,29,15,710,754,44
"blast500k_test_pub_fileFULL_gr_909","IS24T-06XX291-DT","Tue 11/17/2015-20:00:21.52","Tue 11/17/2015-20:21:17.05",1447765221,1447766477,19196,1447765221,1447766503,0,26,1256,1282,26
"blast500k_test_pub_fileFULL_gr_91","IS24T-06XX289-DT","Tue 11/17/2015-18:03:43.01","Tue 11/17/2015-18:15:04.74",1447758223,1447758904,18378,1447758226,1447758939,-3,35,681,713,32
"blast500k_test_pub_fileFULL_gr_910","IS24T-06XX287-DT","Tue 11/17/2015-20:25:13.22","Tue 11/17/2015-20:35:30.70",1447766713,1447767330,19197,1447766716,1447767364,-3,34,617,648,31
"blast500k_test_pub_fileFULL_gr_911","IS24T-06XX299-DT","Tue 11/17/2015-19:53:45.66","Tue 11/17/2015-20:10:48.13",1447764825,1447765848,19198,1447764852,1447765892,-27,44,1023,1040,17
"blast500k_test_pub_fileFULL_gr_912","IS24T-06XX288-DT","Tue 11/17/2015-19:56:38.33","Tue 11/17/2015-20:18:03.39",1447764998,1447766283,19199,1447764959,1447766294,39,11,1285,1335,50
"blast500k_test_pub_fileFULL_gr_913","IS24T-06XX300-DT","Tue 11/17/2015-19:56:42.36","Tue 11/17/2015-20:06:56.02",1447765002,1447765616,19200,1447764985,1447765642,17,26,614,657,43
"blast500k_test_pub_fileFULL_gr_914","IS24T-06XX256-DT","Tue 11/17/2015-20:09:04.90","Tue 11/17/2015-20:29:34.56",1447765744,1447766974,19201,1447765723,1447766988,21,14,1230,1265,35
"blast500k_test_pub_fileFULL_gr_915","IS24T-06XX255-DT","Tue 11/17/2015-20:02:58.21","Tue 11/17/2015-20:21:00.34",1447765378,1447766460,19202,1447765351,1447766477,27,17,1082,1126,44
"blast500k_test_pub_fileFULL_gr_916","IS24T-06XX254-DT","Tue 11/17/2015-20:20:59.90","Tue 11/17/2015-20:37:03.52",1447766459,1447767423,19203,1447766430,1447767441,29,18,964,1011,47
"blast500k_test_pub_fileFULL_gr_917","IS24T-06XX253-DT","Tue 11/17/2015-20:03:05.66","Tue 11/17/2015-20:15:33.11",1447765385,1447766133,19204,1447765373,1447766149,12,16,748,776,28
"blast500k_test_pub_fileFULL_gr_918","IS24T-06XX297-DT","Tue 11/17/2015-20:11:53.47","Tue 11/17/2015-20:30:26.75",1447765913,1447767026,19205,1447765883,1447767060,30,34,1113,1177,64
"blast500k_test_pub_fileFULL_gr_919","IS24T-06XX279-DT","Tue 11/17/2015-19:52:14.29","Tue 11/17/2015-20:05:54.27",1447764734,1447765554,19206,1447764738,1447765598,-4,44,820,860,40
"blast500k_test_pub_fileFULL_gr_92","IS24T-06XX253-DT","Tue 11/17/2015-17:42:22.45","Tue 11/17/2015-18:01:19.67",1447756942,1447758079,18379,1447756897,1447758093,45,14,1137,1196,59
"blast500k_test_pub_fileFULL_gr_920","IS24T-06XX209-DT","Tue 11/17/2015-19:58:31.88","Tue 11/17/2015-20:14:00.07",1447765111,1447766040,19207,1447765131,1447766109,-20,69,929,978,49
"blast500k_test_pub_fileFULL_gr_921","IS24T-06XX276-DT","Tue 11/17/2015-20:58:57.36","Tue 11/17/2015-21:09:08.71",1447768737,1447769348,19208,1447768726,1447769363,11,15,611,637,26
"blast500k_test_pub_fileFULL_gr_922","IS24T-06XX264-DT","Tue 11/17/2015-20:31:36.48","Tue 11/17/2015-20:55:40.40",1447767096,1447768540,19209,1447767068,1447768552,28,12,1444,1484,40
"blast500k_test_pub_fileFULL_gr_923","IS24T-06XX299-DT","Tue 11/17/2015-20:26:25.48","Tue 11/17/2015-20:44:23.45",1447766785,1447767863,19210,1447766798,1447767917,-13,54,1078,1119,41
"blast500k_test_pub_fileFULL_gr_924","IS24T-06XX289-DT","Tue 11/17/2015-20:02:59.73","Tue 11/17/2015-20:19:04.35",1447765379,1447766344,19211,1447765382,1447766377,-3,33,965,995,30
"blast500k_test_pub_fileFULL_gr_925","IS24T-06XX273-DT","Tue 11/17/2015-20:44:52.67","Tue 11/17/2015-21:01:55.97",1447767892,1447768915,19212,1447767874,1447768934,18,19,1023,1060,37
"blast500k_test_pub_fileFULL_gr_926","IS24T-06XX255-DT","Tue 11/17/2015-20:05:01.27","Tue 11/17/2015-20:22:49.55",1447765501,1447766569,19213,1447765477,1447766585,24,16,1068,1108,40
"blast500k_test_pub_fileFULL_gr_927","IS24T-06XX282-DT","Tue 11/17/2015-19:59:19.35","Tue 11/17/2015-20:16:05.73",1447765159,1447766165,19214,1447765142,1447766191,17,26,1006,1049,43
"blast500k_test_pub_fileFULL_gr_928","IS24T-06XX276-DT","Tue 11/17/2015-20:00:28.92","Tue 11/17/2015-20:12:49.23",1447765228,1447765969,19215,1447765206,1447765985,22,16,741,779,38
"blast500k_test_pub_fileFULL_gr_929","IS24T-06XX281-DT","Tue 11/17/2015-19:54:42.58","Tue 11/17/2015-20:06:46.89",1447764882,1447765606,19216,1447764864,1447765633,18,27,724,769,45
"blast500k_test_pub_fileFULL_gr_93","IS24T-06XX289-DT","Tue 11/17/2015-17:57:25.57","Tue 11/17/2015-18:18:14.18",1447757845,1447759094,18380,1447757845,1447759123,0,29,1249,1278,29
"blast500k_test_pub_fileFULL_gr_930","IS24T-06XX268-DT","Tue 11/17/2015-20:10:58.56","Tue 11/17/2015-20:25:26.76",1447765858,1447766726,19217,1447765833,1447766744,25,18,868,911,43
"blast500k_test_pub_fileFULL_gr_931","IS24T-06XX298-DT","Tue 11/17/2015-19:55:18.82","Tue 11/17/2015-20:16:55.95",1447764918,1447766215,19218,1447764946,1447766287,-28,72,1297,1341,44
"blast500k_test_pub_fileFULL_gr_932","IS24T-06XX300-DT","Tue 11/17/2015-20:08:59.37","Tue 11/17/2015-20:16:40.62",1447765739,1447766200,19219,1447765738,1447766225,1,25,461,487,26
"blast500k_test_pub_fileFULL_gr_933","IS24T-06XX258-DT","Tue 11/17/2015-20:00:27.42","Tue 11/17/2015-20:15:43.16",1447765227,1447766143,19220,1447765215,1447766159,12,16,916,944,28
"blast500k_test_pub_fileFULL_gr_934","IS24T-06XX297-DT","Tue 11/17/2015-20:38:28.05","Tue 11/17/2015-20:54:49.25",1447767508,1447768489,19221,1447767495,1447768514,13,25,981,1019,38
"blast500k_test_pub_fileFULL_gr_935","IS24T-06XX284-DT","Tue 11/17/2015-20:06:09.54","Tue 11/17/2015-20:49:51.18",1447765569,1447768191,19222,1447765571,1447768252,-2,61,2622,2681,59
"blast500k_test_pub_fileFULL_gr_936","IS24T-06XX263-DT","Tue 11/17/2015-20:24:11.92","Tue 11/17/2015-20:38:12.57",1447766651,1447767492,19223,1447766625,1447767506,26,14,841,881,40
"blast500k_test_pub_fileFULL_gr_937","IS24T-06XX253-DT","Tue 11/17/2015-20:15:48.26","Tue 11/17/2015-20:29:57.24",1447766148,1447766997,19224,1447766137,1447767010,11,13,849,873,24
"blast500k_test_pub_fileFULL_gr_938","IS24T-06XX262-DT","Tue 11/17/2015-19:57:05.22","Tue 11/17/2015-20:14:54.07",1447765025,1447766094,19225,1447765001,1447766119,24,25,1069,1118,49
"blast500k_test_pub_fileFULL_gr_939","IS24T-06XX262-DT","Tue 11/17/2015-20:17:30.33","Tue 11/17/2015-20:39:42.70",1447766250,1447767582,19226,1447766245,1447767612,5,30,1332,1367,35
"blast500k_test_pub_fileFULL_gr_94","IS24T-06XX260-DT","Tue 11/17/2015-17:57:34.49","Tue 11/17/2015-18:07:13.01",1447757854,1447758433,18381,1447757834,1447758452,20,19,579,618,39
"blast500k_test_pub_fileFULL_gr_940","IS24T-06XX288-DT","Tue 11/17/2015-20:18:43.14","Tue 11/17/2015-20:42:41.61",1447766323,1447767761,19227,1447766282,1447767776,41,15,1438,1494,56
"blast500k_test_pub_fileFULL_gr_941","IS24T-06XX285-DT","Tue 11/17/2015-20:06:11.61","Tue 11/17/2015-20:21:30.32",1447765571,1447766490,19228,1447765565,1447766516,6,26,919,951,32
"blast500k_test_pub_fileFULL_gr_942","IS24T-06XX209-DT","Tue 11/17/2015-20:08:27.46","Tue 11/17/2015-20:31:10.48",1447765707,1447767070,19229,1447765720,1447767142,-13,72,1363,1422,59
"blast500k_test_pub_fileFULL_gr_943","IS24T-06XX275-DT","Tue 11/17/2015-20:03:54.31","Tue 11/17/2015-20:14:05.50",1447765434,1447766045,19230,1447765432,1447766076,2,31,611,644,33
"blast500k_test_pub_fileFULL_gr_944","IS24T-06XX280-DT","Tue 11/17/2015-20:28:46.00","Tue 11/17/2015-20:53:15.35",1447766926,1447768395,19231,1447767069,1447768578,-143,183,1469,1509,40
"blast500k_test_pub_fileFULL_gr_945","IS24T-06XX273-DT","Tue 11/17/2015-19:59:48.16","Tue 11/17/2015-20:20:26.95",1447765188,1447766426,19232,1447765177,1447766442,11,16,1238,1265,27
"blast500k_test_pub_fileFULL_gr_946","IS24T-06XX291-DT","Tue 11/17/2015-19:57:10.43","Tue 11/17/2015-20:17:15.31",1447765030,1447766235,19233,1447765014,1447766259,16,24,1205,1245,40
"blast500k_test_pub_fileFULL_gr_947","IS24T-06XX278-DT","Tue 11/17/2015-19:57:31.65","Tue 11/17/2015-20:12:43.46",1447765051,1447765963,19234,1447765044,1447765995,7,32,912,951,39
"blast500k_test_pub_fileFULL_gr_948","IS24T-06XX298-DT","Tue 11/17/2015-20:07:21.23","Tue 11/17/2015-20:19:54.58",1447765641,1447766394,19235,1447765671,1447766457,-30,63,753,786,33
"blast500k_test_pub_fileFULL_gr_949","IS24T-06XX269-DT","Tue 11/17/2015-20:26:57.68","Tue 11/17/2015-20:39:48.12",1447766817,1447767588,19236,1447766806,1447767616,11,28,771,810,39
"blast500k_test_pub_fileFULL_gr_95","IS24T-06XX280-DT","Tue 11/17/2015-17:43:20.69","Tue 11/17/2015-18:04:09.07",1447757000,1447758249,18382,1447757135,1447758422,-135,173,1249,1287,38
"blast500k_test_pub_fileFULL_gr_950","IS24T-06XX267-DT","Tue 11/17/2015-20:01:41.72","Tue 11/17/2015-20:09:52.49",1447765301,1447765792,19237,1447765277,1447765810,24,18,491,533,42
"blast500k_test_pub_fileFULL_gr_951","IS24T-06XX269-DT","Tue 11/17/2015-20:12:51.90","Tue 11/17/2015-20:30:10.77",1447765971,1447767010,19238,1447765942,1447767044,29,34,1039,1102,63
"blast500k_test_pub_fileFULL_gr_952","IS24T-06XX252-DT","Tue 11/17/2015-20:09:26.77","Tue 11/17/2015-20:30:50.02",1447765766,1447767050,19239,1447765742,1447767065,24,15,1284,1323,39
"blast500k_test_pub_fileFULL_gr_953","IS24T-06XX263-DT","Tue 11/17/2015-20:08:01.56","Tue 11/17/2015-20:27:05.80",1447765681,1447766825,19240,1447765658,1447766844,23,19,1144,1186,42
"blast500k_test_pub_fileFULL_gr_954","IS24T-06XX280-DT","Tue 11/17/2015-20:09:37.67","Tue 11/17/2015-20:28:19.49",1447765777,1447766899,19241,1447765915,1447767082,-138,183,1122,1167,45
"blast500k_test_pub_fileFULL_gr_955","IS24T-06XX271-DT","Tue 11/17/2015-20:05:32.46","Tue 11/17/2015-20:24:39.60",1447765532,1447766679,19242,1447765510,1447766690,22,11,1147,1180,33
"blast500k_test_pub_fileFULL_gr_956","IS24T-06XX284-DT","Tue 11/17/2015-20:19:15.80","Tue 11/17/2015-20:52:58.41",1447766355,1447768378,19243,1447766365,1447768439,-10,61,2023,2074,51
"blast500k_test_pub_fileFULL_gr_957","IS24T-06XX278-DT","Tue 11/17/2015-20:19:18.62","Tue 11/17/2015-20:38:23.75",1447766358,1447767503,19244,1447766345,1447767539,13,36,1145,1194,49
"blast500k_test_pub_fileFULL_gr_958","IS24T-06XX293-DT","Tue 11/17/2015-20:03:27.34","Tue 11/17/2015-20:19:57.89",1447765407,1447766397,19245,1447765413,1447766434,-6,37,990,1021,31
"blast500k_test_pub_fileFULL_gr_959","IS24T-06XX287-DT","Tue 11/17/2015-20:01:22.05","Tue 11/17/2015-20:24:35.85",1447765282,1447766675,19246,1447765279,1447766704,3,29,1393,1425,32
"blast500k_test_pub_fileFULL_gr_96","IS24T-06XX261-DT","Tue 11/17/2015-18:12:05.48","Tue 11/17/2015-18:23:49.35",1447758725,1447759429,18383,1447758707,1447759447,18,18,704,740,36
"blast500k_test_pub_fileFULL_gr_960","IS24T-06XX264-DT","Tue 11/17/2015-20:08:58.32","Tue 11/17/2015-20:31:04.38",1447765738,1447767064,19247,1447765714,1447767080,24,16,1326,1366,40
"blast500k_test_pub_fileFULL_gr_961","IS24T-06XX277-DT","Tue 11/17/2015-20:28:44.96","Tue 11/17/2015-20:42:23.15",1447766924,1447767743,19248,1447766898,1447767758,26,15,819,860,41
"blast500k_test_pub_fileFULL_gr_962","IS24T-06XX252-DT","Tue 11/17/2015-20:16:24.19","Tue 11/17/2015-20:37:08.45",1447766184,1447767428,19249,1447766158,1447767447,26,19,1244,1289,45
"blast500k_test_pub_fileFULL_gr_963","IS24T-06XX283-DT","Tue 11/17/2015-20:12:29.92","Tue 11/17/2015-20:28:07.08",1447765949,1447766887,19250,1447765938,1447766916,11,29,938,978,40
"blast500k_test_pub_fileFULL_gr_964","IS24T-06XX260-DT","Tue 11/17/2015-20:28:36.73","Tue 11/17/2015-20:39:29.39",1447766916,1447767569,19251,1447766894,1447767576,22,7,653,682,29
"blast500k_test_pub_fileFULL_gr_965","IS24T-06XX278-DT","Tue 11/17/2015-20:05:21.45","Tue 11/17/2015-20:18:45.84",1447765521,1447766325,19252,1447765512,1447766357,9,32,804,845,41
"blast500k_test_pub_fileFULL_gr_966","IS24T-06XX258-DT","Tue 11/17/2015-20:11:13.09","Tue 11/17/2015-20:30:09.63",1447765873,1447767009,19253,1447765851,1447767024,22,15,1136,1173,37
"blast500k_test_pub_fileFULL_gr_967","IS24T-06XX284-DT","Tue 11/17/2015-20:30:21.49","Tue 11/17/2015-20:55:00.01",1447767021,1447768500,19254,1447767030,1447768561,-9,61,1479,1531,52
"blast500k_test_pub_fileFULL_gr_968","IS24T-06XX272-DT","Tue 11/17/2015-20:16:23.77","Tue 11/17/2015-20:33:22.08",1447766183,1447767202,19255,1447766161,1447767220,22,18,1019,1059,40
"blast500k_test_pub_fileFULL_gr_969","IS24T-06XX259-DT","Tue 11/17/2015-20:10:47.32","Tue 11/17/2015-20:22:09.93",1447765847,1447766529,19256,1447765823,1447766548,24,19,682,725,43
"blast500k_test_pub_fileFULL_gr_97","IS24T-06XX282-DT","Tue 11/17/2015-17:45:48.24","Tue 11/17/2015-17:57:23.06",1447757148,1447757843,18384,1447757113,1447757867,35,24,695,754,59
"blast500k_test_pub_fileFULL_gr_970","IS24T-06XX286-DT","Tue 11/17/2015-20:29:54.16","Tue 11/17/2015-20:52:06.83",1447766994,1447768326,19257,1447766993,1447768359,1,33,1332,1366,34
"blast500k_test_pub_fileFULL_gr_971","IS24T-06XX209-DT","Tue 11/17/2015-20:09:37.04","Tue 11/17/2015-20:30:30.07",1447765777,1447767030,19258,1447765794,1447767096,-17,66,1253,1302,49
"blast500k_test_pub_fileFULL_gr_972","IS24T-06XX286-DT","Tue 11/17/2015-20:09:45.71","Tue 11/17/2015-20:29:15.01",1447765785,1447766955,19259,1447765773,1447766982,12,27,1170,1209,39
"blast500k_test_pub_fileFULL_gr_973","IS24T-06XX264-DT","Tue 11/17/2015-20:07:05.79","Tue 11/17/2015-20:35:38.45",1447765625,1447767338,19260,1447765597,1447767352,28,14,1713,1755,42
"blast500k_test_pub_fileFULL_gr_974","IS24T-06XX300-DT","Tue 11/17/2015-20:07:26.60","Tue 11/17/2015-20:21:37.71",1447765646,1447766497,19261,1447765630,1447766524,16,27,851,894,43
"blast500k_test_pub_fileFULL_gr_975","IS24T-06XX259-DT","Tue 11/17/2015-20:03:30.38","Tue 11/17/2015-20:19:16.94",1447765410,1447766356,19262,1447765386,1447766373,24,17,946,987,41
"blast500k_test_pub_fileFULL_gr_976","IS24T-06XX296-DT","Tue 11/17/2015-20:05:26.43","Tue 11/17/2015-20:18:17.20",1447765526,1447766297,19263,1447765514,1447766323,12,26,771,809,38
"blast500k_test_pub_fileFULL_gr_977","IS24T-06XX256-DT","Tue 11/17/2015-20:04:55.95","Tue 11/17/2015-20:21:03.98",1447765495,1447766463,19264,1447765472,1447766480,23,17,968,1008,40
"blast500k_test_pub_fileFULL_gr_978","IS24T-06XX264-DT","Tue 11/17/2015-20:05:13.43","Tue 11/17/2015-20:27:10.25",1447765513,1447766830,19265,1447765479,1447766844,34,14,1317,1365,48
"blast500k_test_pub_fileFULL_gr_979","IS24T-06XX261-DT","Tue 11/17/2015-20:05:22.98","Tue 11/17/2015-20:17:44.51",1447765522,1447766264,19266,1447765502,1447766282,20,18,742,780,38
"blast500k_test_pub_fileFULL_gr_98","IS24T-06XX255-DT","Tue 11/17/2015-17:40:37.82","Tue 11/17/2015-17:57:42.46",1447756837,1447757862,18385,1447756749,1447757877,88,15,1025,1128,103
"blast500k_test_pub_fileFULL_gr_980","IS24T-06XX258-DT","Tue 11/17/2015-20:29:16.25","Tue 11/17/2015-20:49:30.17",1447766956,1447768170,19267,1447766931,1447768177,25,7,1214,1246,32
"blast500k_test_pub_fileFULL_gr_981","IS24T-06XX266-DT","Tue 11/17/2015-20:32:47.58","Tue 11/17/2015-20:49:43.58",1447767167,1447768183,19268,1447767145,1447768202,22,19,1016,1057,41
"blast500k_test_pub_fileFULL_gr_982","IS24T-06XX293-DT","Tue 11/17/2015-20:11:38.07","Tue 11/17/2015-20:31:34.87",1447765898,1447767094,19269,1447765891,1447767129,7,35,1196,1238,42
"blast500k_test_pub_fileFULL_gr_983","IS24T-06XX261-DT","Tue 11/17/2015-20:18:15.34","Tue 11/17/2015-20:40:55.10",1447766295,1447767655,19270,1447766271,1447767674,24,19,1360,1403,43
"blast500k_test_pub_fileFULL_gr_984","IS24T-06XX209-DT","Tue 11/17/2015-20:16:53.45","Tue 11/17/2015-20:49:21.82",1447766213,1447768161,19271,1447766235,1447768231,-22,70,1948,1996,48
"blast500k_test_pub_fileFULL_gr_985","IS24T-06XX277-DT","Tue 11/17/2015-21:04:23.25","Tue 11/17/2015-21:17:15.64",1447769063,1447769835,19272,1447769037,1447769851,26,16,772,814,42
"blast500k_test_pub_fileFULL_gr_986","IS24T-06XX276-DT","Tue 11/17/2015-20:09:01.61","Tue 11/17/2015-20:19:52.53",1447765741,1447766392,19273,1447765718,1447766411,23,19,651,693,42
"blast500k_test_pub_fileFULL_gr_987","IS24T-06XX257-DT","Tue 11/17/2015-20:10:59.65","Tue 11/17/2015-20:28:34.45",1447765859,1447766914,19274,1447765835,1447766932,24,18,1055,1097,42
"blast500k_test_pub_fileFULL_gr_988","IS24T-06XX269-DT","Tue 11/17/2015-20:30:37.44","Tue 11/17/2015-20:44:53.43",1447767037,1447767893,19275,1447767031,1447767923,6,30,856,892,36
"blast500k_test_pub_fileFULL_gr_989","IS24T-06XX253-DT","Tue 11/17/2015-20:30:16.24","Tue 11/17/2015-20:43:34.35",1447767016,1447767814,19276,1447766999,1447767832,17,18,798,833,35
"blast500k_test_pub_fileFULL_gr_99","IS24T-06XX276-DT","Tue 11/17/2015-18:22:53.96","Tue 11/17/2015-18:39:47.78",1447759373,1447760387,18386,1447759352,1447760406,21,19,1014,1054,40
"blast500k_test_pub_fileFULL_gr_990","IS24T-06XX263-DT","Tue 11/17/2015-21:16:21.23","Tue 11/17/2015-21:28:25.34",1447769781,1447770505,19277,1447769754,1447770520,27,15,724,766,42
"blast500k_test_pub_fileFULL_gr_991","IS24T-06XX266-DT","Tue 11/17/2015-20:10:38.04","Tue 11/17/2015-20:26:45.68",1447765838,1447766805,19278,1447765818,1447766819,20,14,967,1001,34
"blast500k_test_pub_fileFULL_gr_992","IS24T-06XX275-DT","Tue 11/17/2015-20:08:31.97","Tue 11/17/2015-20:29:42.48",1447765711,1447766982,19279,1447765698,1447767010,13,28,1271,1312,41
"blast500k_test_pub_fileFULL_gr_993","IS24T-06XX279-DT","Tue 11/17/2015-20:06:35.45","Tue 11/17/2015-20:17:52.76",1447765595,1447766272,19280,1447765598,1447766316,-3,44,677,718,41
"blast500k_test_pub_fileFULL_gr_994","IS24T-06XX262-DT","Tue 11/17/2015-20:16:20.72","Tue 11/17/2015-20:37:32.46",1447766180,1447767452,19281,1447766163,1447767473,17,21,1272,1310,38
"blast500k_test_pub_fileFULL_gr_995","IS24T-06XX284-DT","Tue 11/17/2015-20:10:24.85","Tue 11/17/2015-20:29:39.89",1447765824,1447766979,19282,1447765840,1447767042,-16,63,1155,1202,47
"blast500k_test_pub_fileFULL_gr_996","IS24T-06XX285-DT","Tue 11/17/2015-20:22:21.66","Tue 11/17/2015-20:33:58.25",1447766541,1447767238,19283,1447766528,1447767266,13,28,697,738,41
"blast500k_test_pub_fileFULL_gr_997","IS24T-06XX288-DT","Tue 11/17/2015-20:08:50.48","Tue 11/17/2015-20:29:25.85",1447765730,1447766965,19284,1447765685,1447766979,45,14,1235,1294,59
"blast500k_test_pub_fileFULL_gr_998","IS24T-06XX277-DT","Tue 11/17/2015-20:08:37.78","Tue 11/17/2015-20:21:09.58",1447765717,1447766469,19285,1447765692,1447766487,25,18,752,795,43
"blast500k_test_pub_fileFULL_gr_999","IS24T-06XX267-DT","Tue 11/17/2015-20:10:42.75","Tue 11/17/2015-20:28:28.23",1447765842,1447766908,19286,1447765797,1447766925,45,17,1066,1128,62
